Root_Bone_Name Hips
Num_Keyframes 1
Num_Bones 28
Time_Wrapping_Mode LOOP
Time 0.0
Hips 1.0 0.0 0.0 4.4E-4 0.0 0.08087868 -0.9967239 -0.01031312 0.0 0.9967239 0.08087873 0.763022 0.0 0.0 0.0 1.0
Spine 1.0 0.0 0.0 0.0 0.0 0.9999999 -1.81049E-6 0.07950276 0.0 1.81049E-6 0.9999999 -7.45058E-9 0.0 0.0 0.0 1.0
Spine1 1.0 -2.74554E-10 -1.11208E-11 0.0 2.74554E-10 1.0 -1.3411E-7 0.09275299 1.11209E-11 1.49012E-7 1.0 0.0 0.0 0.0 0.0 1.0
Spine2 1.0 5.18604E-10 2.10034E-11 0.0 -5.18604E-10 1.0 -6.73532E-6 0.106004 -2.10069E-11 6.74278E-6 1.0 7.45058E-9 0.0 0.0 0.0 1.0
Neck 1.0 -1.60214E-10 4.69181E-11 0.0 2.0763E-10 0.9566711 -0.2911711 0.1192533 -1.20043E-12 0.2911711 0.9566709 -7.45058E-9 0.0 0.0 0.0 1.0
Head 1.0 -2.19012E-11 -9.14424E-13 2.91038E-11 2.99856E-11 0.9999999 -4.02331E-7 0.06261182 0.0 4.17233E-7 0.9999999 0.0 0.0 0.0 0.0 1.0
LeftShoulder -0.04543559 0.9154787 -0.399793 0.07009804 -0.001274884 -0.4002591 -0.9164013 0.0870105 -0.9989665 -0.04112744 0.01935314 -0.003299668 0.0 0.0 0.0 1.0
LeftArm 0.9968701 -0.07637581 -0.02040889 -7.45058E-9 0.07905562 0.9631119 0.2572267 0.1578779 1.01402E-5 -0.2580351 0.9661354 0.0 0.0 0.0 0.0 1.0
LeftForeArm 0.9988613 0.04727242 0.006441742 -1.49012E-8 -0.04770931 0.989722 0.1348124 0.1833186 -2.61515E-6 -0.1349663 0.9908503 0.0 0.0 0.0 0.0 1.0
LeftHand 0.9576017 -0.2877118 -0.01486907 -7.45058E-9 0.2880957 0.9563255 0.04942183 0.2913453 4.39584E-7 -0.05161013 0.9986674 -1.19209E-7 0.0 0.0 0.0 1.0
LeftHandIndex1 0.9812959 0.192486 0.002739638 7.45058E-9 -0.1925055 0.9811966 0.01395819 0.2044828 -1.35601E-6 -0.01422451 0.999899 0.0 0.0 0.0 0.0 1.0
LeftHandIndex2 0.9828898 0.1333349 -0.1270809 -7.45058E-9 -0.1489573 0.9812158 -0.1225856 0.03505999 0.1083489 0.1394177 0.9842882 0.0 0.0 0.0 0.0 1.0
LeftHandIndex3 1.0 -2.70084E-7 -7.45058E-8 2.98023E-8 2.45869E-7 0.9999999 1.60933E-6 0.05114186 4.47035E-8 -1.63168E-6 1.0 0.0 0.0 0.0 0.0 1.0
RightShoulder -0.02654466 -0.9154756 0.4014969 -0.07009837 9.34623E-4 -0.401661 -0.915788 0.08690012 0.999647 -0.02393404 0.01151756 -0.001942053 0.0 0.0 0.0 1.0
RightArm 0.9993247 0.03545933 0.009633556 7.45058E-9 -0.03674466 0.9643676 0.2620018 0.1578782 1.19209E-7 -0.2621788 0.9650194 0.0 0.0 0.0 0.0 1.0
RightForeArm 0.9998965 -0.01426619 -0.001888588 -7.45058E-9 0.01439066 0.9912815 0.1309729 0.1831852 3.65078E-6 -0.1309865 0.9913841 0.0 0.0 0.0 0.0 1.0
RightHand 0.9698781 0.242537 0.02262897 -7.45058E-9 -0.2435904 0.9656845 0.09009606 0.2913013 -8.19564E-7 -0.09289438 0.995676 0.0 0.0 0.0 0.0 1.0
RightHandIndex1 0.9995352 0.03048172 8.72016E-5 0.0 -0.03048182 0.9995313 0.002841808 0.1850733 -5.36442E-7 -0.002843142 0.999996 0.0 0.0 0.0 0.0 1.0
RightHandIndex2 0.929261 -0.2675357 0.2547525 -2.23517E-8 0.2891622 0.9559268 -0.05088279 0.03432798 -0.2299118 0.1209482 0.9656666 0.0 0.0 0.0 0.0 1.0
RightHandIndex3 1.0 1.60187E-7 -1.78814E-7 2.98023E-8 -1.68569E-7 1.0 2.83122E-7 0.06089282 1.49012E-7 -2.94298E-7 1.0 -1.19209E-7 0.0 0.0 0.0 1.0
LeftUpLeg -0.9974566 0.07127331 -4.67896E-6 0.08101466 -0.07084978 -0.991535 -0.1088048 -0.04547966 -0.007758647 -0.1085279 0.9940625 0.01684237 0.0 0.0 0.0 1.0
LeftLeg 0.9974251 0.0715796 0.004414453 0.0 -0.07171559 0.9955424 0.06125966 0.3241042 -9.83285E-6 -0.0614185 0.9981121 -1.86265E-9 0.0 0.0 0.0 1.0
LeftFoot 0.9994909 -0.0279922 -0.01531176 7.45058E-9 -3.38722E-6 0.4798042 -0.8773755 0.2459373 0.03190633 0.876929 0.4795598 -3.72529E-9 0.0 0.0 0.0 1.0
LeftToeBase 0.9999697 5.08735E-8 -0.007778472 0.0 -4.84288E-8 1.0 0.0 0.2559953 0.007778474 0.0 0.9999698 -1.49012E-8 0.0 0.0 0.0 1.0
RightUpLeg -0.9974566 -0.07128257 -1.22488E-5 -0.08101501 0.07089793 -0.9920589 -0.1038868 -0.04535335 0.007394374 -0.1036232 0.99459 0.01527844 0.0 0.0 0.0 1.0
RightLeg 0.9974245 -0.07159875 -0.004249556 -1.49012E-8 0.07172474 0.9956485 0.05949459 0.3240623 -2.86729E-5 -0.05964617 0.9982196 -1.86265E-9 0.0 0.0 0.0 1.0
RightFoot 0.9994773 0.02817756 0.01585718 7.45058E-9 -1.61212E-6 0.4904762 -0.8714547 0.245796 -0.03233304 0.870999 0.4902198 2.79397E-9 0.0 0.0 0.0 1.0
RightToeBase 0.9999744 -5.96046E-8 0.007140012 0.0 5.84405E-8 1.0 2.98023E-8 0.2539147 -0.007140012 -5.96046E-8 0.9999745 2.98023E-8 0.0 0.0 0.0 1.0
