Root_Bone_Name Hips
Num_Keyframes 1
Num_Bones 34
Time_Wrapping_Mode LOOP
Time 0.0
Hips 1.0 0.0 0.0 0.0 0.0 0.1156729 -0.9932873 -0.01246916 0.0 0.9932873 0.1156729 0.954341 0.0 0.0 0.0 1.0
Spine 1.0 0.0 0.0 0.0 0.0 1.0 2.99513E-6 0.1205958 0.0 -2.99513E-6 1.0 0.0 0.0 0.0 0.0 1.0
Spine1 1.0 0.0 0.0 0.0 0.0 1.0 -1.49012E-8 0.1406959 0.0 0.0 1.0 7.45058E-9 0.0 0.0 0.0 1.0
Spine2 1.0 0.0 0.0 0.0 0.0 1.0 -3.05474E-7 0.160795 0.0 3.05474E-7 1.0 0.0 0.0 0.0 0.0 1.0
Neck 1.0 0.0 0.0 0.0 0.0 0.5860761 -0.8102559 0.180894 0.0 0.8102559 0.5860761 1.49012E-8 0.0 0.0 0.0 1.0
Head 1.0 0.0 0.0 0.0 0.0 0.9999999 -2.98023E-8 0.004660726 0.0 0.0 0.9999999 -1.19209E-7 0.0 0.0 0.0 1.0
LeftShoulder -0.01100405 0.9949385 -0.09988049 0.09950183 4.52831E-4 -0.09988156 -0.9949992 0.1716138 -0.9999394 -0.01099434 6.48566E-4 -0.001017839 0.0 0.0 0.0 1.0
LeftArm 0.9999968 -0.002492439 -1.17846E-4 -7.45058E-9 0.002495225 0.9988405 0.04807553 0.1994445 -2.10106E-6 -0.04807568 0.9988437 0.0 0.0 0.0 0.0 1.0
LeftForeArm 0.9999222 -0.01244955 -9.45121E-4 -1.49012E-8 0.01248538 0.9970536 0.07568562 0.2272247 9.68575E-8 -0.07569153 0.9971313 0.0 0.0 0.0 0.0 1.0
LeftHand 0.9937209 1.41747E-6 0.1118862 7.45058E-9 -3.73198E-7 1.0 -9.36538E-6 0.4452011 -0.1118863 9.25548E-6 0.9937209 0.0 0.0 0.0 0.0 1.0
LeftHandThumb1 0.8084503 -0.5458053 0.220238 -0.04604351 0.5843795 0.7889293 -0.1899763 0.06655657 -0.07006218 0.2822889 0.9567676 0.02381456 0.0 0.0 0.0 1.0
LeftHandThumb2 0.9729468 -0.1178387 0.1987173 5.96046E-8 0.1685325 0.9503472 -0.2616049 0.06748715 -0.1580231 0.288018 0.9444969 -1.19209E-7 0.0 0.0 0.0 1.0
LeftHandThumb3 0.9998952 9.83477E-7 0.01447172 0.0 -1.17719E-6 1.0 5.21541E-6 0.08400797 -0.01447169 -5.1558E-6 0.9998953 0.0 0.0 0.0 0.0 1.0
LeftHandIndex1 0.9859923 -0.1544477 0.06297142 -0.00633011 0.162711 0.9736849 -0.1595713 0.2101724 -0.0366689 0.1675822 0.985176 -0.008347631 0.0 0.0 0.0 1.0
LeftHandIndex2 0.9999963 0.001884986 -0.001968406 2.98023E-8 -0.001802453 0.9991528 0.04111309 0.07301217 0.002044205 -0.0411095 0.9991526 -1.19209E-7 0.0 0.0 0.0 1.0
LeftHandIndex3 0.999997 -2.21375E-6 0.002475344 0.0 2.19699E-6 0.9999999 -5.96046E-6 0.06653047 -0.002475314 6.10948E-6 0.999997 0.0 0.0 0.0 0.0 1.0
RightShoulder -0.01226508 -0.9949389 0.09973096 -0.0995013 -4.57764E-4 -0.09973287 -0.9950143 0.1716284 0.9999248 -0.01224943 7.67797E-4 -0.001143239 0.0 0.0 0.0 1.0
RightArm 0.9999322 0.01163256 5.53921E-4 0.0 -0.01164574 0.998827 0.04699944 0.1994459 -6.53416E-6 -0.04700271 0.9988948 -1.19209E-7 0.0 0.0 0.0 1.0
RightForeArm 0.9999907 -0.00426719 -3.37116E-4 0.0 0.004280484 0.9969717 0.07764794 0.2272259 4.73857E-6 -0.07764865 0.9969808 0.0 0.0 0.0 0.0 1.0
RightHand 0.9941815 -7.34814E-7 -0.1077164 0.0 -2.63564E-7 0.9999998 -9.24803E-6 0.4452148 0.1077164 9.23686E-6 0.9941816 -1.19209E-7 0.0 0.0 0.0 1.0
RightHandThumb1 0.7927695 0.5635878 -0.2321323 0.04649351 -0.6021399 0.78324 -0.1547981 0.06461573 0.09457301 0.2624953 0.9602874 0.02165377 0.0 0.0 0.0 1.0
RightHandThumb2 0.9718626 0.123146 -0.200794 5.96046E-8 -0.1785902 0.9410602 -0.2872473 0.0659948 0.153586 0.3150246 0.9365741 -1.19209E-7 0.0 0.0 0.0 1.0
RightHandThumb3 0.999916 -7.42078E-6 -0.01296277 0.0 7.31647E-6 1.0 -3.9041E-6 0.08341841 0.01296286 3.8147E-6 0.9999158 0.0 0.0 0.0 0.0 1.0
RightHandIndex1 0.9719073 0.21625 -0.09290923 0.009702384 -0.2265686 0.9665127 -0.1204973 0.2108901 0.0637404 0.1381626 0.9883562 -0.007209897 0.0 0.0 0.0 1.0
RightHandIndex2 0.9999973 0.001567408 -0.001730442 -2.98023E-8 -0.001569987 0.9999977 -0.001491182 0.07268959 0.001728091 0.001493827 0.9999974 0.0 0.0 0.0 0.0 1.0
RightHandIndex3 0.9999982 -2.16998E-6 0.001917019 -2.98023E-8 2.11876E-6 1.0 2.563E-6 0.06777465 -0.00191699 -2.5928E-6 0.9999982 -1.19209E-7 0.0 0.0 0.0 1.0
LeftUpLeg -0.9998962 0.01442223 -2.61977E-4 0.1332773 -0.01429746 -0.9933651 -0.1141171 -0.06641328 -0.001909912 -0.114098 0.9934829 -0.006717607 0.0 0.0 0.0 1.0
LeftLeg 0.9999982 -0.001894701 -4.90731E-5 1.49012E-8 0.001885909 0.9972697 -0.07381941 0.3772862 1.88805E-4 0.07381921 0.9972717 9.31323E-10 0.0 0.0 0.0 1.0
LeftFoot 0.9996433 0.02022258 0.01743842 0.0 2.92622E-6 0.6529678 -0.7573857 0.2817835 -0.02670302 0.7571156 0.6527349 -7.45058E-9 0.0 0.0 0.0 1.0
LeftToeBase 0.9996811 -5.55068E-7 -0.02525094 -1.49012E-8 5.15371E-7 1.0 -1.54972E-6 0.3798015 0.02525093 1.46031E-6 0.9996811 -2.98023E-8 0.0 0.0 0.0 1.0
RightUpLeg -0.9998955 -0.01442224 -1.49459E-4 -0.1332773 0.0143462 -0.993365 -0.1140955 -0.06643319 0.001490787 -0.1140915 0.9934444 -0.006551899 0.0 0.0 0.0 1.0
RightLeg 0.9999982 0.001864261 -3.25997E-4 0.0 -0.001883549 0.9971457 -0.07547793 0.3772857 1.84356E-4 0.07547841 0.9971475 0.0 0.0 0.0 0.0 1.0
RightFoot 0.9996463 -0.02016522 -0.0173363 1.49012E-8 -1.72853E-6 0.6518649 -0.7583351 0.2818195 0.02659292 0.758067 0.6516342 0.0 0.0 0.0 0.0 1.0
RightToeBase 0.999681 -2.61702E-7 0.02526006 2.98023E-8 2.44589E-7 1.0 6.85453E-7 0.3814209 -0.02526006 -7.7486E-7 0.9996809 1.49012E-8 0.0 0.0 0.0 1.0
