Root_Bone_Name Hips
Num_Keyframes 1
Num_Bones 34
Time_Wrapping_Mode LOOP
Time 0.0
Hips 1.0 0.0 0.0 0.0 0.0 0.1308466 -0.9914026 -0.01136114 0.0 0.9914026 0.1308467 0.885992 0.0 0.0 0.0 1.0
Spine 1.0 0.0 0.0 0.0 0.0 1.0 -2.11596E-5 0.09330946 0.0 2.11596E-5 1.0 0.0 0.0 0.0 0.0 1.0
Spine1 1.0 0.0 0.0 0.0 0.0 1.0 9.41753E-6 0.10886 0.0 -9.43244E-6 1.0 1.49012E-8 0.0 0.0 0.0 1.0
Spine2 1.0 0.0 0.0 0.0 0.0 0.9999999 -1.4782E-5 0.1244117 0.0 1.47521E-5 0.9999999 0.0 0.0 0.0 0.0 1.0
Neck 1.0 0.0 2.38419E-7 0.0 3.33221E-8 0.990185 -0.139763 0.1399482 -2.36079E-7 0.1397629 0.9901851 1.49012E-8 0.0 0.0 0.0 1.0
Head 1.0 -7.37765E-12 -4.72521E-14 -8.88178E-16 7.3781E-12 1.0 -3.0946E-5 0.02857614 5.22291E-14 3.09441E-5 1.0 3.72529E-9 0.0 0.0 0.0 1.0
LeftShoulder -0.01147395 0.9955999 -0.09300069 0.08644925 -6.09159E-5 -0.0930075 -0.9956654 0.1318405 -0.9999342 -0.01141852 0.001127794 -9.98497E-4 0.0 0.0 0.0 1.0
LeftArm 0.9999994 -0.001057798 -4.825E-5 1.49012E-8 0.00105889 0.9991052 0.04228192 0.1739771 3.48687E-6 -0.04228195 0.9991057 1.19209E-7 0.0 0.0 0.0 1.0
LeftForeArm 0.9998108 -0.01944433 -7.70435E-4 -1.49012E-8 0.01945958 0.9990101 0.03999789 0.1969396 -8.04663E-6 -0.04000533 0.9991995 -1.19209E-7 0.0 0.0 0.0 1.0
LeftHand 0.9697413 4.98258E-8 0.2441347 -1.49012E-8 2.80561E-7 1.0 -1.31875E-6 0.4272153 -0.2441347 1.33645E-6 0.9697414 -1.19209E-7 0.0 0.0 0.0 1.0
LeftHandThumb1 0.6473371 -0.7099728 0.2772968 -0.04010171 0.7230613 0.6870996 0.07125118 0.03881007 -0.2411169 0.154379 0.9581387 0.008720994 0.0 0.0 0.0 1.0
LeftHandThumb2 0.9963708 -0.06281684 0.0574393 1.19209E-7 0.07783756 0.9454955 -0.3161955 0.04518586 -0.03444606 0.3195187 0.9469535 -1.19209E-7 0.0 0.0 0.0 1.0
LeftHandThumb3 0.9957778 -4.66406E-6 0.09179544 0.0 5.67734E-6 1.0 -9.71556E-6 0.06838298 -0.09179541 1.02222E-5 0.9957778 1.19209E-7 0.0 0.0 0.0 1.0
LeftHandIndex1 0.9880756 -0.1385666 0.06712931 0.003906459 0.1496585 0.9667785 -0.2072236 0.138649 -0.03618491 0.2147989 0.9759877 -0.02902591 0.0 0.0 0.0 1.0
LeftHandIndex2 0.9987479 0.03567921 -0.03506903 2.98023E-8 -0.02804678 0.9797856 0.1980748 0.06520814 0.04142728 -0.1968433 0.9795594 -2.38419E-7 0.0 0.0 0.0 1.0
LeftHandIndex3 0.9998106 -2.33296E-6 0.01946345 0.0 2.63285E-6 0.9999999 -1.55605E-5 0.05857193 -0.01946343 1.5568E-5 0.9998105 0.0 0.0 0.0 0.0 1.0
RightShoulder -0.01316189 -0.9956017 0.09275745 -0.08644857 6.07371E-5 -0.09276627 -0.9956879 0.1318586 0.9999134 -0.01309954 0.00128144 -0.001146004 0.0 0.0 0.0 1.0
RightArm 0.9999236 0.0123518 5.03346E-4 1.49012E-8 -0.01236205 0.9990929 0.04075107 0.1739783 4.76837E-7 -0.04075416 0.9991692 -1.19209E-7 0.0 0.0 0.0 1.0
RightForeArm 0.9999994 -0.001079868 -4.45694E-5 -1.49012E-8 0.001080782 0.9990857 0.04274278 0.196941 -1.63913E-6 -0.04274279 0.9990861 1.19209E-7 0.0 0.0 0.0 1.0
RightHand 0.9931529 -2.04891E-8 -0.1168223 0.0 -3.48853E-7 1.0 -3.11527E-6 0.4271932 0.1168223 3.14042E-6 0.9931529 1.19209E-7 0.0 0.0 0.0 1.0
RightHandThumb1 0.5872204 0.7246639 -0.3606034 0.04023595 -0.7483864 0.6558036 0.09919348 0.03640866 0.3083669 0.2116222 0.9274298 0.01175308 0.0 0.0 0.0 1.0
RightHandThumb2 0.9956899 0.0159926 0.0913564 -1.19209E-7 0.02047046 0.9228327 -0.3846568 0.04441923 -0.09045826 0.3848688 0.9185277 -2.38419E-7 0.0 0.0 0.0 1.0
RightHandThumb3 0.9996021 7.0259E-6 -0.02821001 -5.96046E-8 -7.12276E-6 1.0 -1.00732E-5 0.07110897 0.02821006 1.0401E-5 0.999602 -1.19209E-7 0.0 0.0 0.0 1.0
RightHandIndex1 0.9785194 0.1866972 -0.08743139 0.003647583 -0.1962765 0.9734071 -0.1181271 0.1387989 0.06305237 0.1327503 0.989142 -0.02610266 0.0 0.0 0.0 1.0
RightHandIndex2 0.9999866 -0.003514021 0.003763031 0.0 0.003440177 0.999805 0.01944581 0.06645167 -0.003830597 -0.01943264 0.999804 -1.19209E-7 0.0 0.0 0.0 1.0
RightHandIndex3 0.9999985 -2.10479E-6 0.001666456 -2.98023E-8 2.03727E-6 1.0 1.45584E-5 0.05756962 -0.001666445 -1.46106E-5 0.9999987 0.0 0.0 0.0 0.0 1.0
LeftUpLeg -0.9999092 0.01346816 7.72208E-4 0.1159813 -0.01344564 -0.9904057 -0.1375428 -0.05084157 -0.001091093 -0.1375358 0.9905137 -0.006160513 0.0 0.0 0.0 1.0
LeftLeg 0.999998 0.001897749 6.22926E-4 0.0 -0.001841816 0.9967917 -0.08001831 0.3482397 -7.72782E-4 0.08001701 0.9967933 1.39698E-9 0.0 0.0 0.0 1.0
LeftFoot 0.9997773 0.01601637 0.01374283 1.49012E-8 1.62795E-6 0.6511293 -0.7589667 0.2882952 -0.02110426 0.7587979 0.6509841 0.0 0.0 0.0 0.0 1.0
LeftToeBase 0.9998337 5.83008E-7 -0.01823846 -1.49012E-8 -6.21367E-7 1.0 -2.17557E-6 0.3297884 0.01823846 2.23517E-6 0.9998336 0.0 0.0 0.0 0.0 1.0
RightUpLeg -0.9999094 -0.01346648 -1.74806E-4 -0.1159816 0.0133648 -0.9906054 -0.1360992 -0.05085629 0.001660392 -0.136088 0.9906992 -0.006054424 0.0 0.0 0.0 1.0
RightLeg 0.9999982 -0.001849408 -2.55915E-5 1.49012E-8 0.001841804 0.9969636 -0.07784861 0.3482362 1.69488E-4 0.07784844 0.9969653 9.31323E-10 0.0 0.0 0.0 1.0
RightFoot 0.9997806 -0.0159592 -0.01357785 0.0 6.92904E-7 0.6480207 -0.7616228 0.2882794 0.02095361 0.7614554 0.6478783 0.0 0.0 0.0 0.0 1.0
RightToeBase 0.999835 -4.19095E-7 0.01817385 1.49012E-8 4.37954E-7 0.9999999 -9.83477E-7 0.3313073 -0.01817385 9.83477E-7 0.9998349 -1.49012E-8 0.0 0.0 0.0 1.0
