Root_Bone_Name Hips
Num_Keyframes 1
Num_Bones 34
Time_Wrapping_Mode LOOP
Time 0.0
Hips 1.0 0.0 0.0 0.0 0.0 0.06396886 -0.9979519 0.001281893 0.0 0.9979519 0.06396884 0.654599 0.0 0.0 0.0 1.0
Spine 1.0 0.0 0.0 0.0 0.0 1.0 -4.96954E-6 0.0791766 0.0 4.96954E-6 1.0 -3.72529E-9 0.0 0.0 0.0 1.0
Spine1 1.0 0.0 0.0 0.0 0.0 1.0 -4.47035E-8 0.09237301 0.0 5.21541E-8 0.9999999 0.0 0.0 0.0 0.0 1.0
Spine2 1.0 0.0 0.0 0.0 0.0 1.0 -5.47618E-6 0.105569 0.0 5.47618E-6 0.9999999 -7.45058E-9 0.0 0.0 0.0 1.0
Neck 1.0 0.0 0.0 0.0 0.0 0.9844574 -0.1756234 0.1187641 0.0 0.1756234 0.9844574 0.0 0.0 0.0 0.0 1.0
Head 1.0 0.0 0.0 0.0 0.0 1.0 -1.04308E-7 0.1001787 0.0 9.68575E-8 0.9999999 1.49012E-8 0.0 0.0 0.0 1.0
LeftShoulder -0.07173912 0.9612312 -0.2662478 0.06209924 1.98707E-5 -0.2669342 -0.9637147 0.1014131 -0.9974235 -0.0691413 0.01913052 -0.004462987 0.0 0.0 0.0 1.0
LeftArm 0.9938836 -0.1096438 -0.01319153 0.0 0.1104345 0.9867576 0.1188003 0.1288151 -8.88854E-6 -0.1195306 0.9928305 0.0 0.0 0.0 0.0 1.0
LeftForeArm 0.9999802 0.006218495 8.84272E-4 -7.45058E-9 -0.006281056 0.989871 0.1418303 0.1034743 6.66827E-6 -0.141833 0.9898907 0.0 0.0 0.0 0.0 1.0
LeftHand 0.8253683 -2.93949E-8 0.5645947 3.72529E-9 -1.34576E-7 1.0 2.52854E-7 0.18395 -0.5645947 -2.84519E-7 0.8253683 0.0 0.0 0.0 0.0 1.0
LeftHandThumb1 0.7545789 -0.6386252 0.1508927 -0.06163514 0.5819166 0.7574952 0.2959293 0.07310897 -0.3032883 -0.1354951 0.9432164 -0.01307613 0.0 0.0 0.0 1.0
LeftHandThumb2 0.9706208 0.166474 -0.1737287 0.0 -0.1717584 0.9850135 -0.01573229 0.07721029 0.1685061 0.0451095 0.9846679 -5.96046E-8 0.0 0.0 0.0 1.0
LeftHandThumb3 0.9996434 3.72529E-8 0.02669868 0.0 -2.23517E-8 1.0 1.71363E-7 0.07189065 -0.02669859 -1.93715E-7 0.9996435 0.0 0.0 0.0 0.0 1.0
LeftHandIndex1 0.9980318 0.06067912 -0.0158273 0.01408529 -0.05693264 0.9825693 0.1769637 0.1555504 0.0262894 -0.1757143 0.9840901 -0.03181523 0.0 0.0 0.0 1.0
LeftHandIndex2 0.9916701 -0.09276593 0.08935767 0.0 0.1070095 0.9794925 -0.1707136 0.09721136 -0.07168871 0.1788537 0.9812604 0.0 0.0 0.0 0.0 1.0
LeftHandIndex3 0.9999616 8.9407E-8 0.008769363 5.96046E-8 -9.31323E-8 0.9999999 1.82539E-7 0.06678313 -0.008769363 -1.91852E-7 0.9999616 5.96046E-8 0.0 0.0 0.0 1.0
RightShoulder -0.0582771 -0.961804 0.2674638 -0.06209822 -7.24941E-6 -0.2679188 -0.9634415 0.1013582 0.9983004 -0.05614848 0.01560656 -0.003625691 0.0 0.0 0.0 1.0
RightArm 0.9970797 0.07579089 0.00936529 -3.72529E-9 -0.07636732 0.9895568 0.1222506 0.1287399 -2.01166E-6 -0.1226088 0.9924551 -1.19209E-7 0.0 0.0 0.0 1.0
RightForeArm 0.999904 0.01372151 0.001954384 1.11759E-8 -0.01385999 0.990043 0.140081 0.1033927 -1.28001E-5 -0.1400946 0.9901381 -1.19209E-7 0.0 0.0 0.0 1.0
RightHand 0.8178847 1.5134E-8 -0.5753823 0.0 1.27824E-7 1.0 2.04425E-7 0.1839515 0.5753822 -2.40747E-7 0.8178847 0.0 0.0 0.0 0.0 1.0
RightHandThumb1 0.7606442 0.6336558 -0.1410696 0.06095079 -0.5809358 0.7614087 0.287699 0.07323882 0.2897138 -0.1368841 0.9472744 -0.0131669 0.0 0.0 0.0 1.0
RightHandThumb2 0.9732814 -0.1619866 0.1627385 -5.96046E-8 0.1633065 0.9865612 0.005324572 0.07695068 -0.1614141 0.0213939 0.986655 -1.19209E-7 0.0 0.0 0.0 1.0
RightHandThumb3 0.9979317 -1.9744E-7 -0.06428418 0.0 2.68221E-7 1.0 1.49012E-8 0.07212275 0.06428415 -1.49012E-8 0.9979316 1.19209E-7 0.0 0.0 0.0 1.0
RightHandIndex1 0.9997255 -0.0213893 0.009548694 -0.01570243 0.01995911 0.9912222 0.1306906 0.1542131 -0.01226023 -0.1304642 0.9913772 -0.03075248 0.0 0.0 0.0 1.0
RightHandIndex2 0.9999428 0.008291546 -0.006748408 0.0 -0.008364636 0.9999058 -0.01087599 0.09760606 0.006657511 0.01093181 0.999918 -5.96046E-8 0.0 0.0 0.0 1.0
RightHandIndex3 0.9891679 0.0 -0.1467881 0.0 0.0 1.0 -2.23517E-8 0.06349808 0.1467881 3.72529E-8 0.989168 0.0 0.0 0.0 0.0 1.0
LeftUpLeg -0.9996641 0.02590421 1.36524E-4 0.0977002 -0.02577676 -0.9941785 -0.1046153 -0.04375714 -0.002571732 -0.1045848 0.9945077 -0.004773978 0.0 0.0 0.0 1.0
LeftLeg 0.999569 -0.02933711 0.001034239 7.45058E-9 0.02935517 0.9990574 -0.03198054 0.2463877 -9.50482E-5 0.03199711 0.9994879 -3.72529E-9 0.0 0.0 0.0 1.0
LeftFoot 0.9999413 -0.007007055 -0.008248005 -7.45058E-9 -3.91155E-7 0.7620865 -0.6474753 0.1696796 0.01082259 0.6474373 0.7620418 0.0 0.0 0.0 0.0 1.0
LeftToeBase 0.9953834 9.31323E-8 -0.09597865 -7.45058E-9 -8.84756E-8 1.0 0.0 0.2432022 0.09597865 -8.9407E-8 0.9953835 -1.49012E-8 0.0 0.0 0.0 1.0
RightUpLeg -0.9996641 -0.0259089 -2.93255E-5 -0.09770052 0.02578042 -0.9945873 -0.100656 -0.04392046 0.002577722 -0.1006234 0.9949195 -0.002221853 0.0 0.0 0.0 1.0
RightLeg 0.9995684 0.02934331 -0.001392897 7.45058E-9 -0.02937629 0.998533 -0.04548591 0.2463491 5.61469E-5 0.0455072 0.998964 0.0 0.0 0.0 0.0 1.0
RightFoot 0.9999369 0.006949786 0.008836301 -7.45058E-9 -2.66358E-6 0.7861633 -0.6180191 0.1696799 -0.01124188 0.6179799 0.7861134 1.86265E-9 0.0 0.0 0.0 1.0
RightToeBase 0.9949406 -4.47035E-8 0.1004655 0.0 5.4948E-8 1.0 -1.19209E-7 0.2391514 -0.1004655 1.49012E-7 0.9949405 -2.23517E-8 0.0 0.0 0.0 1.0
