Root_Bone_Name Hips
Num_Keyframes 25
Num_Bones 34
Time_Wrapping_Mode LOOP
Time 0.0
Hips -0.997885 0.03317956 0.05590028 -2.0E-6 0.04643655 0.9656116 0.2558083 0.9748581 -0.04549035 0.257863 -0.9651099 0.4622082 0.0 0.0 0.0 1.0
Spine 0.999853 0.008150033 0.01506032 -2.27374E-13 -0.007009605 0.9972128 -0.07428354 0.09082544 -0.01562376 0.07416712 0.9971229 0.0 0.0 0.0 0.0 1.0
Spine1 0.999122 -0.01637694 0.03855784 0.0 0.02192806 0.9887041 -0.1482668 0.1059631 -0.03569415 0.1489822 0.9881949 -1.86265E-9 0.0 0.0 0.0 1.0
Spine2 0.999122 -0.01637691 0.03855786 0.0 0.02192806 0.9887038 -0.1482676 0.1211001 -0.03569415 0.148983 0.9881949 -1.86265E-9 0.0 0.0 0.0 1.0
Neck 0.9976919 -0.04599036 -0.04995785 -2.27374E-13 0.03333341 0.9726802 -0.2297429 0.136238 0.05915897 0.2275473 0.9719686 0.0 0.0 0.0 0.0 1.0
Head 0.9609749 0.1477938 -0.2338444 0.0 0.003675878 0.8384244 0.5450054 0.05033028 0.2766092 -0.5245962 0.8051621 2.98023E-8 0.0 0.0 0.0 1.0
LeftShoulder 0.004029718 0.9961527 -0.08752981 0.07460295 0.005358959 -0.08755068 -0.9961455 0.120279 -0.9999778 0.003545035 -0.005691161 2.35898E-4 0.0 0.0 0.0 1.0
LeftArm 0.1896949 -0.9389592 -0.2870017 1.86265E-9 0.8366575 0.3075589 -0.4532245 0.1571853 0.5138298 -0.1541475 0.8439304 -1.19209E-7 0.0 0.0 0.0 1.0
LeftForeArm 0.4735645 -0.8771167 0.08002325 0.0 0.8783172 0.4770595 0.0312056 0.2433187 -0.06554683 0.05550797 0.996304 1.19209E-7 0.0 0.0 0.0 1.0
LeftHand 0.9624833 0.200366 0.1829727 3.72529E-9 -0.2182107 0.9723609 0.08305024 0.2210224 -0.1612752 -0.1198611 0.9796038 -2.38419E-7 0.0 0.0 0.0 1.0
LeftHandThumb1 0.6071584 -0.06105379 0.7922321 -0.02609404 0.7128435 0.4823105 -0.509147 0.02148682 -0.3510163 0.8738702 0.336361 0.02657175 0.0 0.0 0.0 1.0
LeftHandThumb2 0.9855384 0.1683961 -0.01890424 -1.19209E-7 -0.1658792 0.9815193 0.09541233 0.03439695 0.03462204 -0.09089677 0.9952582 0.0 0.0 0.0 0.0 1.0
LeftHandThumb3 0.9994174 -9.87828E-4 0.03411368 8.9407E-8 0.004443079 0.9948395 -0.1013602 0.04414612 -0.03383762 0.1014527 0.9942638 0.0 0.0 0.0 0.0 1.0
LeftHandIndex1 0.979208 0.07342502 -0.1891047 0.001419127 -0.1856928 0.6997308 -0.6898521 0.120492 0.08166989 0.7106239 0.6988165 0.01899993 0.0 0.0 0.0 1.0
LeftHandIndex2 0.9911349 0.1140981 -0.06807026 1.30385E-8 -0.1132309 0.4573887 -0.8820286 0.03294814 -0.06950328 0.8819165 0.4662534 0.0 0.0 0.0 0.0 1.0
LeftHandIndex3 0.9917613 0.1280185 -0.004497707 -1.49012E-8 -0.1254493 0.9777611 0.1680612 0.03357959 0.02591269 -0.1661126 0.9857655 -1.19209E-7 0.0 0.0 0.0 1.0
RightShoulder 0.3097975 -0.8453365 0.4352371 -0.07460301 0.01664385 -0.452866 -0.8914229 0.120277 0.9506567 0.2834045 -0.1262271 1.27889E-4 0.0 0.0 0.0 1.0
RightArm 0.7159165 0.6768674 0.1712152 -1.86265E-9 -0.490219 0.6619344 -0.5670349 0.1571838 -0.4971401 0.3220173 0.8057026 0.0 0.0 0.0 0.0 1.0
RightForeArm 0.02652465 0.9989598 0.03711051 1.86265E-9 -0.9993265 0.02743939 -0.02436031 0.2433223 -0.02535323 -0.03643936 0.9990143 0.0 0.0 0.0 0.0 1.0
RightHand 0.3577934 -0.4076698 -0.8401129 3.72529E-9 0.190051 0.9126294 -0.3619203 0.2210492 0.9142566 -0.03017146 0.4040115 0.0 0.0 0.0 0.0 1.0
RightHandThumb1 0.4415083 0.3341892 -0.8326991 0.02432844 -0.7378335 0.6633072 -0.1250027 0.02173322 0.5105608 0.6695833 0.5394315 0.02240241 0.0 0.0 0.0 1.0
RightHandThumb2 0.9999782 0.006018192 -0.002822667 0.0 -0.006462991 0.9795353 -0.2011686 0.0316596 0.001554251 0.2011825 0.9795516 0.0 0.0 0.0 0.0 1.0
RightHandThumb3 0.9963236 0.07284877 -0.04509133 5.96046E-8 -0.07886812 0.9854476 -0.1505702 0.04512554 0.03346631 0.1535727 0.9875708 -1.19209E-7 0.0 0.0 0.0 1.0
RightHandIndex1 0.9843031 -0.02249053 0.1750424 -9.55064E-4 0.08409974 0.9317624 -0.3531938 0.1227155 -0.1551543 0.3623711 0.9190287 0.01596224 0.0 0.0 0.0 1.0
RightHandIndex2 0.9922358 -0.1063327 0.06450923 -2.79397E-8 0.1033373 0.4162385 -0.9033655 0.03529257 0.06920593 0.9030165 0.4239957 1.19209E-7 0.0 0.0 0.0 1.0
RightHandIndex3 0.9898548 -0.1420511 -0.003077336 -1.67638E-8 0.1383691 0.9588249 0.248012 0.0317136 -0.03227976 -0.2459218 0.9687514 0.0 0.0 0.0 0.0 1.0
LeftUpLeg -0.8233984 0.105337 0.5576041 0.07556201 0.2324573 -0.8338716 0.5006346 -0.05019188 0.5176549 0.5418128 0.6619532 0.01711649 0.0 0.0 0.0 1.0
LeftLeg 0.9994543 0.03128669 0.01072731 0.0 -0.02847915 0.6492213 0.7600514 0.4532725 0.01681511 -0.7600505 0.6496637 0.0 0.0 0.0 0.0 1.0
LeftFoot 0.9679961 0.2123204 0.1337778 0.0 0.02657542 0.443377 -0.8959312 0.4083862 -0.2495365 0.8708476 0.4235317 -3.72529E-9 0.0 0.0 0.0 1.0
LeftToeBase 0.9984825 -6.48618E-4 0.05505694 0.0 0.00199832 0.999702 -0.02446327 0.2128294 -0.05502459 0.02453634 0.998181 0.0 0.0 0.0 0.0 1.0
RightUpLeg -0.8680631 -0.4358884 -0.237747 -0.07556196 0.06987597 -0.5813851 0.8105753 -0.05014634 -0.4915069 0.6870177 0.5350246 0.02111921 0.0 0.0 0.0 1.0
RightLeg 0.9981311 -0.04916961 -0.03635024 0.0 0.02755195 -0.169151 0.9851155 0.4538118 -0.05458663 -0.9844561 -0.1674487 0.0 0.0 0.0 0.0 1.0
RightFoot 0.9537148 -0.2940807 0.06280404 7.45058E-9 0.2144624 0.5187791 -0.8275706 0.4078041 0.2107904 0.802743 0.5578319 -3.72529E-9 0.0 0.0 0.0 1.0
RightToeBase 0.9990704 -0.001368981 -0.04306802 0.0 0.00122942 0.9999931 -0.003266871 0.2092348 0.04307225 0.003210872 0.9990658 -1.49012E-8 0.0 0.0 0.0 1.0
Time 0.2
Hips -0.9957749 0.03596601 0.08449069 -2.0E-6 0.0581527 0.9590783 0.2771052 0.956326 -0.07106679 0.2808477 -0.9571178 0.4592312 0.0 0.0 0.0 1.0
Spine 0.999836 0.01137594 0.01406294 -2.27374E-13 -0.01029335 0.9971462 -0.07479185 0.09082544 -0.01487363 0.07463487 0.9970998 0.0 0.0 0.0 0.0 1.0
Spine1 0.999032 -0.01906638 0.03964111 0.0 0.02479062 0.9884752 -0.1493394 0.1059631 -0.0363369 0.1501776 0.9879907 -1.86265E-9 0.0 0.0 0.0 1.0
Spine2 0.999032 -0.01906635 0.03964112 0.0 0.02479062 0.9884749 -0.1493402 0.1211001 -0.03633689 0.1501784 0.9879908 -1.86265E-9 0.0 0.0 0.0 1.0
Neck 0.99842 -0.03161405 -0.04644777 -2.27374E-13 0.0194543 0.9700622 -0.242078 0.136238 0.05271026 0.2407922 0.9691441 0.0 0.0 0.0 0.0 1.0
Head 0.969687 0.141546 -0.1991793 0.0 -0.01095522 0.8394983 0.5432518 0.05033028 0.2441058 -0.5246018 0.8156011 2.98023E-8 0.0 0.0 0.0 1.0
LeftShoulder -0.01498416 0.9957548 -0.09081116 0.07460298 0.003697944 -0.09076545 -0.9958657 0.120279 -0.9998808 -0.01525809 -0.002322214 2.359E-4 0.0 0.0 0.0 1.0
LeftArm 0.1832027 -0.9619145 -0.2028747 1.86265E-9 0.7680234 0.268865 -0.5812507 0.1571853 0.6136588 -0.04932578 0.7880296 -1.19209E-7 0.0 0.0 0.0 1.0
LeftForeArm 0.4973097 -0.8649327 0.06764348 0.0 0.862167 0.5013971 0.07258867 0.2433187 -0.09670052 0.02222097 0.9950651 1.19209E-7 0.0 0.0 0.0 1.0
LeftHand 0.9446271 0.1590793 0.2870089 3.72529E-9 -0.1682608 0.9857146 0.007444957 0.2210224 -0.2817248 -0.05532506 0.9578985 -2.38419E-7 0.0 0.0 0.0 1.0
LeftHandThumb1 0.6018633 -0.07766358 0.7948141 -0.026094 0.7301959 0.456532 -0.5083232 0.02148682 -0.3233798 0.8863111 0.3314796 0.02657163 0.0 0.0 0.0 1.0
LeftHandThumb2 0.9596442 0.280096 -0.02507973 -1.19209E-7 -0.2779162 0.9582255 0.0675672 0.03439695 0.0429575 -0.05787037 0.9973991 0.0 0.0 0.0 0.0 1.0
LeftHandThumb3 0.9994174 -9.87768E-4 0.03411379 8.9407E-8 0.00444299 0.9948394 -0.1013597 0.04414612 -0.03383762 0.1014523 0.9942641 0.0 0.0 0.0 0.0 1.0
LeftHandIndex1 0.9784476 0.07698034 -0.1916074 0.001419045 -0.1942118 0.6583039 -0.7272675 0.120492 0.07015057 0.7488064 0.6590662 0.01899981 0.0 0.0 0.0 1.0
LeftHandIndex2 0.9911889 0.1138735 -0.06765265 1.30385E-8 -0.1130152 0.4607158 -0.8803228 0.03294814 -0.06907682 0.8802127 0.4695255 0.0 0.0 0.0 0.0 1.0
LeftHandIndex3 0.9917614 0.1280184 -0.004496709 -1.49012E-8 -0.1254493 0.9777611 0.1680613 0.03357959 0.02591168 -0.1661127 0.9857656 -1.19209E-7 0.0 0.0 0.0 1.0
RightShoulder 0.2962557 -0.8449748 0.4452515 -0.07460303 0.01840774 -0.4610406 -0.8871878 0.120277 0.9549307 0.2710303 -0.121032 1.27889E-4 0.0 0.0 0.0 1.0
RightArm 0.7121065 0.6931165 0.1117776 -1.86265E-9 -0.5516542 0.6508814 -0.5215662 0.1571838 -0.4342599 0.3097485 0.8458568 0.0 0.0 0.0 0.0 1.0
RightForeArm 0.06645679 0.9968525 0.04323691 1.86265E-9 -0.9968102 0.06824747 -0.04134535 0.2433223 -0.04416593 -0.04035135 0.9982092 0.0 0.0 0.0 0.0 1.0
RightHand 0.3790152 -0.4007144 -0.8341321 3.72529E-9 0.2228929 0.9143757 -0.3379859 0.2210492 0.8981459 -0.05782017 0.4358794 0.0 0.0 0.0 0.0 1.0
RightHandThumb1 0.449725 0.3188146 -0.8343286 0.02432821 -0.70823 0.6964477 -0.1156271 0.02173328 0.544203 0.6428967 0.5390049 0.02240264 0.0 0.0 0.0 1.0
RightHandThumb2 0.9997164 -0.02351648 -0.003626734 0.0 0.0223161 0.9795368 -0.2000286 0.0316596 0.008256525 0.1998912 0.9797831 0.0 0.0 0.0 0.0 1.0
RightHandThumb3 0.9963235 0.07284884 -0.04509085 5.96046E-8 -0.07886806 0.9854476 -0.1505702 0.04512554 0.0334658 0.1535726 0.987571 -1.19209E-7 0.0 0.0 0.0 1.0
RightHandIndex1 0.9842504 -0.03255979 0.1737529 -9.55027E-4 0.08391755 0.9511423 -0.2971281 0.1227157 -0.1555893 0.3070295 0.9388953 0.01596212 0.0 0.0 0.0 1.0
RightHandIndex2 0.99481 -0.09871013 0.02468504 -2.79397E-8 0.09244683 0.7755076 -0.6245338 0.03529257 0.04250431 0.6235741 0.7806088 1.19209E-7 0.0 0.0 0.0 1.0
RightHandIndex3 0.9898548 -0.1420511 -0.003077336 -1.67638E-8 0.1383691 0.9588249 0.248012 0.0317136 -0.03227976 -0.2459218 0.9687514 0.0 0.0 0.0 0.0 1.0
LeftUpLeg -0.8228629 0.1279745 0.5536504 0.07556201 0.1926295 -0.85388 0.4835213 -0.05019206 0.5345815 0.5044903 0.6778035 0.01711661 0.0 0.0 0.0 1.0
LeftLeg 0.9994932 0.03093674 0.007690697 0.0 -0.02591913 0.6482841 0.760942 0.4532725 0.01855534 -0.7608647 0.6486625 0.0 0.0 0.0 0.0 1.0
LeftFoot 0.9436843 0.3156248 0.09919758 0.0 -0.04007 0.4066795 -0.9126773 0.4083862 -0.3284039 0.8573422 0.3964087 -3.72529E-9 0.0 0.0 0.0 1.0
LeftToeBase 0.9984682 -7.23876E-4 0.05532134 0.0 0.002410445 0.9995378 -0.03042626 0.2128294 -0.05527372 0.03051323 0.9980012 0.0 0.0 0.0 0.0 1.0
RightUpLeg -0.8334565 -0.5121388 -0.2076843 -0.07556196 0.07874178 -0.4820696 0.8725238 -0.05014634 -0.5469419 0.7108609 0.4420159 0.02111927 0.0 0.0 0.0 1.0
RightLeg 0.9904422 -0.05081782 -0.1282417 0.0 0.1096911 -0.2737432 0.9554477 0.4538118 -0.08365947 -0.9605519 -0.2655039 0.0 0.0 0.0 0.0 1.0
RightFoot 0.9064031 -0.4153289 0.07710254 7.45058E-9 0.2472054 0.3735187 -0.8940662 0.4078041 0.3425344 0.8294631 0.441217 -3.72529E-9 0.0 0.0 0.0 1.0
RightToeBase 0.9990366 -0.001095727 -0.04385954 0.0 1.84584E-4 0.9997854 -0.02077273 0.2092348 0.04387295 0.02074468 0.998819 -1.49012E-8 0.0 0.0 0.0 1.0
Time 0.4
Hips -0.9926543 0.03473799 0.1158956 -2.0E-6 0.06799326 0.952494 0.2968709 0.955904 -0.1000772 0.3025702 -0.9478586 0.4559672 0.0 0.0 0.0 1.0
Spine 0.999843 0.01256508 0.01247532 -2.27374E-13 -0.01160717 0.9971842 -0.07409386 0.09082544 -0.01337118 0.0739375 0.9971728 0.0 0.0 0.0 0.0 1.0
Spine1 0.9991729 -0.01678796 0.03703149 0.0 0.02210004 0.988731 -0.148063 0.1059631 -0.03412852 0.148759 0.9882839 -1.86265E-9 0.0 0.0 0.0 1.0
Spine2 0.9991729 -0.01678792 0.0370315 0.0 0.02210004 0.9887308 -0.1480638 0.1211001 -0.03412851 0.1487599 0.9882839 -1.86265E-9 0.0 0.0 0.0 1.0
Neck 0.9989169 -0.02268251 -0.0406213 -2.27374E-13 0.01115793 0.9644199 -0.2641385 0.136238 0.0451673 0.2633989 0.9636296 0.0 0.0 0.0 0.0 1.0
Head 0.977749 0.1371822 -0.1587061 0.0 -0.03023069 0.8407898 0.5405172 0.05033028 0.2075877 -0.5236923 0.8262287 2.98023E-8 0.0 0.0 0.0 1.0
LeftShoulder 0.004659878 0.9955397 -0.09422354 0.07460292 0.005360899 -0.09424798 -0.9955345 0.120279 -0.9999748 0.004133867 -0.005776186 2.35897E-4 0.0 0.0 0.0 1.0
LeftArm 0.2684996 -0.9524756 -0.1438668 1.86265E-9 0.6894856 0.2943252 -0.6618032 0.1571853 0.6726956 0.07849978 0.7357439 -1.19209E-7 0.0 0.0 0.0 1.0
LeftForeArm 0.4691765 -0.8818627 0.04682188 0.0 0.8762732 0.4714744 0.0992818 0.2433187 -0.1096282 -0.005551922 0.9939569 1.19209E-7 0.0 0.0 0.0 1.0
LeftHand 0.9064026 0.1439976 0.397114 3.72529E-9 -0.1386943 0.9894351 -0.04221323 0.2210224 -0.3989974 -0.01681526 0.9167979 -2.38419E-7 0.0 0.0 0.0 1.0
LeftHandThumb1 0.6011575 -0.09121501 0.7939076 -0.02609393 0.7394713 0.4401428 -0.5093684 0.02148682 -0.3029707 0.8932825 0.3320464 0.02657175 0.0 0.0 0.0 1.0
LeftHandThumb2 0.9234402 0.3821354 -0.03508666 -1.19209E-7 -0.3807854 0.9238143 0.03961127 0.03439695 0.04755056 -0.02321823 0.9985988 0.0 0.0 0.0 0.0 1.0
LeftHandThumb3 0.9994174 -9.87768E-4 0.03411379 8.9407E-8 0.00444299 0.9948394 -0.1013597 0.04414612 -0.03383762 0.1014523 0.9942641 0.0 0.0 0.0 0.0 1.0
LeftHandIndex1 0.9779947 0.08095856 -0.1922817 0.00141912 -0.1987087 0.6422958 -0.7402505 0.1204919 0.06357218 0.7621692 0.6442489 0.01899981 0.0 0.0 0.0 1.0
LeftHandIndex2 0.9910554 0.1144249 -0.06867459 1.30385E-8 -0.113539 0.4525377 -0.884488 0.03294814 -0.07012961 0.8843728 0.461482 0.0 0.0 0.0 0.0 1.0
LeftHandIndex3 0.9917614 0.1280184 -0.004496709 -1.49012E-8 -0.1254493 0.9777611 0.1680613 0.03357959 0.02591168 -0.1661127 0.9857656 -1.19209E-7 0.0 0.0 0.0 1.0
RightShoulder 0.2711278 -0.8478547 0.4556663 -0.074603 0.01995668 -0.468345 -0.8833201 0.120277 0.9623358 0.2485862 -0.110061 1.27889E-4 0.0 0.0 0.0 1.0
RightArm 0.732729 0.6804994 0.005481656 -1.86265E-9 -0.5929845 0.6424091 -0.4854696 0.1571838 -0.3338829 0.3524676 0.874236 0.0 0.0 0.0 0.0 1.0
RightForeArm 0.01705606 0.9992285 0.0353824 1.86265E-9 -0.9979224 0.01921081 -0.06148018 0.2433223 -0.06211234 -0.0342603 0.9974811 0.0 0.0 0.0 0.0 1.0
RightHand 0.4547004 -0.4317652 -0.7789911 3.72529E-9 0.309774 0.8966958 -0.3161894 0.2210492 0.8350377 -0.09753942 0.5414782 0.0 0.0 0.0 0.0 1.0
RightHandThumb1 0.4613782 0.3045404 -0.8332981 0.02432832 -0.6725996 0.7325658 -0.104677 0.0217334 0.578567 0.6087717 0.542824 0.02240241 0.0 0.0 0.0 1.0
RightHandThumb2 0.99825 -0.05907574 -0.002696902 0.0 0.05732521 0.97786 -0.2012601 0.0316596 0.01452686 0.2007536 0.9795336 0.0 0.0 0.0 0.0 1.0
RightHandThumb3 0.9963235 0.07284884 -0.04509085 5.96046E-8 -0.07886806 0.9854476 -0.1505702 0.04512554 0.0334658 0.1535726 0.987571 -1.19209E-7 0.0 0.0 0.0 1.0
RightHandIndex1 0.9838361 -0.03636566 0.1753359 -9.55101E-4 0.08942622 0.9480985 -0.3051436 0.1227157 -0.1551388 0.3158912 0.9360259 0.015962 0.0 0.0 0.0 1.0
RightHandIndex2 0.9966168 -0.08218824 1.81498E-4 -2.79397E-8 0.07548416 0.9144441 -0.3976097 0.03529257 0.03251285 0.3962779 0.9175552 1.19209E-7 0.0 0.0 0.0 1.0
RightHandIndex3 0.9898548 -0.1420511 -0.003077336 -1.67638E-8 0.1383691 0.9588249 0.248012 0.0317136 -0.03227976 -0.2459218 0.9687514 0.0 0.0 0.0 0.0 1.0
LeftUpLeg -0.821917 0.1189288 0.5570673 0.07556201 0.1563097 -0.8933877 0.4212346 -0.05019194 0.5477287 0.4332592 0.7155253 0.01711649 0.0 0.0 0.0 1.0
LeftLeg 0.999595 0.02840309 0.00245768 0.0 -0.02209013 0.7172328 0.6964861 0.4532725 0.01801965 -0.6963411 0.7174823 0.0 0.0 0.0 0.0 1.0
LeftFoot 0.9235227 0.3761289 0.07507465 0.0 -0.09216083 0.4076372 -0.9084677 0.4083862 -0.3723036 0.8321041 0.4111114 -3.72529E-9 0.0 0.0 0.0 1.0
LeftToeBase 0.9985043 -5.46318E-4 0.05466368 0.0 0.001434833 0.9998699 -0.0162164 0.2128294 -0.05464764 0.01627067 0.9983716 0.0 0.0 0.0 0.0 1.0
RightUpLeg -0.8106387 -0.5485752 -0.2049488 -0.07556202 0.07055635 -0.4389716 0.8956555 -0.05014634 -0.5812774 0.7115959 0.3944682 0.02111921 0.0 0.0 0.0 1.0
RightLeg 0.9808666 -0.04878347 -0.188474 0.0 0.1694632 -0.2628262 0.9497639 0.4538118 -0.09586935 -0.9637012 -0.2494842 0.0 0.0 0.0 0.0 1.0
RightFoot 0.8680889 -0.4864716 0.09891663 7.45058E-9 0.265565 0.2867219 -0.9204553 0.4078041 0.4194196 0.8253246 0.3780752 -3.72529E-9 0.0 0.0 0.0 1.0
RightToeBase 0.9990391 -0.001114212 -0.04380546 0.0 2.58196E-4 0.9998102 -0.01954201 0.2092348 0.04381894 0.01951197 0.9988468 -1.49012E-8 0.0 0.0 0.0 1.0
Time 0.6
Hips -0.9883639 0.03096174 0.1489218 -2.0E-6 0.07694537 0.9463247 0.3139248 0.9603571 -0.1312087 0.3217307 -0.9376963 0.4528312 0.0 0.0 0.0 1.0
Spine 0.9998519 0.01332812 0.01090697 -2.27374E-13 -0.01249783 0.9972582 -0.07294365 0.09082544 -0.01184927 0.07279652 0.9972767 0.0 0.0 0.0 0.0 1.0
Spine1 0.999348 -0.01287926 0.03373295 0.0 0.01767175 0.989145 -0.145874 0.1059631 -0.03148805 0.146375 0.9887279 -1.86265E-9 0.0 0.0 0.0 1.0
Spine2 0.999348 -0.01287923 0.03373297 0.0 0.01767175 0.9891449 -0.1458749 0.1211001 -0.03148805 0.1463758 0.9887277 -1.86265E-9 0.0 0.0 0.0 1.0
Neck 0.999294 -0.01623695 -0.03387073 -2.27374E-13 0.005831166 0.9578695 -0.287145 0.136238 0.03710611 0.286745 0.9572877 0.0 0.0 0.0 0.0 1.0
Head 0.984586 0.131316 -0.1155274 0.0 -0.04963724 0.8431647 0.53536 0.05033028 0.1677099 -0.5213736 0.8366858 2.98023E-8 0.0 0.0 0.0 1.0
LeftShoulder 0.03159878 0.9946158 -0.09868595 0.0746029 0.007606785 -0.09897154 -0.9950616 0.1202788 -0.999472 0.03069193 -0.01069323 2.35898E-4 0.0 0.0 0.0 1.0
LeftArm 0.3533575 -0.9290736 -0.1093668 1.86265E-9 0.5986723 0.3144169 -0.7367054 0.1571853 0.7188395 0.1948455 0.6673126 -1.19209E-7 0.0 0.0 0.0 1.0
LeftForeArm 0.4257635 -0.9045578 0.02241246 0.0 0.8970012 0.4252004 0.1208059 0.2433187 -0.1188057 -0.03133076 0.9924229 1.19209E-7 0.0 0.0 0.0 1.0
LeftHand 0.8532673 0.1396778 0.5024201 3.72529E-9 -0.1127743 0.9900867 -0.08372819 0.2210224 -0.5091348 0.01478244 0.8605601 -2.38419E-7 0.0 0.0 0.0 1.0
LeftHandThumb1 0.6013584 -0.10386 0.7922004 -0.02609394 0.7466365 0.4260246 -0.5109179 0.02148658 -0.2844331 0.8987299 0.3337395 0.02657187 0.0 0.0 0.0 1.0
LeftHandThumb2 0.8790022 0.4741836 -0.05005057 -1.19209E-7 -0.4739687 0.8803805 0.01683319 0.03439695 0.05204572 0.008926034 0.9986047 0.0 0.0 0.0 0.0 1.0
LeftHandThumb3 0.9994174 -9.87768E-4 0.03411379 8.9407E-8 0.00444299 0.9948394 -0.1013597 0.04414612 -0.03383762 0.1014523 0.9942641 0.0 0.0 0.0 0.0 1.0
LeftHandIndex1 0.977599 0.0846464 -0.1927038 0.001419038 -0.2023217 0.6302928 -0.7495309 0.120492 0.0580148 0.7717292 0.6332994 0.01899993 0.0 0.0 0.0 1.0
LeftHandIndex2 0.9909072 0.1150156 -0.06981167 1.30385E-8 -0.1141097 0.4435196 -0.8889709 0.03294814 -0.07128266 0.888854 0.4526112 0.0 0.0 0.0 0.0 1.0
LeftHandIndex3 0.9917614 0.1280184 -0.004496709 -1.49012E-8 -0.1254493 0.9777611 0.1680613 0.03357959 0.02591168 -0.1661127 0.9857656 -1.19209E-7 0.0 0.0 0.0 1.0
RightShoulder 0.2476872 -0.8496449 0.4655686 -0.07460295 0.02142675 -0.4756209 -0.879389 0.120277 0.9686028 0.2277889 -0.09960005 1.27889E-4 0.0 0.0 0.0 1.0
RightArm 0.7496353 0.6535184 -0.1046937 -1.86265E-9 -0.6218286 0.6412666 -0.4495626 0.1571838 -0.2266606 0.4021101 0.8870922 0.0 0.0 0.0 0.0 1.0
RightForeArm -0.05546962 0.9982486 0.02056568 1.86265E-9 -0.9954687 -0.05369874 -0.07846478 0.2433223 -0.07722284 -0.02482487 0.9967052 0.0 0.0 0.0 0.0 1.0
RightHand 0.5339146 -0.46933 -0.703324 3.72529E-9 0.3950776 0.8738929 -0.2832374 0.2210492 0.7475626 -0.1266427 0.6520064 0.0 0.0 0.0 0.0 1.0
RightHandThumb1 0.472609 0.2920137 -0.8314859 0.02432838 -0.6315693 0.7702551 -0.08846897 0.02173322 0.6146218 0.5669525 0.5484571 0.02240241 0.0 0.0 0.0 1.0
RightHandThumb2 0.995311 -0.09672064 -9.02385E-4 0.0 0.09452122 0.9745737 -0.2031552 0.0316596 0.02052878 0.2021173 0.9791458 0.0 0.0 0.0 0.0 1.0
RightHandThumb3 0.9963236 0.07284877 -0.04509133 5.96046E-8 -0.07886812 0.9854476 -0.1505702 0.04512554 0.03346631 0.1535727 0.9875708 -1.19209E-7 0.0 0.0 0.0 1.0
RightHandIndex1 0.9832171 -0.03879337 0.1782625 -9.55034E-4 0.09805662 0.9363605 -0.3370675 0.1227156 -0.1538419 0.3488908 0.9244497 0.01596212 0.0 0.0 0.0 1.0
RightHandIndex2 0.9978629 -0.06395696 -0.01336087 -2.79397E-8 0.05923084 0.9718046 -0.2282283 0.03529257 0.02758092 0.2269492 0.9735166 1.19209E-7 0.0 0.0 0.0 1.0
RightHandIndex3 0.9898548 -0.1420511 -0.003077336 -1.67638E-8 0.1383691 0.9588249 0.248012 0.0317136 -0.03227976 -0.2459218 0.9687514 0.0 0.0 0.0 0.0 1.0
LeftUpLeg -0.8285803 0.09917185 0.551037 0.075562 0.1223485 -0.9283707 0.3509607 -0.050192 0.5463254 0.3581804 0.7569177 0.01711652 0.0 0.0 0.0 1.0
LeftLeg 0.9997159 0.0237084 -0.002674865 0.0 -0.0171855 0.7933922 0.6084869 0.4532725 0.01654849 -0.6083227 0.793502 0.0 0.0 0.0 0.0 1.0
LeftFoot 0.9107768 0.4100979 0.04806323 0.0 -0.1451013 0.4268779 -0.8925814 0.4083862 -0.3865631 0.8059927 0.4482828 -3.72529E-9 0.0 0.0 0.0 1.0
LeftToeBase 0.9985424 -3.21284E-4 0.05397049 0.0 3.12284E-4 0.9999996 1.75148E-4 0.2128294 -0.05397053 -1.57952E-4 0.9985428 0.0 0.0 0.0 0.0 1.0
RightUpLeg -0.7921717 -0.572455 -0.2117425 -0.07556202 0.05712345 -0.4149801 0.9079605 -0.0501464 -0.6076159 0.7071686 0.3613592 0.02111933 0.0 0.0 0.0 1.0
RightLeg 0.9708841 -0.05118972 -0.2340104 0.0 0.2174243 -0.2219396 0.9504264 0.4538118 -0.1005888 -0.9738089 -0.2043093 0.0 0.0 0.0 0.0 1.0
RightFoot 0.8328136 -0.5402913 0.1205358 7.45058E-9 0.278922 0.221459 -0.9344112 0.4078041 0.4781711 0.8118271 0.3351183 -3.72529E-9 0.0 0.0 0.0 1.0
RightToeBase 0.9990504 -0.001201071 -0.04354841 0.0 5.96058E-4 0.999904 -0.0139029 0.2092348 0.04356096 0.01386377 0.9989529 -1.49012E-8 0.0 0.0 0.0 1.0
Time 0.8
Hips -0.9816223 0.0212215 0.1896505 -2.0E-6 0.08052494 0.9470518 0.3108206 0.977375 -0.1730126 0.3203801 -0.9313559 0.4518502 0.0 0.0 0.0 1.0
Spine 0.9998499 0.01418603 0.00995644 -2.27374E-13 -0.01345937 0.9974841 -0.06960241 0.09082544 -0.01091878 0.06945798 0.9975247 0.0 0.0 0.0 0.0 1.0
Spine1 0.999569 -0.001661913 0.02930176 0.0 0.005729089 0.990238 -0.1392726 0.1059631 -0.02878425 0.1393806 0.9898199 -1.86265E-9 0.0 0.0 0.0 1.0
Spine2 0.999569 -0.001661882 0.02930176 0.0 0.005729094 0.9902378 -0.1392738 0.1211001 -0.02878424 0.1393818 0.9898198 -1.86265E-9 0.0 0.0 0.0 1.0
Neck 0.999434 -0.02777534 -0.01898096 -2.27374E-13 0.02083731 0.9540539 -0.2989114 0.136238 0.02641122 0.298347 0.9540917 0.0 0.0 0.0 0.0 1.0
Head 0.99282 0.1031784 -0.06051739 0.0 -0.05741052 0.8548713 0.5156533 0.05033028 0.1049389 -0.5084764 0.8546572 2.98023E-8 0.0 0.0 0.0 1.0
LeftShoulder 0.0567928 0.9915938 -0.1162539 0.07460298 0.009165891 -0.1169546 -0.9930955 0.120279 -0.998344 0.05533496 -0.01573105 2.35898E-4 0.0 0.0 0.0 1.0
LeftArm 0.475079 -0.8752548 -0.09071549 1.86265E-9 0.5202281 0.3625193 -0.773268 0.1571853 0.7096925 0.3201704 0.6275575 -1.19209E-7 0.0 0.0 0.0 1.0
LeftForeArm 0.3347326 -0.9423047 -0.004059283 0.0 0.9333694 0.3309604 0.1388756 0.2433187 -0.1295196 -0.05027499 0.9903017 1.19209E-7 0.0 0.0 0.0 1.0
LeftHand 0.7914358 0.1499201 0.5925823 3.72529E-9 -0.1027992 0.9882926 -0.1127374 0.2210224 -0.6025472 0.0283074 0.7975813 -2.38419E-7 0.0 0.0 0.0 1.0
LeftHandThumb1 0.6038139 -0.1135524 0.7889962 -0.02609396 0.74933 0.4184412 -0.5132363 0.02148658 -0.2718691 0.9011182 0.3377489 0.02657187 0.0 0.0 0.0 1.0
LeftHandThumb2 0.8594831 0.5080616 -0.05623852 -1.19209E-7 -0.5084637 0.8610461 0.007985026 0.03439695 0.052481 0.02173216 0.9983855 0.0 0.0 0.0 0.0 1.0
LeftHandThumb3 0.9994174 -9.87828E-4 0.03411368 8.9407E-8 0.004443079 0.9948395 -0.1013602 0.04414612 -0.03383762 0.1014527 0.9942638 0.0 0.0 0.0 0.0 1.0
LeftHandIndex1 0.9773689 0.08431325 -0.1940148 0.001419008 -0.2047734 0.6072403 -0.7676768 0.1204921 0.05308835 0.7900322 0.6107629 0.01899993 0.0 0.0 0.0 1.0
LeftHandIndex2 0.9909928 0.114675 -0.06915697 1.30385E-8 -0.1137834 0.4487317 -0.8863937 0.03294814 -0.07061424 0.886278 0.4577384 0.0 0.0 0.0 0.0 1.0
LeftHandIndex3 0.9917613 0.1280185 -0.004497707 -1.49012E-8 -0.1254493 0.9777611 0.1680612 0.03357959 0.02591269 -0.1661126 0.9857655 -1.19209E-7 0.0 0.0 0.0 1.0
RightShoulder 0.2671798 -0.8412399 0.4700317 -0.07460295 0.0223517 -0.4822227 -0.8757628 0.120277 0.9633869 0.2444923 -0.1100369 1.27897E-4 0.0 0.0 0.0 1.0
RightArm 0.7675226 0.6214955 -0.1570111 -1.86265E-9 -0.6165818 0.6487846 -0.4459882 0.1571838 -0.1753131 0.4391171 0.8811589 0.0 0.0 0.0 0.0 1.0
RightForeArm -0.1870886 0.9822741 -0.01170287 1.86265E-9 -0.9805104 -0.1874538 -0.05882312 0.2433223 -0.05997404 4.69678E-4 0.9982002 0.0 0.0 0.0 0.0 1.0
RightHand 0.6106632 -0.4751738 -0.6334823 3.72529E-9 0.4197998 0.8725557 -0.249826 0.2210492 0.67146 -0.113376 0.7323166 0.0 0.0 0.0 0.0 1.0
RightHandThumb1 0.4928083 0.3041617 -0.8152454 0.02432849 -0.5648564 0.8244948 -0.03383828 0.02173328 0.6618731 0.4771727 0.578126 0.02240252 0.0 0.0 0.0 1.0
RightHandThumb2 0.9905356 -0.1372484 9.81152E-4 0.0 0.1344925 0.9691733 -0.2064379 0.0316596 0.0273824 0.2046165 0.9784585 0.0 0.0 0.0 0.0 1.0
RightHandThumb3 0.9963235 0.07284911 -0.04509187 5.96046E-8 -0.07886854 0.9854475 -0.1505701 0.04512554 0.03346676 0.1535727 0.9875709 -1.19209E-7 0.0 0.0 0.0 1.0
RightHandIndex1 0.9823967 -0.03562248 0.1833735 -9.55071E-4 0.1127682 0.8956911 -0.4301412 0.1227157 -0.1489232 0.4432487 0.8839414 0.015962 0.0 0.0 0.0 1.0
RightHandIndex2 0.9973769 -0.07235567 0.002047092 -2.79397E-8 0.06491397 0.8815696 -0.4675704 0.03529257 0.03202667 0.4664765 0.8839546 1.19209E-7 0.0 0.0 0.0 1.0
RightHandIndex3 0.9898548 -0.1420511 -0.003077336 -1.67638E-8 0.1383691 0.9588249 0.248012 0.0317136 -0.03227976 -0.2459218 0.9687514 0.0 0.0 0.0 0.0 1.0
LeftUpLeg -0.9112529 0.05260839 0.4085158 0.07556201 0.09291047 -0.9400257 0.3282368 -0.05019194 0.4012139 0.3370228 0.8515366 0.01711652 0.0 0.0 0.0 1.0
LeftLeg 0.999934 0.01008468 -0.005656549 0.0 -0.005873314 0.8644272 0.5027531 0.4532725 0.009959788 -0.5027168 0.8643761 0.0 0.0 0.0 0.0 1.0
LeftFoot 0.9545701 0.2854333 -0.08554137 0.0 -0.2378128 0.5568074 -0.795872 0.4083862 -0.1795372 0.7800623 0.599393 -3.72529E-9 0.0 0.0 0.0 1.0
LeftToeBase 0.9985355 -3.59591E-4 0.05409249 0.0 5.0075E-4 0.999997 -0.002596468 0.2128294 -0.05409134 0.002619773 0.9985326 0.0 0.0 0.0 0.0 1.0
RightUpLeg -0.8037948 -0.5338683 -0.2626143 -0.07556202 0.01757941 -0.4625817 0.8863326 -0.05014628 -0.5946431 0.7078168 0.3811252 0.02111927 0.0 0.0 0.0 1.0
RightLeg 0.9807581 -0.04840445 -0.1891275 0.0 0.1839553 -0.09552866 0.978189 0.4538118 -0.06541607 -0.9943435 -0.08476994 0.0 0.0 0.0 0.0 1.0
RightFoot 0.8364024 -0.5417797 0.08322552 7.45058E-9 0.2742716 0.2821936 -0.9193015 0.4078041 0.4745829 0.7917441 0.3846077 -3.72529E-9 0.0 0.0 0.0 1.0
RightToeBase 0.9990733 -0.001388572 -0.0430106 0.0 0.001303557 0.9999968 -0.002004564 0.2092348 0.0430133 0.001946568 0.9990715 -1.49012E-8 0.0 0.0 0.0 1.0
Time 1.0
Hips -0.978796 0.01506472 0.204284 -2.0E-6 0.07573119 0.953244 0.2925583 0.991815 -0.1903253 0.3018254 -0.9341723 0.4542052 0.0 0.0 0.0 1.0
Spine 0.9998469 0.01655413 0.005576272 -2.27374E-13 -0.01615277 0.9977133 -0.06562892 0.09082544 -0.006649949 0.06552884 0.9978282 0.0 0.0 0.0 0.0 1.0
Spine1 0.999737 0.01568093 0.01673717 0.0 -0.01334807 0.9912411 -0.131386 0.1059631 -0.01865083 0.131128 0.99119 -1.86265E-9 0.0 0.0 0.0 1.0
Spine2 0.999737 0.01568097 0.01673766 0.0 -0.01334804 0.9912409 -0.1313868 0.1211001 -0.01865133 0.1311288 0.9911898 -1.86265E-9 0.0 0.0 0.0 1.0
Neck 0.998546 -0.05387666 -0.001863427 -2.27374E-13 0.05100775 0.9554307 -0.2907756 0.136238 0.0174464 0.2902578 0.9567895 0.0 0.0 0.0 0.0 1.0
Head 0.9982399 0.05747478 -0.01464176 0.0 -0.04320018 0.8737355 0.4844795 0.05033028 0.04063838 -0.4829941 0.8746802 2.98023E-8 0.0 0.0 0.0 1.0
LeftShoulder 0.08083809 0.9868801 -0.1397582 0.07460298 0.009942194 -0.1410084 -0.9899586 0.120279 -0.9966779 0.07863675 -0.02121061 2.35897E-4 0.0 0.0 0.0 1.0
LeftArm 0.5777969 -0.8107226 -0.09422889 1.86265E-9 0.440985 0.4072465 -0.7998017 0.1571853 0.686792 0.4205692 0.5928224 -1.19209E-7 0.0 0.0 0.0 1.0
LeftForeArm 0.2243327 -0.9738601 -0.03567925 0.0 0.9623166 0.2156022 0.1657201 0.2433187 -0.1536957 -0.07151124 0.9855267 1.19209E-7 0.0 0.0 0.0 1.0
LeftHand 0.7279155 0.1670857 0.6649969 3.72529E-9 -0.0789016 0.9838243 -0.1608264 0.2210224 -0.6811121 0.06459874 0.7293235 -2.38419E-7 0.0 0.0 0.0 1.0
LeftHandThumb1 0.606362 -0.1207106 0.7859738 -0.02609406 0.7504154 0.4138461 -0.5153718 0.02148676 -0.2630611 0.9023086 0.3415241 0.02657175 0.0 0.0 0.0 1.0
LeftHandThumb2 0.8543217 0.516338 -0.05941205 -1.19209E-7 -0.5170212 0.855961 0.004429728 0.03439695 0.05314179 0.02693294 0.9982232 0.0 0.0 0.0 0.0 1.0
LeftHandThumb3 0.9994174 -9.87828E-4 0.03411368 8.9407E-8 0.004443079 0.9948395 -0.1013602 0.04414612 -0.03383762 0.1014527 0.9942638 0.0 0.0 0.0 0.0 1.0
LeftHandIndex1 0.9773211 0.08087195 -0.195713 0.001419023 -0.2058688 0.579393 -0.7886204 0.1204921 0.04961739 0.8110265 0.5829016 0.01899981 0.0 0.0 0.0 1.0
LeftHandIndex2 0.9910721 0.1143543 -0.06855024 1.30385E-8 -0.1134765 0.4535643 -0.8839693 0.03294814 -0.06999381 0.8838559 0.4624916 0.0 0.0 0.0 0.0 1.0
LeftHandIndex3 0.9917613 0.1280185 -0.004497707 -1.49012E-8 -0.1254493 0.9777611 0.1680612 0.03357959 0.02591269 -0.1661126 0.9857655 -1.19209E-7 0.0 0.0 0.0 1.0
RightShoulder 0.30606 -0.8449755 0.4385692 -0.07460295 0.01688352 -0.4557859 -0.889929 0.1202769 0.9518626 0.279776 -0.1252317 1.27887E-4 0.0 0.0 0.0 1.0
RightArm 0.7085452 0.6963607 -0.1142195 -1.86265E-9 -0.6570147 0.5919395 -0.4668396 0.1571838 -0.2574775 0.4058217 0.8769341 0.0 0.0 0.0 0.0 1.0
RightForeArm -0.3041298 0.9516891 -0.04234589 1.86265E-9 -0.9513586 -0.3057197 -0.03809547 0.2433223 -0.04920087 0.02870019 0.9983773 0.0 0.0 0.0 0.0 1.0
RightHand 0.6992269 -0.4048919 -0.5891899 3.72529E-9 0.3345991 0.913664 -0.2307832 0.2210492 0.6317638 -0.03577252 0.7743357 0.0 0.0 0.0 0.0 1.0
RightHandThumb1 0.5097198 0.3604607 -0.7811875 0.02432835 -0.55248 0.8331813 0.02396229 0.02173311 0.659508 0.4193763 0.6238371 0.02240264 0.0 0.0 0.0 1.0
RightHandThumb2 0.9896861 -0.1428432 -0.01082841 0.0 0.1378646 0.9702717 -0.1989135 0.0316596 0.03891997 0.1953692 0.9799563 0.0 0.0 0.0 0.0 1.0
RightHandThumb3 0.9963235 0.07284868 -0.04509184 5.96046E-8 -0.07886809 0.9854476 -0.1505702 0.04512554 0.03346682 0.1535728 0.9875708 -1.19209E-7 0.0 0.0 0.0 1.0
RightHandIndex1 0.984694 -0.02350495 0.1726968 -9.55064E-4 0.07856779 0.9443396 -0.3194537 0.1227156 -0.1555756 0.3281328 0.9317324 0.01596212 0.0 0.0 0.0 1.0
RightHandIndex2 0.997425 -0.07096414 0.01036567 -2.79397E-8 0.06454299 0.8252112 -0.5611253 0.03529257 0.03126585 0.5603493 0.8276671 1.19209E-7 0.0 0.0 0.0 1.0
RightHandIndex3 0.9898548 -0.1420511 -0.003077351 -1.67638E-8 0.1383691 0.9588246 0.2480125 0.0317136 -0.03227982 -0.2459223 0.9687515 0.0 0.0 0.0 0.0 1.0
LeftUpLeg -0.9663551 0.05478638 0.2513527 0.07556201 0.04184619 -0.930603 0.3636618 -0.05019206 0.2537564 0.3619053 0.8968338 0.01711652 0.0 0.0 0.0 1.0
LeftLeg 0.9999741 0.007151095 7.70123E-4 0.0 -0.006701698 0.8875649 0.4606654 0.4532725 0.002610728 -0.4606821 0.8875448 0.0 0.0 0.0 0.0 1.0
LeftFoot 0.9481945 0.2428429 -0.2048355 0.0 -0.3176667 0.7157288 -0.6219424 0.4083862 -0.004427681 0.654759 0.7558278 -3.72529E-9 0.0 0.0 0.0 1.0
LeftToeBase 0.9984969 -5.71873E-4 0.05479423 0.0 0.001589347 0.9998296 -0.01852739 0.2128294 -0.05477422 0.01858675 0.9983239 0.0 0.0 0.0 0.0 1.0
RightUpLeg -0.8408109 -0.4483027 -0.3035074 -0.07556196 -0.02531408 -0.5275322 0.8490987 -0.05014634 -0.5407332 0.72162 0.4321152 0.02111927 0.0 0.0 0.0 1.0
RightLeg 0.9930426 -0.0457962 -0.1084966 0.0 0.1113637 0.06529272 0.9915404 0.4538118 -0.0383248 -0.9969085 0.06992524 0.0 0.0 0.0 0.0 1.0
RightFoot 0.8604478 -0.5095514 0.001967994 7.45058E-9 0.2360277 0.395131 -0.8877765 0.4078041 0.4515983 0.7643531 0.4602463 -3.72529E-9 0.0 0.0 0.0 1.0
RightToeBase 0.9990706 -0.001361258 -0.04306979 0.0 0.001215484 0.999993 -0.003410727 0.2092348 0.04307418 0.003355205 0.999065 -1.49012E-8 0.0 0.0 0.0 1.0
Time 1.2
Hips -0.9859673 0.01613148 0.1661604 -2.0E-6 0.06077842 0.9616997 0.267283 1.007386 -0.1554848 0.2736312 -0.9491845 0.4615012 0.0 0.0 0.0 1.0
Spine 0.9998 0.01985873 -0.002255029 -2.27374E-13 -0.01996242 0.9977459 -0.06406534 0.09082544 9.77689E-4 0.06409754 0.9979435 0.0 0.0 0.0 0.0 1.0
Spine1 0.999428 0.03366842 -0.003189004 0.0 -0.03379958 0.991197 -0.1280112 0.1059631 -0.001149004 0.1280458 0.9917679 -1.86265E-9 0.0 0.0 0.0 1.0
Spine2 0.999428 0.03366892 -0.003189064 0.0 -0.03380007 0.9911969 -0.128012 0.1211001 -0.001149036 0.1280466 0.9917679 -1.86265E-9 0.0 0.0 0.0 1.0
Neck 0.995837 -0.09062587 0.00977004 -2.27374E-13 0.09006707 0.9618468 -0.258339 0.136238 0.0140149 0.2581435 0.966005 0.0 0.0 0.0 0.0 1.0
Head 0.9998719 0.01567198 0.003337171 0.0 -0.01546122 0.8889557 0.457732 0.05033028 0.004206972 -0.4577247 0.8890841 2.98023E-8 0.0 0.0 0.0 1.0
LeftShoulder 0.1167597 0.9784041 -0.170564 0.07460293 0.01025123 -0.1729166 -0.9848838 0.1202788 -0.9931072 0.1132461 -0.03021958 2.35897E-4 0.0 0.0 0.0 1.0
LeftArm 0.6457478 -0.7564139 -0.1041544 1.86265E-9 0.3918301 0.4453576 -0.805063 0.1571853 0.6553462 0.4790571 0.5839744 -1.19209E-7 0.0 0.0 0.0 1.0
LeftForeArm 0.1348801 -0.9883663 -0.07029704 0.0 0.9738947 0.1191638 0.1932064 0.2433187 -0.1825817 -0.09452172 0.9786366 1.19209E-7 0.0 0.0 0.0 1.0
LeftHand 0.6792091 0.1655879 0.7150216 3.72529E-9 -0.0343734 0.9803241 -0.1943763 0.2210224 -0.7331404 0.1074443 0.6715366 -2.38419E-7 0.0 0.0 0.0 1.0
LeftHandThumb1 0.6076837 -0.1250164 0.7842782 -0.02609407 0.751314 0.4105464 -0.5167001 0.02148682 -0.2573865 0.9032286 0.3434093 0.02657175 0.0 0.0 0.0 1.0
LeftHandThumb2 0.8381323 0.5410746 -0.06908132 -1.19209E-7 -0.5427227 0.8398882 -0.006238073 0.03439695 0.05464545 0.04272033 0.9975919 0.0 0.0 0.0 0.0 1.0
LeftHandThumb3 0.9994174 -9.87768E-4 0.03411379 8.9407E-8 0.00444299 0.9948394 -0.1013597 0.04414612 -0.03383762 0.1014523 0.9942641 0.0 0.0 0.0 0.0 1.0
LeftHandIndex1 0.977378 0.0793543 -0.1960501 0.001419038 -0.2055414 0.5748723 -0.7920072 0.120492 0.04985461 0.8143862 0.5781782 0.01899981 0.0 0.0 0.0 1.0
LeftHandIndex2 0.9910933 0.1142673 -0.06838523 1.30385E-8 -0.1133926 0.4548778 -0.8833055 0.03294814 -0.06982601 0.8831916 0.4637839 0.0 0.0 0.0 0.0 1.0
LeftHandIndex3 0.9917614 0.1280184 -0.004496709 -1.49012E-8 -0.1254494 0.9777611 0.1680608 0.03357959 0.02591164 -0.1661122 0.9857658 -1.19209E-7 0.0 0.0 0.0 1.0
RightShoulder 0.3072456 -0.8834122 0.3538113 -0.07460295 0.001236998 -0.3714236 -0.9284625 0.1202768 0.9516298 0.2857033 -0.1130255 1.27882E-4 0.0 0.0 0.0 1.0
RightArm 0.5611826 0.8276808 -0.004377348 -1.86265E-9 -0.7015941 0.472876 -0.5330605 0.1571838 -0.4391331 0.3022161 0.8460658 0.0 0.0 0.0 0.0 1.0
RightForeArm -0.3380641 0.93852 -0.06995466 1.86265E-9 -0.9402488 -0.340019 -0.01787033 0.2433223 -0.04055753 0.05973348 0.9973901 0.0 0.0 0.0 0.0 1.0
RightHand 0.7992363 -0.2394976 -0.5512376 3.72529E-9 0.1833912 0.9706132 -0.1558079 0.2210492 0.5723546 0.0234352 0.8196719 0.0 0.0 0.0 0.0 1.0
RightHandThumb1 0.5174016 0.3958364 -0.7586891 0.02432847 -0.5229535 0.8480303 0.08581187 0.02173328 0.6773591 0.3523597 0.6457767 0.02240241 0.0 0.0 0.0 1.0
RightHandThumb2 0.9972119 -0.04411149 -0.06018347 0.0 0.03442228 0.9875544 -0.153466 0.0316596 0.06620407 0.1509665 0.9863192 0.0 0.0 0.0 0.0 1.0
RightHandThumb3 0.9963235 0.07284911 -0.04509187 5.96046E-8 -0.07886854 0.9854475 -0.1505701 0.04512554 0.03346676 0.1535727 0.9875709 -1.19209E-7 0.0 0.0 0.0 1.0
RightHandIndex1 0.9875367 0.02473052 0.1554274 -9.55056E-4 0.02650228 0.9473428 -0.3191214 0.1227155 -0.1551351 0.3192638 0.9348809 0.01596212 0.0 0.0 0.0 1.0
RightHandIndex2 0.9981639 -0.06052413 0.00238461 -2.79397E-8 0.05542311 0.8967396 -0.439076 0.03529257 0.02443627 0.4384018 0.8984479 1.19209E-7 0.0 0.0 0.0 1.0
RightHandIndex3 0.9898548 -0.1420511 -0.003077336 -1.67638E-8 0.1383691 0.9588249 0.248012 0.0317136 -0.03227976 -0.2459218 0.9687514 0.0 0.0 0.0 0.0 1.0
LeftUpLeg -0.9335006 0.1075661 0.3421146 0.075562 0.03204821 -0.9251535 0.3782604 -0.050192 0.3571228 0.364033 0.8600097 0.01711658 0.0 0.0 0.0 1.0
LeftLeg 0.9999811 0.006143772 -0.001277896 0.0 -0.005124278 0.9170347 0.3988084 0.4532725 0.003622061 -0.3988093 0.9170132 0.0 0.0 0.0 0.0 1.0
LeftFoot 0.9292341 0.369314 0.01035117 0.0 -0.3307461 0.8439302 -0.4222831 0.4083862 -0.1646896 0.3889289 0.9064764 -3.72529E-9 0.0 0.0 0.0 1.0
LeftToeBase 0.9984977 -5.68546E-4 0.05478229 0.0 0.001570351 0.999835 -0.01824602 0.2128294 -0.05476277 0.01830471 0.9983304 0.0 0.0 0.0 0.0 1.0
RightUpLeg -0.8672065 -0.3715455 -0.331587 -0.07556199 -0.05206975 -0.594637 0.8022605 -0.05014634 -0.495215 0.7129955 0.4962222 0.02111927 0.0 0.0 0.0 1.0
RightLeg 0.9983037 -0.04237769 -0.03996665 0.0 0.04889522 0.2366307 0.970288 0.4538118 -0.03166131 -0.9707647 0.2382591 0.0 0.0 0.0 0.0 1.0
RightFoot 0.87758 -0.469337 -0.09792961 7.45058E-9 0.1619388 0.482412 -0.8608393 0.4078041 0.4512742 0.7395939 0.4993512 -3.72529E-9 0.0 0.0 0.0 1.0
RightToeBase 0.9990483 -0.001185007 -0.0435951 0.0 5.35011E-4 0.9998893 -0.01491827 0.2092348 0.04360799 0.01488084 0.9989359 -1.49012E-8 0.0 0.0 0.0 1.0
Time 1.4
Hips -0.9965464 0.01801617 0.08106229 -2.0E-6 0.03814316 0.966418 0.2541288 1.013596 -0.07376163 0.2563432 -0.9637673 0.4698162 0.0 0.0 0.0 1.0
Spine 0.999714 0.02207659 -0.009207698 -2.27374E-13 -0.02265433 0.9974115 -0.06824891 0.09082544 0.007677154 0.06843796 0.9976264 0.0 0.0 0.0 0.0 1.0
Spine1 0.9986719 0.04708917 -0.02090278 0.0 -0.04949883 0.9895009 -0.1357873 0.1059631 0.01428922 0.1366417 0.9905169 -1.86265E-9 0.0 0.0 0.0 1.0
Spine2 0.9986719 0.04708915 -0.02090282 0.0 -0.04949883 0.9895007 -0.1357881 0.1211001 0.01428922 0.1366425 0.9905168 -1.86265E-9 0.0 0.0 0.0 1.0
Neck 0.9921281 -0.1248959 0.009087763 -2.27374E-13 0.1239197 0.9687353 -0.2149329 0.136238 0.0180406 0.2143673 0.9765862 0.0 0.0 0.0 0.0 1.0
Head 0.999627 -0.0160347 -0.0221027 0.0 0.02424344 0.8936301 0.4481484 0.05033028 0.01256571 -0.4485171 0.8936855 2.98023E-8 0.0 0.0 0.0 1.0
LeftShoulder 0.1752995 0.9621251 -0.2087702 0.07460298 0.009247296 -0.2136534 -0.976866 0.120279 -0.984472 0.1693134 -0.0463504 2.35898E-4 0.0 0.0 0.0 1.0
LeftArm 0.664973 -0.7381094 -0.1140423 1.86265E-9 0.4046596 0.484403 -0.7756323 0.1571853 0.6277434 0.469626 0.6207982 -1.19209E-7 0.0 0.0 0.0 1.0
LeftForeArm 0.1017897 -0.990093 -0.09672453 0.0 0.9743225 0.07959233 0.2106202 0.2433187 -0.2008352 -0.11568 0.9727703 1.19209E-7 0.0 0.0 0.0 1.0
LeftHand 0.6574338 0.1529713 0.7378214 3.72529E-9 0.006299774 0.978026 -0.2083862 0.2210224 -0.7534859 0.1416482 0.6420242 -2.38419E-7 0.0 0.0 0.0 1.0
LeftHandThumb1 0.6064359 -0.1261164 0.7850672 -0.02609394 0.7533963 0.4068129 -0.5166206 0.0214867 -0.2542209 0.9047638 0.3417222 0.02657175 0.0 0.0 0.0 1.0
LeftHandThumb2 0.8277497 0.556052 -0.07507718 -1.19209E-7 -0.5583764 0.8294896 -0.0127314 0.03439695 0.0551966 0.05245974 0.9970961 0.0 0.0 0.0 0.0 1.0
LeftHandThumb3 0.9994174 -9.87768E-4 0.03411379 8.9407E-8 0.00444299 0.9948394 -0.1013597 0.04414612 -0.03383762 0.1014523 0.9942641 0.0 0.0 0.0 0.0 1.0
LeftHandIndex1 0.9775974 0.07502295 -0.1966611 0.001419045 -0.2039315 0.5689302 -0.7966998 0.120492 0.05211572 0.818957 0.5714837 0.0189997 0.0 0.0 0.0 1.0
LeftHandIndex2 0.9912209 0.113742 -0.0674113 1.30385E-8 -0.1128894 0.4626395 -0.8793297 0.03294814 -0.06882963 0.8792195 0.4714181 0.0 0.0 0.0 0.0 1.0
LeftHandIndex3 0.9917614 0.1280184 -0.004496709 -1.49012E-8 -0.1254494 0.9777611 0.1680608 0.03357959 0.02591164 -0.1661122 0.9857658 -1.19209E-7 0.0 0.0 0.0 1.0
RightShoulder 0.2106455 -0.9442951 0.2528526 -0.074603 -0.008376949 -0.2603903 -0.9654668 0.1202769 0.9775261 0.201253 -0.0627604 1.27893E-4 0.0 0.0 0.0 1.0
RightArm 0.4310766 0.8988616 0.07887866 -1.86265E-9 -0.6636578 0.3750734 -0.6472078 0.1571838 -0.6113346 0.2266481 0.7582217 0.0 0.0 0.0 0.0 1.0
RightForeArm -0.2952539 0.9454991 -0.1373261 1.86265E-9 -0.9518845 -0.3034593 -0.04276189 0.2433223 -0.082104 0.118093 0.9896031 0.0 0.0 0.0 0.0 1.0
RightHand 0.8187919 -0.1131362 -0.5628328 3.72529E-9 0.1136804 0.9929269 -0.03421204 0.2210492 0.5627224 -0.0359704 0.8258639 0.0 0.0 0.0 0.0 1.0
RightHandThumb1 0.5275245 0.4352466 -0.7295738 0.02432836 -0.499768 0.8534568 0.147791 0.02173334 0.6869851 0.2866542 0.6677429 0.02240241 0.0 0.0 0.0 1.0
RightHandThumb2 0.9964992 -0.02173439 -0.08072715 0.0 0.01079154 0.9909779 -0.1335931 0.0316596 0.08290242 0.1322542 0.9877424 0.0 0.0 0.0 0.0 1.0
RightHandThumb3 0.9963236 0.07284877 -0.04509133 5.96046E-8 -0.07886812 0.9854476 -0.1505702 0.04512554 0.03346631 0.1535727 0.9875708 -1.19209E-7 0.0 0.0 0.0 1.0
RightHandIndex1 0.9901092 0.07145377 0.1207318 -9.55034E-4 -0.02542207 0.9377099 -0.3464886 0.1227156 -0.1379692 0.3399928 0.9302521 0.01596212 0.0 0.0 0.0 1.0
RightHandIndex2 0.9982401 -0.05917543 -0.003758591 -2.79397E-8 0.05460414 0.9421355 -0.3307559 0.03529257 0.02311369 0.3299687 0.9437096 1.19209E-7 0.0 0.0 0.0 1.0
