Root_Bone_Name Hips
Num_Keyframes 8
Num_Bones 1
Time_Wrapping_Mode LOOP
Time 0.0
Hips -0.9997282 0.0 -0.02331352 -0.08434786 -0.02331352 0.0 0.9997282 0.2429218 0.0 1.0 0.0 0.4959653 0.0 0.0 0.0 1.0
Time 1.0
Hips 0.03111391 0.3079612 -0.9508901 0.5321569 -0.9992462 -0.01251772 -0.03675023 1.091849 -0.02322064 0.9513166 0.3073395 0.9014865 0.0 0.0 0.0 1.0
Time 2.0
Hips 0.9944444 -0.1031751 -0.02086336 -0.02098845 0.01021192 0.2918266 -0.9564167 1.644995 0.1047669 0.9508902 0.291259 1.054281 0.0 0.0 0.0 1.0
Time 3.0
Hips -0.06260024 0.2680815 0.9613603 -0.3992301 0.9856464 0.1679294 0.01735345 1.49063 -0.1567886 0.9486474 -0.2747459 1.125476 0.0 0.0 0.0 1.0
Time 4.0
Hips -0.9996014 0.0 -0.02824246 0.3218229 -0.02824246 0.0 0.9996014 0.9164958 0.0 1.0 0.0 1.423522 0.0 0.0 0.0 1.0
Time 5.0
Hips -0.9996014 0.0 -0.02824246 0.8535304 -0.02824246 0.0 0.9996014 1.364249 0.0 1.0 0.0 1.054281 0.0 0.0 0.0 1.0
Time 6.0
Hips -0.9996014 0.0 -0.02824246 -0.8325418 -0.02824246 0.0 0.9996014 0.8185497 0.0 1.0 0.0 0.7287655 0.0 0.0 0.0 1.0
Time 7.083333
Hips -0.9996014 0.0 -0.02824246 -0.06296527 -0.02824246 0.0 0.9996014 0.2238768 0.0 1.0 0.0 0.5587202 0.0 0.0 0.0 1.0
