Root_Bone_Name Hips
Num_Keyframes 1
Num_Bones 34
Time_Wrapping_Mode LOOP
Time 0.0
Hips 1.0 0.0 0.0 0.0 0.0 0.1034132 -0.9946386 -0.01848417 0.0 0.9946386 0.1034131 1.061147 0.0 0.0 0.0 1.0
Spine 1.0 0.0 0.0 0.0 0.0 1.0 4.74602E-6 0.08873451 0.0 -4.74602E-6 0.9999999 0.0 0.0 0.0 0.0 1.0
Spine1 1.0 0.0 0.0 0.0 0.0 1.0 5.96046E-8 0.1035219 0.0 -5.96046E-8 0.9999999 0.0 0.0 0.0 0.0 1.0
Spine2 1.0 0.0 0.0 0.0 0.0 1.0 7.689E-6 0.118312 0.0 -7.6741E-6 0.9999999 1.49012E-8 0.0 0.0 0.0 1.0
Neck 1.0 0.0 0.0 0.0 0.0 0.9817975 -0.1899303 0.1331005 0.0 0.1899303 0.9817976 0.0 0.0 0.0 0.0 1.0
Head 1.0 0.0 0.0 0.0 0.0 0.9999999 4.47035E-8 0.04857564 0.0 -5.21541E-8 1.0 2.98023E-8 0.0 0.0 0.0 1.0
LeftShoulder -0.02074115 0.9753857 -0.2195283 0.0643722 3.32661E-4 -0.2195687 -0.975597 0.11904 -0.9997848 -0.02030794 0.004229635 -0.001295313 0.0 0.0 0.0 1.0
LeftArm 0.9988239 0.04819799 0.005256936 0.0 -0.04848383 0.9929522 0.1081453 0.1315212 -7.48783E-6 -0.108273 0.9941211 0.0 0.0 0.0 0.0 1.0
LeftForeArm 0.9945568 -0.1038115 -0.008950464 0.0 0.1041967 0.9908812 0.08542561 0.2139809 6.70552E-7 -0.08589323 0.9963043 1.19209E-7 0.0 0.0 0.0 1.0
LeftHand 0.9923803 3.53903E-8 0.1232134 2.23517E-8 1.58907E-8 1.0 -4.84288E-7 0.2721961 -0.1232134 4.787E-7 0.9923802 1.19209E-7 0.0 0.0 0.0 1.0
LeftHandThumb1 0.7484296 -0.5749857 0.3305214 -0.02835138 0.6243925 0.7788877 -0.05888989 0.03840607 -0.2235782 0.25045 0.9419594 0.01234591 0.0 0.0 0.0 1.0
LeftHandThumb2 0.8856326 0.3263012 -0.3304274 0.0 -0.2825517 0.9433008 0.1742084 0.03944691 0.3685367 -0.0609218 0.9276149 0.0 0.0 0.0 0.0 1.0
LeftHandThumb3 0.9999223 -3.15718E-7 0.0124746 -4.47035E-8 3.32482E-7 1.0 1.04308E-6 0.03420955 -0.0124746 -1.04308E-6 0.9999221 1.19209E-7 0.0 0.0 0.0 1.0
LeftHandIndex1 0.9937984 0.02700338 -0.1078682 0.01182525 -0.0308016 0.9989572 -0.03370187 0.09680319 0.1068456 0.03681539 0.9935938 -0.01331055 0.0 0.0 0.0 1.0
LeftHandIndex2 0.9999961 -0.001892333 0.002078645 0.0 0.001770288 0.9983599 0.05722419 0.03358978 -0.002183512 -0.05722027 0.9983593 0.0 0.0 0.0 0.0 1.0
LeftHandIndex3 0.9999225 -3.14903E-8 -0.01245353 0.0 4.07017E-8 0.9999999 6.29108E-7 0.03096563 0.01245353 -6.58911E-7 0.9999226 0.0 0.0 0.0 0.0 1.0
RightShoulder -0.02585902 -0.9753847 0.2189904 -0.06437293 -3.46959E-4 -0.2190549 -0.9757126 0.1190747 0.9996657 -0.02530662 0.005326129 -0.00162524 0.0 0.0 0.0 1.0
RightArm 0.9992597 -0.03824513 -0.0041271 0.0 0.03846716 0.9934905 0.1072244 0.1315204 -5.73695E-7 -0.1073038 0.9942263 0.0 0.0 0.0 0.0 1.0
RightForeArm 0.9952524 0.09696238 0.008406051 7.45058E-9 -0.09732609 0.9915264 0.08603977 0.2139232 7.78586E-6 -0.08644943 0.9962564 0.0 0.0 0.0 0.0 1.0
RightHand 0.9916194 1.61817E-7 -0.1291934 0.0 1.38534E-8 1.0 1.35973E-6 0.272174 0.1291934 -1.35414E-6 0.9916194 1.19209E-7 0.0 0.0 0.0 1.0
RightHandThumb1 0.7328465 0.591286 -0.3366258 0.02927473 -0.646647 0.7591621 -0.0742998 0.03758866 0.2116212 0.2721284 0.9387025 0.01347387 0.0 0.0 0.0 1.0
RightHandThumb2 0.8552458 -0.3782803 0.3542016 0.0 0.3002204 0.9187815 0.2563362 0.03960899 -0.4224008 -0.1128919 0.8993514 -1.19209E-7 0.0 0.0 0.0 1.0
RightHandThumb3 0.9999971 9.87202E-8 -0.002366714 -1.86265E-8 -1.15484E-7 1.0 -1.58697E-6 0.0349291 0.002366692 1.61678E-6 0.9999973 0.0 0.0 0.0 0.0 1.0
RightHandIndex1 0.994047 -0.02183865 0.1067408 -0.01124857 0.02323087 0.9996602 -0.01181691 0.09845912 -0.1064465 0.01422621 0.9942167 -0.01279581 0.0 0.0 0.0 1.0
RightHandIndex2 0.9999978 0.001595159 -0.001485907 0.0 -0.001559127 0.999712 0.02394263 0.03336442 0.001523666 -0.02394027 0.9997123 0.0 0.0 0.0 0.0 1.0
RightHandIndex3 0.9999443 -1.28057E-9 0.01055507 -1.49012E-8 -2.67755E-9 1.0 2.98023E-8 0.03023076 -0.01055507 -9.31323E-10 0.9999442 0.0 0.0 0.0 0.0 1.0
LeftUpLeg -0.9999356 0.01137192 -1.78143E-4 0.0889065 -0.01128955 -0.9944208 -0.1048892 -0.04807568 -0.001375928 -0.1048745 0.9945123 -0.01315653 0.0 0.0 0.0 1.0
LeftLeg 0.9997277 0.02333097 4.70372E-4 0.0 -0.02333557 0.9994484 0.02362955 0.4472923 8.11873E-5 -0.02363409 0.9997207 9.31323E-10 0.0 0.0 0.0 1.0
LeftFoot 0.9997922 0.0163944 0.01211982 7.45058E-9 7.52509E-7 0.5944318 -0.8041461 0.4343202 -0.0203879 0.8039789 0.5943084 4.65661E-10 0.0 0.0 0.0 1.0
LeftToeBase 0.9999617 -6.37956E-8 0.008761723 0.0 6.56582E-8 1.0 -2.38419E-7 0.1894405 -0.008761721 1.49012E-7 0.9999616 0.0 0.0 0.0 0.0 1.0
RightUpLeg -0.9999353 -0.01136959 -3.55333E-4 -0.08890671 0.0113307 -0.992788 -0.1193477 -0.048715 0.001004338 -0.1193438 0.9928533 -0.007014334 0.0 0.0 0.0 1.0
RightLeg 0.9997277 -0.02332174 -7.69512E-4 -7.45058E-9 0.02332984 0.9996413 0.01315422 0.4473486 4.62456E-4 -0.01316859 0.9999132 1.16415E-10 0.0 0.0 0.0 1.0
RightFoot 0.9997929 -0.01645413 -0.01197767 0.0 -9.574E-7 0.5884884 -0.8085056 0.4343683 0.02035198 0.8083383 0.5883666 0.0 0.0 0.0 0.0 1.0
RightToeBase 0.9999629 -1.08965E-7 -0.008623842 0.0 1.07801E-7 1.0 0.0 0.1902452 0.008623842 8.9407E-8 0.9999628 7.45058E-9 0.0 0.0 0.0 1.0
