Root_Bone_Name Hips
Num_Keyframes 1
Num_Bones 34
Time_Wrapping_Mode LOOP
Time 0.0
Hips 1.0 0.0 0.0 0.0 0.0 0.0360188 -0.9993511 0.005289818 0.0 0.9993511 0.03601891 1.113533 0.0 0.0 0.0 1.0
Spine 1.0 0.0 0.0 0.0 0.0 0.9999999 1.05798E-6 0.1038882 0.0 -1.05798E-6 1.0 0.0 0.0 0.0 0.0 1.0
Spine1 1.0 0.0 0.0 0.0 0.0 0.9999999 -2.6077E-8 0.121202 0.0 2.23517E-8 1.0 -3.72529E-9 0.0 0.0 0.0 1.0
Spine2 1.0 0.0 0.0 0.0 0.0 0.9999999 -7.89762E-7 0.1385181 0.0 7.89762E-7 1.0 0.0 0.0 0.0 0.0 1.0
Neck 1.0 0.0 0.0 0.0 0.0 0.9515948 -0.3073556 0.1558321 0.0 0.3073556 0.9515948 3.72529E-9 0.0 0.0 0.0 1.0
Head 1.0 0.0 0.0 0.0 0.0 0.9999999 -2.98023E-7 0.03796172 0.0 3.27826E-7 1.0 -2.98023E-8 0.0 0.0 0.0 1.0
LeftShoulder -0.02147156 0.9626355 -0.269948 0.08773828 0.001393761 -0.2699812 -0.9628646 0.1346016 -0.9997685 -0.02105044 0.004455224 -0.001693558 0.0 0.0 0.0 1.0
LeftArm 0.9998099 0.01934885 0.002365958 0.0 -0.01949297 0.9924774 0.120866 0.164335 -9.54233E-6 -0.1208892 0.9926659 0.0 0.0 0.0 0.0 1.0
LeftForeArm 0.995921 -0.08938875 -0.01229684 3.72529E-9 0.09023058 0.9866241 0.1357605 0.2321146 -3.10689E-6 -0.1363163 0.9906653 0.0 0.0 0.0 0.0 1.0
LeftHand 0.9979297 8.84756E-9 0.06431518 -2.32831E-9 -5.19503E-8 0.9999999 5.71832E-7 0.2541187 -0.06431518 -5.83939E-7 0.9979297 -1.19209E-7 0.0 0.0 0.0 1.0
LeftHandThumb1 0.8290526 -0.5081664 0.2333208 -0.03530192 0.534583 0.842674 -0.0641986 0.05853784 -0.1639899 0.1779534 0.9702783 0.01236117 0.0 0.0 0.0 1.0
LeftHandThumb2 0.9274231 0.2660025 -0.2629246 0.0 -0.2361768 0.9616031 0.1397858 0.05557275 0.2900125 -0.06754392 0.9546364 -1.19209E-7 0.0 0.0 0.0 1.0
LeftHandThumb3 0.9999914 -2.02097E-7 -0.004136391 -2.23517E-8 2.09548E-7 1.0 -9.90927E-7 0.04781216 0.004136376 1.00583E-6 0.9999914 -1.19209E-7 0.0 0.0 0.0 1.0
LeftHandIndex1 0.9880701 0.0778564 -0.132876 0.0174123 -0.08453429 0.995387 -0.04536976 0.1493397 0.1287307 0.05606109 0.9900938 -0.02290201 0.0 0.0 0.0 1.0
LeftHandIndex2 0.9999987 0.001023684 -0.001222417 0.0 -0.001015905 0.9999793 0.006343484 0.03506315 0.001228891 -0.00634224 0.9999793 0.0 0.0 0.0 0.0 1.0
LeftHandIndex3 0.9998989 5.6345E-8 -0.01421386 0.0 -6.51926E-8 1.0 3.76254E-7 0.03633803 0.01421387 -4.32134E-7 0.999899 0.0 0.0 0.0 0.0 1.0
RightShoulder 0.001641228 -0.9626327 0.2708064 -0.08773907 -1.24346E-4 -0.2708071 -0.9626338 0.1345354 0.9999988 0.001546375 -5.64147E-4 1.62337E-4 0.0 0.0 0.0 1.0
RightArm 0.9978052 -0.06571983 -0.00810449 -3.72529E-9 0.06621768 0.9903221 0.1219734 0.1643347 9.98005E-6 -0.1222424 0.9925004 0.0 0.0 0.0 0.0 1.0
RightForeArm 0.9938779 0.1094487 0.01508552 -1.86265E-9 -0.1104834 0.9845819 0.1356178 0.2323686 -9.73791E-6 -0.1364542 0.9906464 0.0 0.0 0.0 0.0 1.0
RightHand 0.9970654 -3.26545E-8 -0.07655431 -5.12227E-9 -5.56465E-8 1.0 -1.08685E-6 0.2540964 0.07655431 1.10641E-6 0.9970654 0.0 0.0 0.0 0.0 1.0
RightHandThumb1 0.8263142 0.5205379 -0.2150472 0.032897 -0.5434026 0.8372197 -0.06145921 0.05291128 0.1480499 0.1676418 0.974668 0.01059556 0.0 0.0 0.0 1.0
RightHandThumb2 0.9530042 -0.2091655 0.2191636 5.96046E-8 0.1919799 0.9765714 0.0972224 0.05055693 -0.2343645 -0.05057838 0.9708322 0.0 0.0 0.0 0.0 1.0
RightHandThumb3 0.9999999 -4.31202E-7 5.23075E-4 -2.98023E-8 3.89991E-7 1.0 1.58697E-6 0.05156124 -5.23055E-4 -1.59442E-6 0.9999999 0.0 0.0 0.0 0.0 1.0
RightHandIndex1 0.988804 -0.08581264 0.1220774 -0.01700537 0.08758385 0.9961147 -0.009207487 0.1486394 -0.120813 0.0197964 0.992478 -0.02291989 0.0 0.0 0.0 1.0
RightHandIndex2 0.9999239 0.007863399 -0.00949648 1.49012E-8 -0.008352956 0.9985775 -0.05266242 0.03733921 0.009068854 0.05273781 0.9985672 -1.19209E-7 0.0 0.0 0.0 1.0
RightHandIndex3 0.9999879 -2.29105E-7 -0.004922144 7.45058E-9 2.24914E-7 1.0 -9.0152E-7 0.03603947 0.004922137 9.46224E-7 0.9999878 -1.19209E-7 0.0 0.0 0.0 1.0
LeftUpLeg -0.9995397 0.03049553 -5.01871E-5 0.09685898 -0.03038837 -0.9962568 -0.08093138 -0.05779231 -0.002543002 -0.08088645 0.9967532 0.003780935 0.0 0.0 0.0 1.0
LeftLeg 0.99891 0.04629806 -0.005931649 0.0 -0.04667649 0.9908683 -0.1264963 0.478845 2.095E-5 0.1266353 0.9919494 -3.72529E-9 0.0 0.0 0.0 1.0
LeftFoot 0.9987639 -0.03156488 -0.03840029 -1.49012E-8 3.65824E-6 0.7725579 -0.6349442 0.3996798 0.04970839 0.6341591 0.771603 1.86265E-9 0.0 0.0 0.0 1.0
LeftToeBase 0.9995965 3.53903E-8 0.02840386 0.0 -2.71539E-8 1.0 -1.49012E-7 0.2448126 -0.02840386 1.78814E-7 0.9995966 0.0 0.0 0.0 0.0 1.0
RightUpLeg -0.999537 -0.03049821 -9.77516E-6 -0.0968603 0.03040852 -0.9966115 -0.07642852 -0.05770695 0.002331793 -0.0763911 0.9970884 0.001444504 0.0 0.0 0.0 1.0
RightLeg 0.9989104 -0.04633442 0.005576622 0.0 0.04666878 0.9916914 -0.1198754 0.4787533 2.40695E-5 0.1200051 0.9927732 3.72529E-9 0.0 0.0 0.0 1.0
RightFoot 0.9988787 0.03091594 0.03585452 -7.45058E-9 -5.19678E-7 0.7573454 -0.6530145 0.3996105 -0.04734282 0.6522823 0.7564961 3.72529E-9 0.0 0.0 0.0 1.0
RightToeBase 0.9996033 5.58794E-8 -0.0281647 0.0 -4.95857E-8 1.0 5.96046E-8 0.2500751 0.02816469 2.98023E-8 0.9996033 -1.49012E-8 0.0 0.0 0.0 1.0
