Root_Bone_Name Hips
Num_Keyframes 1
Num_Bones 34
Time_Wrapping_Mode LOOP
Time 0.0
Hips 1.0 0.0 0.0 0.0 0.0 0.115436 -0.9933149 -0.003746158 0.0 0.9933149 0.1154361 0.96891 0.0 0.0 0.0 1.0
Spine 1.0 0.0 0.0 0.0 0.0 1.0 -7.89762E-6 0.03596663 0.0 7.90507E-6 0.9999999 0.0 0.0 0.0 0.0 1.0
Spine1 1.0 0.0 0.0 0.0 0.0 0.9999999 -5.28991E-7 0.04196107 0.0 5.21541E-7 1.0 0.0 0.0 0.0 0.0 1.0
Spine2 1.0 0.0 2.38419E-7 0.0 -4.69669E-12 0.9999999 1.96993E-5 0.04795492 -2.38419E-7 -1.97217E-5 1.0 -1.49012E-8 0.0 0.0 0.0 1.0
Neck 1.0 -2.51339E-8 1.32848E-9 -3.55271E-15 2.51339E-8 0.9944279 -0.1054193 0.05394745 1.32848E-9 0.1054193 0.9944279 1.49012E-8 0.0 0.0 0.0 1.0
Head 1.0 -1.17462E-13 -1.14284E-14 -2.22045E-16 1.16795E-13 1.0 -4.89876E-7 0.0684545 -1.14318E-14 4.9267E-7 1.0 9.31323E-10 0.0 0.0 0.0 1.0
LeftShoulder 0.01920891 0.9940721 -0.1070141 0.0544758 0.005199455 -0.1071317 -0.9942313 0.05046427 -0.9998021 0.01854181 -0.007226527 0.001310952 0.0 0.0 0.0 1.0
LeftArm 0.9999962 -0.002726372 -6.74427E-5 -7.45058E-9 0.002727159 0.999532 0.0304708 0.1105862 -1.56388E-5 -0.03047087 0.9995358 0.0 0.0 0.0 0.0 1.0
LeftForeArm 0.9994394 0.03336582 0.00275968 0.0 -0.03347974 0.9960254 0.08253571 0.1063779 5.14835E-6 -0.08258181 0.9965842 0.0 0.0 0.0 0.0 1.0
LeftHand 0.9821994 2.95695E-8 0.1878418 7.45058E-9 3.96976E-8 1.0 -3.52971E-7 0.226043 -0.1878417 3.72529E-7 0.9821992 0.0 0.0 0.0 0.0 1.0
LeftHandThumb1 0.7705887 -0.6309383 0.09005452 -0.05732862 0.6274444 0.775815 0.06651457 0.07049 -0.1118323 0.005248886 0.9937133 4.78983E-4 0.0 0.0 0.0 1.0
LeftHandThumb2 0.9841224 0.06025422 -0.166951 -5.96046E-8 -0.129071 0.8886124 -0.4401232 0.07268983 0.1218355 0.4546837 0.8822806 0.0 0.0 0.0 0.0 1.0
LeftHandThumb3 0.9995236 1.86265E-9 -0.03086817 -2.98023E-8 -7.45058E-9 0.9999999 -1.78814E-7 0.09335577 0.03086819 1.49012E-7 0.9995235 0.0 0.0 0.0 0.0 1.0
LeftHandIndex1 0.9465261 0.1543054 -0.2833336 0.009816594 -0.2138262 0.9576618 -0.1927753 0.2352234 0.2415915 0.2430511 0.9394466 -0.01578796 0.0 0.0 0.0 1.0
LeftHandIndex2 0.8712141 -0.06612791 0.4864292 2.98023E-8 0.3486218 0.7809635 -0.5182269 0.06870672 -0.3456141 0.6210662 0.7034397 2.38419E-7 0.0 0.0 0.0 1.0
LeftHandIndex3 0.9979014 5.96046E-8 -0.06475154 -2.98023E-8 -7.45058E-9 1.0 8.64267E-7 0.05783111 0.06475152 -8.9407E-7 0.9979014 1.19209E-7 0.0 0.0 0.0 1.0
RightShoulder -0.04237846 -0.9940713 0.1001315 -0.05447596 -0.004667342 -0.1000235 -0.9949742 0.05085695 0.9990907 -0.04263278 -4.00841E-4 -0.00207261 0.0 0.0 0.0 1.0
RightArm 0.9861085 0.1660915 0.001894794 -7.45058E-9 -0.1661023 0.9860444 0.01124184 0.1105867 -1.16229E-6 -0.0114004 0.9999349 -1.19209E-7 0.0 0.0 0.0 1.0
RightForeArm 0.9894947 -0.1439021 -0.01387532 -7.45058E-9 0.1445695 0.9849308 0.09492591 0.1072859 6.18398E-6 -0.09593463 0.9953877 0.0 0.0 0.0 0.0 1.0
RightHand 0.9861754 1.63389E-7 -0.165705 1.49012E-8 2.14204E-8 1.0 1.11759E-6 0.2260797 0.165705 -1.10595E-6 0.9861754 -1.19209E-7 0.0 0.0 0.0 1.0
RightHandThumb1 0.7549201 0.6503904 -0.084191 0.05712107 -0.6492553 0.7592973 0.0439942 0.06668556 0.09253935 0.02144934 0.995478 0.001882434 0.0 0.0 0.0 1.0
RightHandThumb2 0.9742469 -0.09872136 0.2027243 0.0 0.1783601 0.8874512 -0.4249919 0.07025948 -0.1379522 0.4502048 0.8822044 -1.19209E-7 0.0 0.0 0.0 1.0
RightHandThumb3 0.9998813 -5.2189E-7 -0.01540033 1.49012E-8 5.46686E-7 1.0 1.37091E-6 0.09404846 0.01540039 -1.40071E-6 0.9998814 0.0 0.0 0.0 0.0 1.0
RightHandIndex1 0.9583001 -0.1341037 0.2523435 -0.007445991 0.1990531 0.9468361 -0.2527441 0.2374173 -0.205034 0.2924344 0.9340467 -0.02050114 0.0 0.0 0.0 1.0
RightHandIndex2 0.8576823 0.06000002 -0.5106674 0.0 -0.3680662 0.7651459 -0.5282794 0.0725373 0.3590383 0.6410552 0.678336 0.0 0.0 0.0 0.0 1.0
RightHandIndex3 0.9985182 8.9407E-8 0.0544183 -2.98023E-8 -6.70552E-8 1.0 -8.9407E-8 0.05640581 -0.05441824 2.98023E-8 0.9985183 -1.19209E-7 0.0 0.0 0.0 1.0
LeftUpLeg -0.9959166 0.09026635 3.52859E-5 0.07314774 -0.08962826 -0.9888256 -0.1191243 -0.01993072 -0.01071538 -0.1186417 0.9928775 -0.002395838 0.0 0.0 0.0 1.0
LeftLeg 0.9985752 -0.05334405 -0.001399464 0.0 0.05336238 0.9982092 0.02703953 0.3355328 -4.54391E-5 -0.02707568 0.9996334 2.32831E-10 0.0 0.0 0.0 1.0
LeftFoot 0.9998822 -0.01278656 -0.00848484 0.0 1.89245E-6 0.5530173 -0.8331697 0.3646786 0.01534564 0.8330716 0.5529522 -3.72529E-9 0.0 0.0 0.0 1.0
LeftToeBase 0.9786925 7.45058E-8 -0.2053314 0.0 -4.65661E-8 1.0 0.0 0.3757626 0.2053315 -1.19209E-7 0.9786925 0.0 0.0 0.0 0.0 1.0
RightUpLeg -0.9959201 -0.09027014 4.24683E-5 -0.07314731 0.08966911 -0.9893538 -0.1146248 -0.01992691 0.01039611 -0.1141517 0.9934133 -0.002429575 0.0 0.0 0.0 1.0
RightLeg 0.9985746 0.05337165 5.37474E-4 -1.49012E-8 -0.05337431 0.9985361 0.00877277 0.3355311 -6.84698E-5 -0.008788953 0.9999614 0.0 0.0 0.0 0.0 1.0
RightFoot 0.9998783 0.01259384 0.009189025 0.0 -8.79169E-7 0.589468 -0.8077918 0.3645182 -0.01558985 0.8076936 0.5893964 -3.49246E-10 0.0 0.0 0.0 1.0
RightToeBase 0.9794616 -1.49012E-8 0.201631 0.0 3.91155E-8 1.0 -8.9407E-8 0.3646798 -0.201631 2.98023E-8 0.9794616 0.0 0.0 0.0 0.0 1.0
