Root_Bone_Name Hips
Num_Keyframes 1
Num_Bones 34
Time_Wrapping_Mode LOOP
Time 0.0
Hips 1.0 0.0 0.0 -1.0E-6 0.0 0.0599912 -0.9981989 -0.007131182 0.0 0.9981989 0.05999124 1.114002 0.0 0.0 0.0 1.0
Spine 1.0 -9.40188E-13 -3.00726E-14 0.0 9.40188E-13 0.9999999 -1.44169E-6 0.103645 3.0074E-14 1.44169E-6 0.9999999 -7.45058E-9 0.0 0.0 0.0 1.0
Spine1 1.0 9.92417E-13 2.77538E-14 0.0 -9.66303E-13 1.0 8.9407E-8 0.1209192 -2.82264E-14 -9.68575E-8 0.9999999 -7.45058E-9 0.0 0.0 0.0 1.0
Spine2 1.0 7.56947E-13 2.01028E-14 0.0 -7.31046E-13 1.0 3.78117E-6 0.1381929 -1.83998E-14 -3.78489E-6 0.9999999 -7.45058E-9 0.0 0.0 0.0 1.0
Neck 1.0 -6.78592E-13 2.54318E-13 0.0 7.42588E-13 0.9295819 -0.3686157 0.1554672 1.07778E-14 0.3686157 0.9295818 0.0 0.0 0.0 0.0 1.0
Head 1.0 1.56769E-14 0.0 0.0 0.0 1.0 -4.17233E-7 0.02308893 0.0 4.47035E-7 1.0 5.96046E-8 0.0 0.0 0.0 1.0
LeftShoulder -0.02741448 0.9659787 -0.2571653 0.08705916 0.001706682 -0.2572164 -0.9663525 0.1351089 -0.9996229 -0.02693087 0.005402852 -0.00216113 0.0 0.0 0.0 1.0
LeftArm 0.9993417 0.03608672 0.003762022 -7.45058E-9 -0.03628226 0.9939092 0.1040577 0.1631344 1.59964E-5 -0.1041257 0.9945641 -1.19209E-7 0.0 0.0 0.0 1.0
LeftForeArm 0.990083 -0.1365344 -0.03307493 -7.45058E-9 0.1404834 0.9622611 0.2330616 0.2291684 5.81145E-6 -0.2353968 0.9718995 -1.19209E-7 0.0 0.0 0.0 1.0
LeftHand 0.1029204 -6.10016E-8 -0.9946897 0.0 2.48849E-6 0.9999999 2.05124E-7 0.2615126 0.9946895 -2.5034E-6 0.1029204 0.0 0.0 0.0 0.0 1.0
LeftHandThumb1 0.06782166 -0.9968165 -0.04192084 -0.04588795 0.9963132 0.0654555 0.0554565 0.003011823 -0.05253601 -0.04552745 0.9975808 -0.002098739 0.0 0.0 0.0 1.0
LeftHandThumb2 0.988294 -0.1525382 0.002651265 0.0 0.1525467 0.9878097 -0.03100952 0.03682709 0.00211119 0.03105097 0.9995155 5.58794E-9 0.0 0.0 0.0 1.0
LeftHandThumb3 0.9999995 -1.07288E-6 -9.94207E-4 -5.96046E-8 1.08778E-6 1.0 -4.84288E-8 0.03372288 9.94203E-4 5.02914E-8 0.9999995 3.72529E-9 0.0 0.0 0.0 1.0
LeftHandIndex1 0.9973101 -0.060836 -0.04088599 0.04291582 0.06474834 0.9926348 0.1023886 0.0848124 0.03435595 -0.1047605 0.9939039 -0.002851047 0.0 0.0 0.0 1.0
LeftHandIndex2 0.9293889 0.3523492 -0.1099371 1.19209E-7 -0.2704537 0.4473955 -0.8524624 0.0460825 -0.2511791 0.822002 0.5110987 0.0 0.0 0.0 0.0 1.0
LeftHandIndex3 0.6627684 -1.54972E-6 0.7488245 -1.19209E-7 1.62423E-6 0.9999999 5.06639E-7 0.02063961 -0.7488244 8.80798E-7 0.6627682 0.0 0.0 0.0 0.0 1.0
RightShoulder -0.004082934 -0.9659787 0.2585891 -0.08705912 -4.55987E-4 -0.2585894 -0.9659873 0.1349975 0.9999914 -0.00406208 6.15329E-4 -2.93233E-4 0.0 0.0 0.0 1.0
RightArm 0.9957795 -0.0912514 -0.00981703 0.0 0.09177794 0.9900714 0.1064668 0.1631349 4.32134E-6 -0.1069183 0.9942679 0.0 0.0 0.0 0.0 1.0
RightForeArm 0.9868479 0.1571034 0.03807603 3.72529E-9 -0.1616516 0.959079 0.2324571 0.2296847 1.87755E-6 -0.2355548 0.971861 -1.19209E-7 0.0 0.0 0.0 1.0
RightHand -0.06994306 4.65661E-10 -0.997551 1.86265E-9 1.17719E-6 1.0 -9.01055E-8 0.2613682 0.997551 -1.20699E-6 -0.06994307 0.0 0.0 0.0 0.0 1.0
RightHandThumb1 0.8888956 0.4579181 -0.01323882 0.02223015 -0.4580614 0.88885 -0.01119744 0.04314822 0.00663982 0.01601755 0.9998496 7.77677E-4 0.0 0.0 0.0 1.0
RightHandThumb2 0.933445 -0.3546452 -0.05391647 1.19209E-7 0.3586491 0.9196653 0.1599579 0.0388336 -0.007143214 -0.168649 0.9856502 -7.45058E-9 0.0 0.0 0.0 1.0
RightHandThumb3 0.9824765 4.47035E-8 0.1863867 0.0 -3.53903E-8 0.9999999 -8.6613E-8 0.05596828 -0.1863866 1.13883E-7 0.9824764 1.49012E-8 0.0 0.0 0.0 1.0
RightHandIndex1 -0.09430371 -0.9884256 -0.1188349 -0.07126713 0.9955352 -0.09314305 -0.01529373 0.006827235 0.004048083 -0.1197466 0.9927962 -0.001595452 0.0 0.0 0.0 1.0
RightHandIndex2 0.9998782 -0.01552217 0.001681451 0.0 0.01528683 0.9514002 -0.307578 0.03318739 0.003174543 0.3075662 0.9515213 0.0 0.0 0.0 0.0 1.0
RightHandIndex3 0.9997512 -1.04308E-7 -0.02231077 1.19209E-7 5.96046E-8 0.9999999 -1.78814E-7 0.01731741 0.02231078 2.08616E-7 0.9997512 1.49012E-8 0.0 0.0 0.0 1.0
LeftUpLeg -0.9995883 0.0286515 2.00868E-5 0.09859191 -0.0285043 -0.9943388 -0.1023576 -0.0568428 -0.002904862 -0.1023192 0.9947331 -0.01000248 0.0 0.0 0.0 1.0
LeftLeg 0.9988979 0.04664218 -0.005225234 0.0 -0.04693394 0.9927787 -0.1103976 0.4789467 3.83173E-5 0.1105212 0.9938737 0.0 0.0 0.0 0.0 1.0
LeftFoot 0.9997442 -0.01499311 -0.01693184 1.49012E-8 1.3411E-7 0.7486726 -0.6629401 0.3950695 0.02261594 0.6627706 0.748481 -1.86265E-9 0.0 0.0 0.0 1.0
LeftToeBase 0.999613 -9.59262E-8 0.027819 7.45058E-9 9.15707E-8 0.9999999 8.9407E-8 0.2535974 -0.02781899 -5.96046E-8 0.9996129 1.49012E-8 0.0 0.0 0.0 1.0
RightUpLeg -0.9995905 -0.02864339 1.77026E-5 -0.09859253 0.02847151 -0.9936943 -0.108452 -0.05676365 0.003130168 -0.1084044 0.9941136 -0.01133902 0.0 0.0 0.0 1.0
RightLeg 0.9988974 -0.04655767 0.006013963 -1.49012E-8 0.04694448 0.9907165 -0.127583 0.4790788 -1.81629E-5 0.1277247 0.9918098 3.72529E-9 0.0 0.0 0.0 1.0
RightFoot 0.999738 0.01497366 0.01730949 0.0 -1.02632E-6 0.7563213 -0.6542003 0.395397 -0.02288731 0.6540289 0.7561232 1.86265E-9 0.0 0.0 0.0 1.0
RightToeBase 0.9996015 -4.28408E-8 -0.02823147 7.45058E-9 5.00622E-8 1.0 2.08616E-7 0.2534884 0.02823147 -2.98023E-7 0.9996014 -1.49012E-8 0.0 0.0 0.0 1.0
