ShrekFinalMesh:

visual scene hips armature transform:
1 -2.20202e-5 2.22726e-5 0 2.202e-5 -0.01140644 -0.9999349 0.007925 2.22728e-5 0.9999349 -0.0114063 1.04503 0 0 0 1

animation t=0 hips transform
1 -2.20202e-5 2.22726e-5 0 2.202e-5 -0.01140644 -0.9999349 0.007925 2.22728e-5 0.9999349 -0.0114063 1.04503 0 0 0 1

inv bind hips:
1 2.202e-5f 2.22728e-5f -2.34502e-5f -2.20202e-5f -0.0114063f 0.999935f -1.044872f 2.22726e-5f -0.999935f -0.01140642f 0.01984453f 0  0  0 1 

inv bind hips inverted:
1.0 -2.2020182E-5 2.227262E-5 -5.918821E-11 2.201998E-5 -0.011406421 -0.999935 0.00792499 2.2272816E-5 0.999935 -0.011406299 1.0450305 -0.0 0.0 -0.0 1.0

Slow Run Inv Bind hips:
1.000000 0.000000 0.000000 0.000002 -0.000000 1.000000 0.000000 -1.045032 0.000000 -0.000000 1.000000 0.007925 0.000000 0.000000 0.000000 1.000000 

//^^ they might be different because of different coordinate systems. try to rotate it and see if it lines up.



//inverse bind matrix:
RightHandIndex1               0.1293631 -0.9877796 0.08692765 -0.02366477 -0.9875359 -0.1362634 -0.07877385 -0.6916514 0.08965629 -0.07565379 -0.9930953 1.491908 0 0 0 1
RightForeArm                0.02804356 -0.9995533 -0.01031655 0.03269588 -0.9978806 -0.02859973 0.05844855 -0.5519065 -0.05871748 0.008655488 -0.9982371 1.394914 0 0 0 1 
RightHand                0.05813241 0.01131576 0.9982448 -1.395299 -0.9978818 -0.02858561 0.05843538 -0.7729378 0.02919685 -0.9995271 0.009629964 0.004809498 0 0 0 1 
RightHandThumb1               0.6862068 -0.7102289 0.1571469 0.2466698 -0.5612945 -0.654412 -0.506649 0.3005129 0.4626753 0.2594601 -0.8477095 1.538768 0 0 0 1 
RightHandThumb2               0.8573124 -0.513884 0.03063863 0.5584269 -0.3428506 -0.6143483 -0.7106544 0.7163047 0.3840166 0.5987482 -0.7028738 1.294606 0 0 0 1 
RightHandIndex2               0.1350385 -0.9872621 0.08413136 -0.01485514 -0.9906991 -0.1359653 -0.005360186 -0.8343418 0.01673084 -0.08262509 -0.9964404 1.43473 0 0 0 1
RightHandIndex3                0.1347855 -0.9859179 0.09898793 -0.03624802 -0.9907032 -0.1359469 -0.005053102 -0.866497 0.01843911 -0.09738665 -0.9950759 1.434082 0 0 0 1 
RightHandThumb3                0.8718343 -0.4897925 0.002825319 0.6091831 -0.3428286 -0.6143373 -0.7106744 0.6712217 0.3498187 0.6186217 -0.7035155 1.271488 0 0 0 1 
 RightArm                 -0.006736874 -0.9998877 -0.01337957 0.02072435 -0.9962447 0.007866263 -0.08622324 -0.1018277 0.08631885 0.01274836 -0.996186 1.460101 0 0 0 1 
 LeftHandIndex1                0.1708747 0.9784796 -0.1156701 0.03023779 0.9851437 -0.1676256 0.03733104 -0.8535528 0.01713842 -0.1203308 -0.9925861 1.401026 0 0 0 1 
 LeftHandIndex2                0.167926 0.978867 -0.1167055 0.03420841 0.9848055 -0.1718921 -0.02471941 -0.7976967 -0.04425764 -0.1107813 -0.9928591 1.453335 0 0 0 1 
 LeftHand                 0.02767455 0.9974261 -0.06614756 0.07734936 0.9980071 -0.02381557 0.05843347 -0.7730068 0.05670779 -0.06763303 -0.9960976 1.393121 0 0 0 1 
 LeftForeArm                 0.02323323 0.9996728 0.01071661 -0.03011018 0.9980057 -0.02382129 0.05845582 -0.5520161 0.05869203 0.009336948 -0.9982326 1.394924 0 0 0 1 
 LeftHandThumb1                0.7152425 0.6831896 -0.1472417 -0.2811068 0.5170174 -0.6590057 -0.5462643 0.3847208 -0.4702351 0.3145849 -0.8245698 1.510741 0 0 0 1 
 LeftHandThumb2                0.7750988 0.6229278 -0.1057485 -0.3858883 0.3994352 -0.6127679 -0.6818849 0.6279029 -0.4895642 0.4862885 -0.723775 1.393167 0 0 0 1 
 LeftHandThumb3                0.2046514 -0.6654943 0.7177987 -1.186126 0.3994352 -0.6127051 -0.6819414 0.5838428 0.8936271 0.4262744 0.1404309 -0.8263367 0 0 0 1 
 LeftHandIndex3                0.1671476 0.9770221 -0.1322484 0.05703318 0.9848057 -0.1718569 -0.0249527 -0.8309426 -0.04710704 -0.1260684 -0.9909026 1.452809 0 0 0 1 
 LeftArm                 -0.004396617 0.9999039 0.01315957 -0.02061337 0.9962604 0.005515277 -0.08622467 -0.1018166 -0.08628892 0.01273107 -0.9961889 1.460103 0 0 0 1 
 LeftShoulder                 0.003430247 0.9999315 0.01119905 -0.01955789 0.9716851 -6.87223e-4 -0.2362796 0.277957 -0.2362556 0.01169234 -0.9716207 1.458672 0 0 0 1 
 Spine2                 1 0 0 2e-6 0 -0.0114063 0.999935 -1.362763 0 -0.999935 -0.01140642 0.01984554 0 0 0 1 
 Spine1                 1 0 0 2e-6 0 -0.01140385 0.999935 -1.241665 0 -0.9999351 -0.01140397 0.0198422 0 0 0 1 
 RightShoulder                 0.002011954 -0.9999354 -0.01118171 0.01953536 -0.9716839 6.87207e-4 -0.2362824 0.2779516 0.2362748 0.01134037 -0.97162 1.458673 0 0 0 1 
 Spine                 1 0 0 2e-6 0 -0.01139962 0.999935 -1.135698 0 -0.9999351 -0.01139974 0.01983696 0 0 0 1 
 Hips                 1 2.202e-5 2.22728e-5 -2.34502e-5 -2.20202e-5 -0.0114063 0.999935 -1.044872 2.22726e-5 -0.999935 -0.01140642 0.01984453 0 0 0 1 
 Neck                 1 0 0 2e-6 0 -0.2666293 0.9637992 -1.444128 0 -0.9637992 -0.2666295 0.4023589 0 0 0 1 
 Head                 1 0 0 2e-6 0 -0.2666752 0.9637864 -1.494441 0 -0.9637865 -0.2666754 0.40243 0 0 0 1 
 LeftUpLeg                 -0.999959 -3.58861e-4 0.008928239 0.06667333 -0.008934795 0.0501008 -0.9987043 0.9944661 -7.95407e-5 -0.9987238 -0.05010038 0.04123127 0 0 0 1 
 RightUpLeg                 -0.9999594 5.84746e-4 -0.008905231 -0.06669592 0.008924067 0.06984782 -0.9975176 0.9937347 2.86706e-5 -0.9975248 -0.06984627 0.05688583 0 0 0 1 
 LeftLeg                 -0.9999301 -6.34521e-4 0.01172071 0.0651617 -0.01173406 0.079777 -0.9967437 0.5399131 -2.93218e-4 -0.9967922 -0.07977789 0.05730342 0 0 0 1
 LeftFoot                 -0.999063 0.04057234 0.01501119 0.0627368 -0.0410763 -0.7811335 -0.6229891 0.1232424 -0.01354527 -0.623012 0.7820866 -0.07552862 0 0 0 1 
 LeftToeBase                -0.9969528 0.07342976 -0.0263108 0.06663936 -0.04108572 -0.7811224 -0.6230023 -0.08956289 -0.06629484 -0.6200124 0.7817774 -0.07211112 0 0 0 1 
 RightLeg                 -0.9999302 8.44653e-4 -0.01172125 -0.06517261 0.01175034 0.05939882 -0.9981651 0.5406747 -1.56924e-4 -0.9982013 -0.05940026 0.05122411 0 0 0 1 
 RightFoot                 -0.9990012 -0.04232996 -0.01427829 -0.06289625 0.04178082 -0.7724376 -0.6336784 0.1217211 0.01578938 -0.6336268 0.7734643 -0.0758568 0 0 0 1 
 RightToeBase                -0.9971119 -0.07249629 0.02261942 -0.06644195 0.04178076 -0.7724301 -0.6336876 -0.08749425 0.06340849 -0.6308968 0.7732579 -0.07277238 0 0 0 1
 

 slow run inv bind matrix:
 
RightHandIndex1   0.165232 0.053996 0.984775 0.052602 -0.982574 -0.077167 0.169094 -0.690066 0.085122 -0.995555 0.040305 1.491905 0.000000 0.000000 0.000000 1.000000 
RightForeArm      0.028043 -0.010326 0.999553 0.032709 -0.997880 0.058466 0.028600 -0.551931 -0.058735 -0.998236 -0.008664 1.394900 0.000000 0.000000 0.000000 1.000000 
RightHand         0.023191 0.044333 0.998748 -0.049237 -0.997136 -0.070902 0.026301 -0.586436 0.071979 -0.996498 0.042562 1.482559 0.000000 0.000000 0.000000 1.000000 
RightHandThumb1   0.781213 0.082856 0.618741 0.422211 -0.503718 -0.501797 0.703184 0.333323 0.368746 -0.861008 -0.350274 1.493184 0.000000 0.000000 0.000000 1.000000 
RightHandThumb2   0.781213 0.082856 0.618741 0.424603 -0.385114 -0.716106 0.582134 0.694632 0.491317 -0.693057 -0.527522 1.355780 0.000000 0.000000 0.000000 1.000000 
RightHandIndex2   0.165232 0.053996 0.984775 0.053776 -0.986175 -0.003637 0.165667 -0.833245 0.012527 -0.998535 0.052649 1.434434 0.000000 0.000000 0.000000 1.000000 
RightHandIndex3   0.165232 0.053996 0.984775 0.054730 -0.953512 -0.246403 0.173497 -0.490069 0.252019 -0.967662 0.010772 1.601737 0.000000 0.000000 0.000000 1.000000 
RightHandThumb3   0.781213 0.082856 0.618741 0.422193 -0.459486 -0.594626 0.659767 0.421813 0.422585 -0.799721 -0.426459 1.442967 0.000000 0.000000 0.000000 1.000000 
 RightArm         -0.006742 -0.013345 0.999888 0.020673 -0.996243 -0.086249 -0.007869 -0.101790 0.086344 -0.996184 -0.012713 1.460107 0.000000 0.000000 0.000000 1.000000
 LeftHandIndex1   0.201346 -0.084322 -0.975884 -0.039209 0.979266 0.040035 0.198585 -0.852764 0.022325 -0.995634 0.090635 1.401280 0.000000 0.000000 0.000000 1.000000 
 LeftHandIndex2   0.201346 -0.084322 -0.975884 -0.040251 0.978757 -0.022004 0.203840 -0.796773 -0.038662 -0.996196 0.078100 1.453684 0.000000 0.000000 0.000000 1.000000 
 LeftHand         0.015884 -0.067188 -0.997614 0.086985 0.994923 -0.098106 0.022448 -0.545777 -0.099380 -0.992905 0.065289 1.496285 0.000000 0.000000 0.000000 1.000000 
 LeftForeArm      0.023231 0.010742 -0.999672 -0.030145 0.998005 0.058473 0.023821 -0.552040 0.058710 -0.998231 -0.009362 1.394910 0.000000 0.000000 0.000000 1.000000 
 LeftHandThumb1   0.755392 -0.117991 -0.644563 -0.352236 0.494410 -0.542935 0.678808 0.395534 -0.430049 -0.831445 -0.351792 1.492937 0.000000 0.000000 0.000000 1.000000
 LeftHandThumb2   0.755392 -0.117991 -0.644563 -0.353276 0.409070 -0.683524 0.604530 0.623587 -0.511903 -0.720329 -0.468062 1.403720 0.000000 0.000000 0.000000 1.000000 
 LeftHandThumb3   0.755392 -0.117991 -0.644563 -0.352713 0.458893 -0.606919 0.648896 0.434045 -0.467761 -0.785956 -0.404316 1.455263 0.000000 0.000000 0.000000 1.000000 
 LeftHandIndex3   0.201346 -0.084322 -0.975884 -0.041347 0.959446 -0.183687 0.213826 -0.582924 -0.197287 -0.979361 0.043918 1.569347 0.000000 0.000000 0.000000 1.000000 
 LeftArm          -0.004399 0.013139 -0.999904 -0.020583 0.996258 -0.086250 -0.005516 -0.101779 -0.086314 -0.996187 -0.012710 1.460108 0.000000 0.000000 0.000000 1.000000 
 LeftShoulder     0.003440 0.011233 -0.999931 -0.019609 0.971690 -0.236256 0.000689 0.277921 -0.236232 -0.971626 -0.011728 1.458676 0.000000 0.000000 0.000000 1.000000 
 Spine2           1.000000 0.000000 0.000000 0.000002 -0.000000 0.999935 0.011404 -1.362762 0.000000 -0.011404 0.999935 0.019842 0.000000 0.000000 0.000000 1.000000 
 Spine1           1.000000 0.000000 0.000000 0.000002 -0.000000 0.999935 0.011404 -1.241662 0.000000 -0.011404 0.999935 0.019842 0.000000 0.000000 0.000000 1.000000 
 RightShoulder    0.002018 -0.011215 0.999935 0.019585 -0.971690 -0.236257 -0.000689 0.277913 0.236249 -0.971626 -0.011375 1.458678 0.000000 0.000000 0.000000 1.000000 
 Spine            1.000000 0.000000 0.000000 0.000002 -0.000000 0.999935 0.011404 -1.135699 0.000000 -0.011404 0.999935 0.019842 0.000000 0.000000 0.000000 1.000000 
 Hips             1.000000 0.000000 0.000000 0.000002 -0.000000 1.000000 0.000000 -1.045032 0.000000 -0.000000 1.000000 0.007925 0.000000 0.000000 0.000000 1.000000 
 Neck             1.000000 0.000000 0.000000 0.000002 -0.000000 1.000000 0.000000 -1.499129 0.000000 -0.000000 1.000000 0.002746 0.000000 0.000000 0.000000 1.000000 
 Head             1.000000 0.000000 0.000000 0.000002 -0.000000 1.000000 0.000000 -1.547637 0.000000 -0.000000 1.000000 -0.010674 0.000000 0.000000 0.000000 1.000000 
 LeftUpLeg        -0.999960 0.008926 0.000448 0.066675 -0.008937 -0.998704 -0.050100 0.994466 0.000000 -0.050102 0.998744 0.041227 0.000000 0.000000 0.000000 1.000000 
 RightUpLeg       -0.999960 -0.008905 -0.000624 -0.066696 0.008927 -0.997518 -0.069848 0.993735 -0.000000 -0.069850 0.997557 0.056887 0.000000 0.000000 0.000000 1.000000 
 LeftLeg          -0.999931 0.011723 0.000588 0.065160 -0.011732 -0.996744 -0.079777 0.539913 -0.000349 -0.079778 0.996813 0.057308 0.000000 0.000000 0.000000 1.000000 
 LeftFoot         -0.999064 0.015007 -0.040578 0.062737 -0.041085 -0.622983 0.781156 0.123243 -0.013556 0.782091 0.623016 -0.075528 0.000000 0.000000 0.000000 1.000000
 LeftToeBase      -0.970198 -0.161985 -0.180213 0.078172 -0.180573 -0.012624 0.983481 -0.107094 -0.161584 0.986713 -0.017003 0.009102 0.000000 0.000000 0.000000 1.000000 
 RightLeg         -0.999931 -0.011721 -0.000821 -0.065172 0.011749 -0.998165 -0.059398 0.540675 -0.000123 -0.059404 0.998234 0.051229 0.000000 0.000000 0.000000 1.000000
 RightFoot        -0.999002 -0.014278 0.042333 -0.062896 0.041790 -0.633668 0.772476 0.121722 0.015796 0.773474 0.633632 -0.075857 0.000000 0.000000 0.000000 1.000000 
 RightToeBase     -0.970566 0.157791 0.181943 -0.078167 0.182236 -0.012738 0.983172 -0.105732 0.157453 0.987390 -0.016392 0.008768 0.000000 0.000000 0.000000 1.000000
 

          
