Root_Bone_Name Hips
Num_Keyframes 31
Num_Bones 28
Time_Wrapping_Mode LOOP
Time 0.0
Hips 0.092639 -0.050351 -0.994426 -0.007569 0.900924 -0.421022 0.105246 0.26128 -0.423974 -0.905652 0.006359 -0.035837 0.0 0.0 0.0 1.0
Spine 0.577236 0.814569 -0.05723 9.23E-4 -0.80536 0.579484 0.124874 0.093146 0.134882 -0.025992 0.990521 0.0 0.0 0.0 0.0 1.0
Spine1 0.967426 0.247076 -0.055136 0.0 -0.249331 0.96765 -0.038576 0.108676 0.043821 0.051067 0.997733 0.0 0.0 0.0 0.0 1.0
Spine2 0.967757 0.24892 -0.038543 0.0 -0.250517 0.967094 -0.044381 0.124201 0.026227 0.052605 0.998271 0.0 0.0 0.0 0.0 1.0
Neck 0.991408 0.130806 -3.92E-4 -0.0 -0.130777 0.991122 -0.023972 0.139727 -0.002747 0.023817 0.999713 -0.0 0.0 0.0 0.0 1.0
Head 0.880703 0.473643 -0.005025 0.015834 -0.470531 0.873599 -0.124199 0.060634 -0.054436 0.111747 0.992245 0.0 0.0 0.0 0.0 1.0
LeftShoulder -0.993471 0.03125 -0.109722 2.58E-4 0.101373 -0.199393 -0.974662 0.122796 -0.052336 -0.979421 0.194923 -0.074457 0.0 0.0 0.0 1.0
LeftArm 0.810864 0.533226 -0.241183 0.0 -0.212201 -0.116183 -0.970295 0.150561 -0.545408 0.837957 0.018943 0.0 0.0 0.0 0.0 1.0
LeftForeArm 0.8248 -0.565405 -0.00473 -0.0 0.565424 0.824786 0.004948 0.245127 0.001104 -0.006755 0.999977 0.0 0.0 0.0 0.0 1.0
LeftHand 0.884088 -0.325806 0.335021 0.0 -0.361746 -0.023268 0.931986 0.225802 -0.295852 -0.94515 -0.13843 0.0 0.0 0.0 0.0 1.0
LeftHandIndex1 0.998661 0.051244 -0.007046 0.0 -0.051724 0.987986 -0.145633 0.166258 -5.01E-4 0.145803 0.989314 -0.0 0.0 0.0 0.0 1.0
LeftHandIndex2 0.994318 -0.106449 6.31E-4 0.0 0.106448 0.994238 -0.012636 0.016975 7.17E-4 0.012631 0.99992 0.0 0.0 0.0 0.0 1.0
LeftHandIndex3 0.982844 -0.184433 -0.00151 0.002672 0.177525 0.948191 -0.263475 0.025208 0.050025 0.258687 0.964665 -3.49E-4 0.0 0.0 0.0 1.0
RightShoulder 0.999949 -0.001539 -0.009954 7.8E-5 -0.010073 -0.157406 -0.987483 0.122794 -4.8E-5 0.987533 -0.157413 0.074457 0.0 0.0 0.0 1.0
RightArm 0.85897 -0.48458 0.165386 -0.0 0.23753 0.090976 -0.967111 0.150561 0.453596 0.870003 0.193248 -0.0 0.0 0.0 0.0 1.0
RightForeArm 0.747745 0.66396 0.00581 0.0 -0.663985 0.747729 0.005019 0.245126 -0.001012 -0.00761 0.999971 0.0 0.0 0.0 0.0 1.0
RightHand 0.617607 0.511894 -0.597099 -0.0 0.585372 0.207851 0.783669 0.22586 0.525263 -0.833524 -0.171278 -0.0 0.0 0.0 0.0 1.0
RightHandIndex1 0.998561 -0.048804 0.022248 0.0 0.051173 0.99114 -0.122569 0.166308 -0.016069 0.123531 0.992211 0.0 0.0 0.0 0.0 1.0
RightHandIndex2 0.989207 0.146371 0.006709 0.0 -0.146371 0.985037 0.090987 0.017576 0.006709 -0.090987 0.995829 -0.0 0.0 0.0 0.0 1.0
RightHandIndex3 0.991382 0.130857 0.006166 -0.003691 -0.130961 0.988806 0.071501 0.024887 0.00326 -0.071693 0.997421 0.002339 0.0 0.0 0.0 1.0
LeftUpLeg -0.443339 0.507818 0.738628 0.016499 -0.895007 -0.295961 -0.333722 -0.051766 0.049135 -0.809029 0.585712 -0.078127 0.0 0.0 0.0 1.0
LeftLeg 0.882326 0.467386 0.05524 0.0 -0.469673 0.881946 0.03974 0.45463 -0.030144 -0.061008 0.997682 -0.0 0.0 0.0 0.0 1.0
LeftFoot 0.033654 -0.446175 -0.894313 0.0 0.005231 0.894886 -0.446264 0.396764 0.99942 0.010341 0.032451 0.0 0.0 0.0 0.0 1.0
LeftToeBase 0.973841 0.141635 0.177691 -0.0 -6.0E-4 0.783578 -0.621293 0.21322 -0.227231 0.604933 0.763165 -0.0 0.0 0.0 0.0 1.0
RightUpLeg -0.650057 0.511305 -0.562133 0.018365 -0.758556 -0.480387 0.440252 -0.051766 -0.044938 0.712598 0.700132 0.078127 0.0 0.0 0.0 1.0
RightLeg 0.937145 0.315663 0.148715 -0.0 -0.298816 0.946074 -0.125115 0.455255 -0.180189 0.072813 0.980933 -0.0 0.0 0.0 0.0 1.0
RightFoot 0.205175 -0.927462 -0.312598 0.0 0.251329 0.35861 -0.899018 0.396084 0.945905 0.105891 0.306676 0.0 0.0 0.0 0.0 1.0
RightToeBase 0.975108 -0.140968 -0.171149 0.0 0.015811 0.814123 -0.580477 0.210016 0.221165 0.563322 0.796087 -0.0 0.0 0.0 0.0 1.0
Time 0.033333
Hips -0.11839 -0.09472 -0.988439 0.034899 0.890475 -0.450583 -0.063478 0.262571 -0.439361 -0.887695 0.13769 -0.056671 0.0 0.0 0.0 1.0
Spine 0.530831 0.846459 0.041544 9.23E-4 -0.840661 0.519724 0.152237 0.093146 0.107271 -0.115737 0.98747 0.0 0.0 0.0 0.0 1.0
Spine1 0.97024 0.24062 -0.027135 -0.0 -0.241492 0.969755 -0.035461 0.108676 0.017782 0.040958 0.999003 0.0 0.0 0.0 0.0 1.0
Spine2 0.970411 0.241275 -0.009397 0.0 -0.241458 0.969651 -0.038409 0.124201 -1.56E-4 0.039542 0.999218 0.0 0.0 0.0 0.0 1.0
Neck 0.992313 0.122947 -0.014084 -0.0 -0.12345 0.9914 -0.043425 0.139727 0.008624 0.04483 0.998957 0.0 0.0 0.0 0.0 1.0
Head 0.903707 0.403493 -0.143202 0.015834 -0.425547 0.883311 -0.196648 0.060634 0.047146 0.238651 0.96996 0.0 0.0 0.0 0.0 1.0
LeftShoulder -0.984721 0.119205 -0.126946 2.58E-4 0.096387 -0.234035 -0.967439 0.122796 -0.145033 -0.964893 0.218969 -0.074457 0.0 0.0 0.0 1.0
LeftArm 0.715338 0.542227 -0.440775 0.0 -0.391345 -0.211712 -0.895559 0.150561 -0.578914 0.813122 0.060752 0.0 0.0 0.0 0.0 1.0
LeftForeArm 0.753266 -0.657694 -0.005356 0.0 0.657716 0.753244 0.005756 0.245127 2.49E-4 -0.007858 0.999969 0.0 0.0 0.0 0.0 1.0
LeftHand 0.715493 -0.556017 0.422983 -0.0 -0.352801 0.235012 0.905704 0.225802 -0.602993 -0.797254 -0.028014 0.0 0.0 0.0 0.0 1.0
LeftHandIndex1 0.99914 0.040473 -0.009045 0.0 -0.041357 0.98857 -0.144981 0.166258 0.003074 0.14523 0.989393 -0.0 0.0 0.0 0.0 1.0
LeftHandIndex2 0.994698 -0.102836 5.17E-4 0.0 0.102732 0.993439 -0.050244 0.016975 0.004653 0.05003 0.998737 0.0 0.0 0.0 0.0 1.0
LeftHandIndex3 0.982916 -0.184038 -0.002323 0.002672 0.176614 0.946667 -0.269498 0.025208 0.051797 0.264483 0.962998 -3.49E-4 0.0 0.0 0.0 1.0
RightShoulder 0.998005 -0.031829 -0.054521 7.8E-5 -0.059283 -0.175558 -0.982682 0.122794 0.021707 0.983954 -0.177095 0.074457 0.0 0.0 0.0 1.0
RightArm 0.869099 -0.42144 0.258951 0.0 0.337261 0.121932 -0.933482 0.150561 0.361832 0.898622 0.248106 -0.0 0.0 0.0 0.0 1.0
RightForeArm 0.7256 0.688091 0.005977 0.0 -0.688116 0.725582 0.005201 0.245126 -7.58E-4 -0.007887 0.999969 0.0 0.0 0.0 0.0 1.0
RightHand 0.585891 0.561044 -0.584775 -0.0 0.586291 0.204707 0.78381 0.22586 0.559459 -0.802075 -0.208999 0.0 0.0 0.0 0.0 1.0
RightHandIndex1 0.998591 -0.048343 0.021889 0.0 0.050552 0.99205 -0.115246 0.166308 -0.016144 0.11619 0.993096 0.0 0.0 0.0 0.0 1.0
RightHandIndex2 0.989469 0.144595 0.006563 0.0 -0.144693 0.986886 0.071559 0.017576 0.00387 -0.071755 0.997415 0.0 0.0 0.0 0.0 1.0
RightHandIndex3 0.99121 0.132217 0.004533 -0.003691 -0.132129 0.987675 0.083899 0.024887 0.006616 -0.083761 0.996464 0.002339 0.0 0.0 0.0 1.0
LeftUpLeg -0.362397 0.655766 0.662298 0.016499 -0.931519 -0.231462 -0.280531 -0.051766 -0.030666 -0.718607 0.69474 -0.078127 0.0 0.0 0.0 1.0
LeftLeg 0.736187 0.676299 0.025481 -0.0 -0.676215 0.736588 -0.013081 0.45463 -0.027616 -0.007601 0.99959 -0.0 0.0 0.0 0.0 1.0
LeftFoot 0.052434 -0.603257 -0.795821 -0.0 -0.043041 0.794812 -0.605328 0.396764 0.997696 0.065993 0.01571 0.0 0.0 0.0 0.0 1.0
LeftToeBase 0.9737 0.141897 0.178251 -0.0 0.002888 0.774624 -0.632415 0.21322 -0.227815 0.616298 0.753842 0.0 0.0 0.0 0.0 1.0
RightUpLeg -0.721081 0.415831 -0.55419 0.018365 -0.667353 -0.631845 0.394224 -0.051766 -0.186232 0.654108 0.733117 0.078127 0.0 0.0 0.0 1.0
RightLeg 0.9201 0.371657 0.12364 0.0 -0.343184 0.917099 -0.202865 0.455255 -0.188786 0.144224 0.97137 0.0 0.0 0.0 0.0 1.0
RightFoot 0.142309 -0.897306 -0.41784 -0.0 0.233105 0.440645 -0.866887 0.396084 0.961982 0.025965 0.271875 -0.0 0.0 0.0 0.0 1.0
RightToeBase 0.973571 -0.143714 -0.177501 0.0 -0.022073 0.714348 -0.699442 0.210016 0.227317 0.684874 0.692296 0.0 0.0 0.0 0.0 1.0
Time 0.066667
Hips -0.319526 -0.127841 -0.938914 0.076548 0.868838 -0.434985 -0.236451 0.269305 -0.378185 -0.891316 0.250062 -0.092223 0.0 0.0 0.0 1.0
Spine 0.494146 0.862943 0.10559 9.23E-4 -0.86587 0.477607 0.148868 0.093146 0.078033 -0.16499 0.983203 0.0 0.0 0.0 0.0 1.0
Spine1 0.974092 0.226151 -2.36E-4 0.0 -0.226049 0.973621 -0.031034 0.108676 -0.006788 0.030283 0.999518 0.0 0.0 0.0 0.0 1.0
Spine2 0.97399 0.225909 0.017559 0.0 -0.225313 0.973803 -0.030685 0.124201 -0.024031 0.025931 0.999375 -0.0 0.0 0.0 0.0 1.0
Neck 0.992507 0.119554 -0.025213 -0.0 -0.120719 0.991363 -0.051252 0.139727 0.018868 0.053911 0.998367 0.0 0.0 0.0 0.0 1.0
Head 0.901568 0.358237 -0.242573 0.015834 -0.410644 0.885068 -0.219148 0.060634 0.136186 0.297188 0.945057 0.0 0.0 0.0 0.0 1.0
LeftShoulder -0.958406 0.246861 -0.14324 2.58E-4 0.074445 -0.268282 -0.96046 0.122796 -0.275529 -0.931174 0.238745 -0.074457 0.0 0.0 0.0 1.0
LeftArm 0.702794 0.539809 -0.463343 -0.0 -0.402744 -0.23498 -0.884636 0.150561 -0.586411 0.808326 0.052262 0.0 0.0 0.0 0.0 1.0
LeftForeArm 0.696896 -0.717149 -0.00585 -0.0 0.717172 0.696868 0.006276 0.245127 -4.24E-4 -0.008569 0.999963 0.0 0.0 0.0 0.0 1.0
LeftHand 0.729198 -0.402642 0.553307 -0.0 -0.301836 0.536412 0.788135 0.225802 -0.614137 -0.741715 0.269619 0.0 0.0 0.0 0.0 1.0
LeftHandIndex1 0.999483 0.031866 -0.004277 0.0 -0.03201 0.99871 -0.039418 0.166258 0.003015 0.039535 0.999214 -0.0 0.0 0.0 0.0 1.0
LeftHandIndex2 0.99473 -0.102532 5.01E-4 -0.0 0.102413 0.993307 -0.053403 0.016975 0.004978 0.053173 0.998573 0.0 0.0 0.0 0.0 1.0
LeftHandIndex3 0.982936 -0.183929 -0.002551 0.002672 0.176357 0.946233 -0.271184 0.025208 0.052292 0.266107 0.962524 -3.49E-4 0.0 0.0 0.0 1.0
RightShoulder 0.991268 -0.093179 -0.093298 7.8E-5 -0.110155 -0.196279 -0.974341 0.122794 0.072476 0.976111 -0.20483 0.074457 0.0 0.0 0.0 1.0
RightArm 0.896914 -0.318234 0.307038 0.0 0.379894 0.199139 -0.903341 0.150561 0.226331 0.926861 0.299505 -0.0 0.0 0.0 0.0 1.0
RightForeArm 0.734831 0.678224 0.005908 0.0 -0.67825 0.734814 0.005127 0.245126 -8.64E-4 -0.007774 0.999969 0.0 0.0 0.0 0.0 1.0
RightHand 0.591186 0.587056 -0.55305 0.0 0.582903 0.162926 0.79604 0.22586 0.557426 -0.792982 -0.245877 0.0 0.0 0.0 0.0 1.0
RightHandIndex1 0.998601 -0.048204 0.021756 -0.0 0.050354 0.992373 -0.112514 0.166308 -0.016166 0.113452 0.993412 0.0 0.0 0.0 0.0 1.0
RightHandIndex2 0.989578 0.143849 0.006512 0.0 -0.143971 0.987549 0.0634 0.017576 0.002689 -0.063677 0.997967 0.0 0.0 0.0 0.0 1.0
RightHandIndex3 0.991115 0.132954 0.003665 -0.003691 -0.132738 0.987007 0.090542 0.024887 0.008421 -0.090224 0.995886 0.002339 0.0 0.0 0.0 1.0
LeftUpLeg -0.343526 0.775449 0.529783 0.016499 -0.937528 -0.250092 -0.241857 -0.051766 -0.055053 -0.57977 0.812918 -0.078127 0.0 0.0 0.0 1.0
LeftLeg 0.711262 0.702927 -5.14E-4 0.0 -0.702894 0.711235 0.009198 0.45463 0.006831 -0.006181 0.999958 -0.0 0.0 0.0 0.0 1.0
LeftFoot 0.048628 -0.685335 -0.726602 0.0 -0.034328 0.725886 -0.686957 0.396764 0.998227 0.058348 0.011772 0.0 0.0 0.0 0.0 1.0
LeftToeBase 0.973809 0.141693 0.177818 -0.0 1.87E-4 0.781572 -0.623815 0.21322 -0.227368 0.60751 0.761075 0.0 0.0 0.0 0.0 1.0
RightUpLeg -0.771664 0.298487 -0.561641 0.018365 -0.550609 -0.755526 0.354979 -0.051766 -0.318377 0.583169 0.747362 0.078127 0.0 0.0 0.0 1.0
RightLeg 0.898577 0.438735 0.00842 -0.0 -0.428736 0.881864 -0.196217 0.455255 -0.093513 0.172706 0.980524 0.0 0.0 0.0 0.0 1.0
RightFoot -0.09895 -0.852377 -0.51348 0.0 0.091588 0.506021 -0.857645 0.396084 0.990869 -0.131893 0.027997 0.0 0.0 0.0 0.0 1.0
RightToeBase 0.97267 -0.145676 -0.180809 -0.0 -0.04344 0.650785 -0.758018 0.210016 0.228093 0.745156 0.626671 0.0 0.0 0.0 0.0 1.0
Time 0.1
Hips -0.492324 -0.166921 -0.854257 0.109949 0.83944 -0.350535 -0.41529 0.282595 -0.230126 -0.921555 0.312697 -0.14534 0.0 0.0 0.0 1.0
Spine 0.4856 0.865167 0.125214 9.23E-4 -0.872307 0.470189 0.134173 0.093146 0.057208 -0.174379 0.983015 0.0 0.0 0.0 0.0 1.0
Spine1 0.978148 0.206998 0.019438 0.0 -0.206375 0.978015 -0.029927 0.108676 -0.025205 0.025262 0.999363 0.0 0.0 0.0 0.0 1.0
Spine2 0.977722 0.20645 0.037914 -0.0 -0.205532 0.978285 -0.026736 0.124201 -0.042611 0.018348 0.998923 0.0 0.0 0.0 0.0 1.0
Neck 0.992353 0.119003 -0.032768 -0.0 -0.120433 0.991665 -0.045795 0.139727 0.027045 0.049391 0.998413 0.0 0.0 0.0 0.0 1.0
Head 0.895381 0.327497 -0.301727 0.015834 -0.390875 0.902631 -0.180205 0.060634 0.213332 0.279289 0.936209 0.0 0.0 0.0 0.0 1.0
LeftShoulder -0.913627 0.374396 -0.158474 2.58E-4 0.027701 -0.331565 -0.943026 0.122796 -0.405609 -0.865963 0.292556 -0.074457 0.0 0.0 0.0 1.0
LeftArm 0.582384 0.563877 -0.585552 0.0 -0.62775 -0.145697 -0.764658 0.150561 -0.516486 0.812905 0.269122 -0.0 0.0 0.0 0.0 1.0
LeftForeArm 0.33609 -0.941787 -0.009007 0.0 0.941818 0.336022 0.008242 0.245127 -0.004735 -0.011253 0.999925 0.0 0.0 0.0 0.0 1.0
LeftHand 0.882291 0.088783 0.462255 -0.0 -0.312146 0.845412 0.433409 0.225802 -0.352316 -0.526685 0.773613 0.0 0.0 0.0 0.0 1.0
LeftHandIndex1 0.998689 0.048439 -0.016563 -0.0 -0.051176 0.952947 -0.298787 0.166258 0.001311 0.299243 0.954176 -0.0 0.0 0.0 0.0 1.0
LeftHandIndex2 0.995344 -0.096383 -2.9E-5 0.0 0.095713 0.988464 -0.117383 0.016975 0.011342 0.116833 0.993087 0.0 0.0 0.0 0.0 1.0
LeftHandIndex3 0.983601 -0.179991 -0.011504 0.002672 0.16577 0.927331 -0.335525 0.025208 0.071059 0.328116 0.941961 -3.49E-4 0.0 0.0 0.0 1.0
RightShoulder 0.984133 -0.130949 -0.119727 7.8E-5 -0.147541 -0.229133 -0.962149 0.122794 0.098558 0.964547 -0.244817 0.074457 0.0 0.0 0.0 1.0
RightArm 0.922083 -0.193375 0.335215 0.0 0.382839 0.329241 -0.863154 0.150561 0.056546 0.924233 0.377619 -0.0 0.0 0.0 0.0 1.0
RightForeArm 0.757831 0.652426 0.005733 -0.0 -0.65245 0.757816 0.004932 0.245126 -0.001127 -0.007478 0.999971 -0.0 0.0 0.0 0.0 1.0
RightHand 0.624494 0.589917 -0.511864 -0.0 0.580658 0.087629 0.809418 0.22586 0.522344 -0.802695 -0.287816 0.0 0.0 0.0 0.0 1.0
RightHandIndex1 0.998611 -0.048043 0.021608 -0.0 0.050129 0.992725 -0.109475 0.166308 -0.016191 0.110407 0.993755 0.0 0.0 0.0 0.0 1.0
RightHandIndex2 0.989662 0.143275 0.006477 0.0 -0.14341 0.988014 0.057114 0.017576 0.001784 -0.057452 0.998347 -0.0 0.0 0.0 0.0 1.0
RightHandIndex3 0.9911 0.133071 0.003528 -0.003691 -0.132833 0.986897 0.091595 0.024887 0.008707 -0.091248 0.99579 0.002339 0.0 0.0 0.0 1.0
LeftUpLeg -0.377777 0.838848 0.391943 0.016499 -0.922306 -0.303689 -0.239006 -0.051766 -0.081461 -0.451783 0.888401 -0.078127 0.0 0.0 0.0 1.0
LeftLeg 0.807452 0.589315 -0.026998 0.0 -0.585856 0.806403 0.080546 0.45463 0.069239 -0.04922 0.996385 0.0 0.0 0.0 0.0 1.0
LeftFoot 0.035426 -0.612625 -0.789579 -0.0 -0.038304 0.788662 -0.613632 0.396764 0.998638 0.051983 0.004473 0.0 0.0 0.0 0.0 1.0
LeftToeBase 0.973908 0.141511 0.177418 -0.0 -0.002286 0.787856 -0.615855 0.21322 -0.22693 0.599381 0.767623 0.0 0.0 0.0 0.0 1.0
RightUpLeg -0.79321 0.27842 -0.541571 0.018365 -0.506113 -0.795978 0.332067 -0.051766 -0.338625 0.537495 0.77229 0.078127 0.0 0.0 0.0 1.0
RightLeg 0.74687 0.664728 -0.017937 -0.0 -0.657171 0.733725 -0.172552 0.455255 -0.101539 0.140661 0.984837 0.0 0.0 0.0 0.0 1.0
RightFoot -0.203722 -0.869857 -0.449273 0.0 -0.007142 0.460205 -0.887784 0.396084 0.979003 -0.177653 -0.099967 0.0 0.0 0.0 0.0 1.0
RightToeBase 0.973376 -0.144118 -0.178241 0.0 -0.026744 0.700896 -0.712762 0.210016 0.22765 0.698552 0.678381 -0.0 0.0 0.0 0.0 1.0
Time 0.133333
Hips -0.613216 -0.236935 -0.753544 0.126805 0.789839 -0.197179 -0.580754 0.304869 -0.010982 -0.951306 0.308054 -0.20969 0.0 0.0 0.0 1.0
Spine 0.510565 0.852695 0.110609 9.23E-4 -0.858272 0.497636 0.125414 0.093146 0.051897 -0.158965 0.985919 0.0 0.0 0.0 0.0 1.0
Spine1 0.980723 0.193458 0.027515 0.0 -0.192373 0.980594 -0.037778 0.108676 -0.034289 0.031757 0.998907 0.0 0.0 0.0 0.0 1.0
Spine2 0.979941 0.193206 0.048853 -0.0 -0.191746 0.980888 -0.033046 0.124201 -0.054304 0.023016 0.998259 0.0 0.0 0.0 0.0 1.0
Neck 0.992613 0.115581 -0.03687 -0.0 -0.11681 0.992602 -0.033108 0.139727 0.03277 0.03717 0.998771 0.0 0.0 0.0 0.0 1.0
Head 0.896919 0.277582 -0.344216 0.015834 -0.33496 0.93468 -0.119058 0.060634 0.288684 0.222084 0.931311 0.0 0.0 0.0 0.0 1.0
LeftShoulder -0.893227 0.412806 -0.17815 2.58E-4 -0.005703 -0.406605 -0.913586 0.122796 -0.44957 -0.815024 0.365545 -0.074457 0.0 0.0 0.0 1.0
LeftArm 0.583055 0.492237 -0.646336 0.0 -0.791504 0.164749 -0.58854 0.150561 -0.183217 0.854728 0.485665 0.0 0.0 0.0 0.0 1.0
LeftForeArm 0.206206 -0.978456 -0.010144 0.0 0.978488 0.206124 0.008563 0.245127 -0.006287 -0.011691 0.999912 0.0 0.0 0.0 0.0 1.0
LeftHand 0.967828 0.183348 0.172316 0.0 -0.147904 0.968592 -0.199885 0.225802 -0.203552 0.167968 0.964548 0.0 0.0 0.0 0.0 1.0
LeftHandIndex1 0.998545 0.05031 -0.019407 0.0 -0.053922 0.934285 -0.352426 0.166258 4.01E-4 0.352959 0.935639 -0.0 0.0 0.0 0.0 1.0
LeftHandIndex2 0.996505 -0.083493 -0.002462 0.0 0.080196 0.96457 -0.251341 0.016975 0.02336 0.250266 0.967895 0.0 0.0 0.0 0.0 1.0
LeftHandIndex3 0.984305 -0.173882 -0.03013 0.002672 0.140879 0.877063 -0.459253 0.025208 0.106282 0.447801 0.887794 -3.49E-4 0.0 0.0 0.0 1.0
RightShoulder 0.986302 -0.099752 -0.131366 7.8E-5 -0.154975 -0.287695 -0.9451 0.122794 0.056482 0.952513 -0.299214 0.074457 0.0 0.0 0.0 1.0
RightArm 0.921892 -0.079084 0.37929 0.0 0.3653 0.50365 -0.782875 0.150561 -0.129117 0.860281 0.4932 -0.0 0.0 0.0 0.0 1.0
RightForeArm 0.777203 0.629225 0.005587 0.0 -0.629248 0.77719 0.004756 0.245126 -0.001349 -0.007212 0.999973 0.0 0.0 0.0 0.0 1.0
RightHand 0.669462 0.576949 -0.467921 -0.0 0.573021 -2.35E-4 0.81954 0.22586 0.472723 -0.81678 -0.330762 0.0 0.0 0.0 0.0 1.0
RightHandIndex1 0.998628 -0.047798 0.021404 0.0 0.049794 0.993199 -0.105247 0.166308 -0.016228 0.106168 0.994216 0.0 0.0 0.0 0.0 1.0
RightHandIndex2 0.989695 0.143045 0.006464 -0.0 -0.143183 0.988189 0.054595 0.017576 0.001422 -0.054958 0.998488 0.0 0.0 0.0 0.0 1.0
RightHandIndex3 0.99128 0.131667 0.005188 -0.003691 -0.131664 0.988148 0.078914 0.024887 0.005264 -0.078909 0.996868 0.002339 0.0 0.0 0.0 1.0
LeftUpLeg -0.408899 0.851125 0.329224 0.016499 -0.905204 -0.332508 -0.264658 -0.051766 -0.115788 -0.406233 0.906404 -0.078127 0.0 0.0 0.0 1.0
LeftLeg 0.894759 0.446541 0.002858 0.0 -0.444331 0.889656 0.105272 0.45463 0.044466 -0.095463 0.994439 0.0 0.0 0.0 0.0 1.0
LeftFoot 0.02164 -0.537645 -0.842893 0.0 -0.098397 0.837852 -0.536956 0.396764 0.994912 0.094558 -0.034772 0.0 0.0 0.0 0.0 1.0
LeftToeBase 0.973765 0.141774 0.177992 0.0 0.001269 0.7788 -0.627272 0.21322 -0.227551 0.611041 0.758188 0.0 0.0 0.0 0.0 1.0
RightUpLeg -0.777518 0.351225 -0.521638 0.018365 -0.537436 -0.801841 0.261177 -0.051766 -0.326539 0.483417 0.812207 0.078127 0.0 0.0 0.0 1.0
RightLeg 0.51865 0.854983 -0.002479 -0.0 -0.836702 0.50696 -0.207174 0.455255 -0.175873 0.109524 0.978301 0.0 0.0 0.0 0.0 1.0
RightFoot -0.144326 -0.924545 -0.352686 0.0 0.063758 0.346988 -0.9357 0.396084 0.987474 -0.157532 0.008868 0.0 0.0 0.0 0.0 1.0
RightToeBase 0.974624 -0.141743 -0.173252 0.0 0.003679 0.784017 -0.620729 0.210016 0.223817 0.60434 0.764643 0.0 0.0 0.0 0.0 1.0
Time 0.166667
Hips -0.658974 -0.347289 -0.667191 0.122331 0.710612 0.003299 -0.703577 0.338361 0.246545 -0.937753 0.244613 -0.274929 0.0 0.0 0.0 1.0
Spine 0.554968 0.828648 0.073165 9.23E-4 -0.829858 0.545364 0.117956 0.093146 0.057842 -0.126178 0.99032 -0.0 0.0 0.0 0.0 1.0
Spine1 0.980681 0.193885 0.025932 0.0 -0.192227 0.97976 -0.055849 0.108676 -0.036235 0.049785 0.998102 0.0 0.0 0.0 0.0 1.0
Spine2 0.979596 0.194247 0.051578 0.0 -0.191686 0.980145 -0.050709 0.124201 -0.060405 0.039788 0.997381 0.0 0.0 0.0 0.0 1.0
Neck 0.993769 0.104396 -0.039045 -0.0 -0.105251 0.994234 -0.02051 0.139727 0.036678 0.024492 0.999027 0.0 0.0 0.0 0.0 1.0
Head 0.896001 0.189858 -0.401418 0.015834 -0.242279 0.966596 -0.08362 0.060634 0.372133 0.172179 0.91207 0.0 0.0 0.0 0.0 1.0
LeftShoulder -0.921988 0.309925 -0.232132 2.58E-4 0.055819 -0.486844 -0.871704 0.122796 -0.383175 -0.816657 0.431564 -0.074457 0.0 0.0 0.0 1.0
LeftArm 0.636587 0.312041 -0.705257 0.0 -0.73614 0.518476 -0.435063 0.150561 0.229901 0.796124 0.559761 0.0 0.0 0.0 0.0 1.0
LeftForeArm -0.063614 -0.997896 -0.012505 0.0 0.997929 -0.063725 0.008733 0.245127 -0.009511 -0.011924 0.999884 0.0 0.0 0.0 0.0 1.0
LeftHand 0.921651 0.254915 0.292537 0.0 -0.175341 0.946168 -0.272068 0.225802 -0.346143 0.199458 0.916734 -0.0 0.0 0.0 0.0 1.0
LeftHandIndex1 0.998305 0.05476 -0.019722 0.0 -0.058202 0.936806 -0.344973 0.166258 -4.15E-4 0.345536 0.938405 -0.0 0.0 0.0 0.0 1.0
LeftHandIndex2 0.997636 -0.068269 -0.007826 0.0 0.059094 0.910488 -0.409291 0.016975 0.035067 0.407862 0.91237 0.0 0.0 0.0 0.0 1.0
LeftHandIndex3 0.984235 -0.170593 -0.046682 0.002672 0.115827 0.821175 -0.558798 0.025208 0.133662 0.544581 0.827989 -3.49E-4 0.0 0.0 0.0 1.0
RightShoulder 0.990465 0.005015 -0.137674 7.8E-5 -0.124748 -0.391399 -0.911726 0.122794 -0.058458 0.920208 -0.387041 0.074457 0.0 0.0 0.0 1.0
RightArm 0.890658 -0.01906 0.454274 0.0 0.332181 0.709492 -0.621512 0.150561 -0.310458 0.704456 0.638246 -0.0 0.0 0.0 0.0 1.0
RightForeArm 0.773461 0.633819 0.005615 -0.0 -0.633842 0.773447 0.004791 0.245126 -0.001307 -0.007265 0.999973 0.0 0.0 0.0 0.0 1.0
RightHand 0.714344 0.547088 -0.436358 0.0 0.522755 -0.002634 0.852479 0.22586 0.465231 -0.837071 -0.287874 -0.0 0.0 0.0 0.0 1.0
RightHandIndex1 0.992146 -0.123247 -0.021379 0.0 0.122466 0.991867 -0.034658 0.166308 0.025476 0.031768 0.999171 0.0 0.0 0.0 0.0 1.0
RightHandIndex2 0.989207 0.146371 0.006709 0.0 -0.146371 0.985036 0.090987 0.017576 0.006709 -0.090987 0.995829 0.0 0.0 0.0 0.0 1.0
RightHandIndex3 0.991382 0.130857 0.006166 -0.003691 -0.130961 0.988806 0.071501 0.024887 0.00326 -0.071693 0.997421 0.002339 0.0 0.0 0.0 1.0
LeftUpLeg -0.344706 0.87455 0.341088 0.016499 -0.921168 -0.245225 -0.302182 -0.051766 -0.18063 -0.418363 0.890138 -0.078127 0.0 0.0 0.0 1.0
LeftLeg 0.844118 0.533918 0.048955 -0.0 -0.535822 0.836836 0.112252 0.45463 0.018966 -0.120985 0.992473 -0.0 0.0 0.0 0.0 1.0
LeftFoot 0.014738 -0.59413 -0.804234 -0.0 -0.152761 0.793541 -0.589031 0.396764 0.988153 0.131537 -0.079065 -0.0 0.0 0.0 0.0 1.0
LeftToeBase 0.973502 0.142277 0.179028 0.0 0.007784 0.761812 -0.647751 0.21322 -0.228546 0.63198 0.740518 0.0 0.0 0.0 0.0 1.0
RightUpLeg -0.734086 0.419623 -0.533886 0.018365 -0.555866 -0.822924 0.117508 -0.051766 -0.390039 0.38303 0.837351 0.078127 0.0 0.0 0.0 1.0
RightLeg 0.323328 0.942294 -0.08684 -0.0 -0.943306 0.31367 -0.108559 0.455255 -0.075055 0.117017 0.99029 -0.0 0.0 0.0 0.0 1.0
RightFoot -0.168095 -0.747122 -0.643081 0.0 0.090562 0.6379 -0.764776 0.396084 0.981602 -0.186793 -0.039567 0.0 0.0 0.0 0.0 1.0
RightToeBase 0.975118 -0.140952 -0.171104 0.0 0.016066 0.814737 -0.579608 0.210016 0.221102 0.562438 0.796729 0.0 0.0 0.0 0.0 1.0
Time 0.2
Hips -0.619812 -0.477958 -0.622406 0.103796 0.599461 0.223475 -0.768574 0.380183 0.506438 -0.84948 0.148004 -0.334997 0.0 0.0 0.0 1.0
Spine 0.597907 0.801418 0.015392 9.23E-4 -0.798959 0.594305 0.092011 0.093146 0.064591 -0.067312 0.995639 0.0 0.0 0.0 0.0 1.0
Spine1 0.978307 0.206163 0.020291 0.0 -0.204007 0.97581 -0.078583 0.108676 -0.036002 0.072739 0.996701 0.0 0.0 0.0 0.0 1.0
Spine2 0.977063 0.207134 0.04943 0.0 -0.203294 0.976387 -0.073081 0.124201 -0.0634 0.061356 0.9961 0.0 0.0 0.0 0.0 1.0
Neck 0.995488 0.086115 -0.039835 -0.0 -0.086497 0.99622 -0.007965 0.139727 0.038999 0.011374 0.999175 0.0 0.0 0.0 0.0 1.0
Head 0.880356 0.076239 -0.468146 0.015834 -0.130143 0.987944 -0.083846 0.060634 0.456109 0.13474 0.879664 -0.0 0.0 0.0 0.0 1.0
LeftShoulder -0.930847 0.100876 -0.351209 2.58E-4 0.240322 -0.55502 -0.796366 0.122796 -0.275262 -0.825698 0.492396 -0.074457 0.0 0.0 0.0 1.0
LeftArm 0.628406 -0.086349 -0.773078 0.0 -0.387397 0.827072 -0.407279 0.150561 0.674559 0.555424 0.486286 0.0 0.0 0.0 0.0 1.0
LeftForeArm -0.142283 -0.989738 -0.013193 -0.0 0.989771 -0.142403 0.008661 0.245127 -0.010451 -0.011826 0.999875 0.0 0.0 0.0 0.0 1.0
LeftHand 0.958513 -0.058571 0.278965 -0.0 -0.004096 0.975731 0.218934 0.225802 -0.285018 -0.210994 0.935011 0.0 0.0 0.0 0.0 1.0
LeftHandIndex1 0.997434 0.0684 -0.021125 -0.0 -0.071511 0.938309 -0.338323 0.166258 -0.003319 0.338966 0.940793 -0.0 0.0 0.0 0.0 1.0
LeftHandIndex2 0.998047 -0.061452 -0.011219 0.0 0.048542 0.875978 -0.479902 0.016975 0.039319 0.47842 0.877251 0.0 0.0 0.0 0.0 1.0
LeftHandIndex3 0.983902 -0.16953 -0.056532 0.002672 0.099693 0.78323 -0.613687 0.025208 0.148316 0.598172 0.787523 -3.49E-4 0.0 0.0 0.0 1.0
RightShoulder 0.9721 0.158591 -0.172832 7.8E-5 -0.074428 -0.490195 -0.868429 0.122794 -0.222446 0.857064 -0.464714 0.074457 0.0 0.0 0.0 1.0
RightArm 0.838437 -0.011121 0.544885 0.0 0.264308 0.882645 -0.388688 0.150561 -0.476618 0.469908 0.742982 -0.0 0.0 0.0 0.0 1.0
RightForeArm 0.770385 0.637554 0.005638 0.0 -0.637577 0.770371 0.004819 0.245126 -0.001271 -0.007307 0.999972 -0.0 0.0 0.0 0.0 1.0
RightHand 0.773793 0.494308 -0.396111 0.0 0.464475 -0.017571 0.885412 0.22586 0.430706 -0.869109 -0.24319 0.0 0.0 0.0 0.0 1.0
RightHandIndex1 0.984391 -0.169181 -0.048504 0.0 0.169681 0.985479 0.006339 0.166308 0.046727 -0.014471 0.998803 0.0 0.0 0.0 0.0 1.0
RightHandIndex2 0.989207 0.146371 0.006709 0.0 -0.146371 0.985037 0.090987 0.017576 0.006709 -0.090987 0.995829 0.0 0.0 0.0 0.0 1.0
RightHandIndex3 0.991382 0.130857 0.006166 -0.003691 -0.130961 0.988806 0.071502 0.024887 0.003259 -0.071693 0.997421 0.002339 0.0 0.0 0.0 1.0
LeftUpLeg -0.23635 0.897725 0.37179 0.016499 -0.934856 -0.105769 -0.338904 -0.051766 -0.264919 -0.427671 0.864243 -0.078127 0.0 0.0 0.0 1.0
LeftLeg 0.668291 0.726694 0.159069 0.0 -0.739344 0.672465 0.034075 0.45463 -0.082206 -0.140379 0.986679 0.0 0.0 0.0 0.0 1.0
LeftFoot 0.023376 -0.733711 -0.679059 0.0 -0.199854 0.662104 -0.722272 0.396764 0.979547 0.152597 -0.131158 0.0 0.0 0.0 0.0 1.0
LeftToeBase 0.973497 0.142287 0.179049 -0.0 0.007914 0.761468 -0.648155 0.21322 -0.228564 0.632393 0.74016 -0.0 0.0 0.0 0.0 1.0
RightUpLeg -0.679275 0.523752 -0.514071 0.018365 -0.599878 -0.799784 -0.022187 -0.051766 -0.422766 0.293309 0.857461 0.078127 0.0 0.0 0.0 1.0
RightLeg 0.039965 0.992345 -0.116852 -0.0 -0.984852 0.019373 -0.172309 0.455255 -0.168726 0.121969 0.978088 0.0 0.0 0.0 0.0 1.0
RightFoot -0.15877 -0.834324 -0.527916 -0.0 0.243209 0.485171 -0.839915 0.396084 0.956892 -0.261747 0.125885 0.0 0.0 0.0 0.0 1.0
RightToeBase 0.974339 -0.142239 -0.174444 0.0 -0.003368 0.765719 -0.643167 0.210016 0.225059 0.62725 0.745591 0.0 0.0 0.0 0.0 1.0
Time 0.233333
Hips -0.506114 -0.59395 -0.625358 0.077179 0.456405 0.430791 -0.778533 0.430587 0.731808 -0.679443 0.053052 -0.38824 0.0 0.0 0.0 1.0
Spine 0.616398 0.785146 -0.059989 9.23E-4 -0.783237 0.619186 0.056106 0.093146 0.081196 0.012402 0.996621 0.0 0.0 0.0 0.0 1.0
Spine1 0.974915 0.22209 0.014692 0.0 -0.219785 0.971013 -0.093958 0.108676 -0.035133 0.088372 0.995468 0.0 0.0 0.0 0.0 1.0
Spine2 0.973679 0.223436 0.045012 0.0 -0.218985 0.971832 -0.087106 0.124201 -0.063207 0.074956 0.995182 -0.0 0.0 0.0 0.0 1.0
Neck 0.997295 0.0639 -0.036317 -0.0 -0.063614 0.997934 0.00898 0.139727 0.036815 -0.006646 0.9993 0.0 0.0 0.0 0.0 1.0
Head 0.867322 -0.05369 -0.494843 0.015834 -8.13E-4 0.994011 -0.109275 0.060634 0.497747 0.095179 0.862084 0.0 0.0 0.0 0.0 1.0
LeftShoulder -0.878723 -0.064121 -0.473006 2.58E-4 0.418798 -0.579027 -0.699526 0.122796 -0.229029 -0.812783 0.535658 -0.074457 0.0 0.0 0.0 1.0
LeftArm 0.595553 -0.357927 -0.719169 0.0 0.03323 0.905461 -0.423126 0.150561 0.802628 0.228096 0.551144 0.0 0.0 0.0 0.0 1.0
LeftForeArm -0.194515 -0.980805 -0.013644 0.0 0.980835 -0.194643 0.008743 0.245127 -0.011231 -0.011682 0.999869 0.0 0.0 0.0 0.0 1.0
LeftHand 0.968244 -0.220596 0.117648 -0.0 0.145056 0.878964 0.454292 0.225802 -0.203623 -0.4228 0.88305 0.0 0.0 0.0 0.0 1.0
LeftHandIndex1 0.996314 0.082846 -0.022234 0.0 -0.085447 0.935809 -0.341993 0.166258 -0.007526 0.342633 0.939439 -0.0 0.0 0.0 0.0 1.0
LeftHandIndex2 0.998049 -0.061414 -0.011237 0.0 0.048482 0.875774 -0.48028 0.016975 0.039336 0.478798 0.877043 0.0 0.0 0.0 0.0 1.0
LeftHandIndex3 0.983908 -0.169507 -0.056496 0.002672 0.099727 0.783352 -0.613526 0.025208 0.148253 0.59802 0.787651 -3.49E-4 0.0 0.0 0.0 1.0
RightShoulder 0.915871 0.322766 -0.238753 7.8E-5 -0.051264 -0.495802 -0.866921 0.122794 -0.398187 0.806227 -0.437545 0.074457 0.0 0.0 0.0 1.0
RightArm 0.783018 -0.018137 0.621734 0.0 0.182608 0.96223 -0.201908 0.150561 -0.59459 0.271631 0.756756 -0.0 0.0 0.0 0.0 1.0
RightForeArm 0.767445 0.64109 0.005661 0.0 -0.641114 0.767431 0.00485 0.245126 -0.001235 -0.007351 0.999972 -0.0 0.0 0.0 0.0 1.0
RightHand 0.841413 0.40791 -0.354448 -0.0 0.398033 -0.024178 0.917052 0.22586 0.365505 -0.912702 -0.182705 0.0 0.0 0.0 0.0 1.0
RightHandIndex1 0.978147 -0.196921 -0.066717 0.0 0.201448 0.977016 0.069709 0.166308 0.051456 -0.081626 0.995334 0.0 0.0 0.0 0.0 1.0
RightHandIndex2 0.989207 0.146371 0.006709 0.0 -0.146371 0.985037 0.090987 0.017576 0.006709 -0.090987 0.995829 0.0 0.0 0.0 0.0 1.0
RightHandIndex3 0.991382 0.130857 0.006166 -0.003691 -0.130961 0.988806 0.071502 0.024887 0.00326 -0.071693 0.997421 0.002339 0.0 0.0 0.0 1.0
LeftUpLeg -0.174648 0.896769 0.406575 0.016499 -0.922357 -0.004485 -0.386313 -0.051766 -0.344609 -0.442476 0.827925 -0.078127 0.0 0.0 0.0 1.0
LeftLeg 0.47341 0.868052 0.149565 -0.0 -0.877264 0.47993 -0.008681 0.45463 -0.079317 -0.127098 0.988714 0.0 0.0 0.0 0.0 1.0
LeftFoot 0.076473 -0.876219 -0.475806 0.0 -0.310609 0.432522 -0.846432 0.396764 0.947457 0.212519 -0.239085 0.0 0.0 0.0 0.0 1.0
LeftToeBase 0.974052 0.141187 0.176886 -0.0 -0.004671 0.793937 -0.607982 0.21322 -0.226276 0.59138 0.773995 0.0 0.0 0.0 0.0 1.0
RightUpLeg -0.668584 0.571011 -0.476384 0.018365 -0.586721 -0.79865 -0.133854 -0.051766 -0.456896 0.190011 0.868989 0.078127 0.0 0.0 0.0 1.0
RightLeg -0.084405 0.986853 -0.137828 0.0 -0.987074 -0.10172 -0.123845 0.455255 -0.136237 0.125593 0.982683 0.0 0.0 0.0 0.0 1.0
RightFoot -0.198485 -0.817558 -0.540558 0.0 0.104534 0.530727 -0.841072 0.396084 0.974513 -0.223447 -0.019878 0.0 0.0 0.0 0.0 1.0
RightToeBase 0.967113 -0.143329 -0.210116 -0.0 -0.084687 0.597506 -0.79738 0.210016 0.239834 0.78895 0.565718 0.0 0.0 0.0 0.0 1.0
Time 0.266667
Hips -0.360411 -0.679046 -0.639532 0.047463 0.256323 0.587119 -0.767847 0.488502 0.896885 -0.440668 -0.037549 -0.435253 0.0 0.0 0.0 1.0
Spine 0.615918 0.77607 -0.1355 9.23E-4 -0.78084 0.6242 0.025748 0.093146 0.104562 0.089945 0.990443 0.0 0.0 0.0 0.0 1.0
Spine1 0.971428 0.237139 0.009599 0.0 -0.235026 0.966823 -0.100084 0.108676 -0.033014 0.094969 0.994933 0.0 0.0 0.0 0.0 1.0
Spine2 0.970295 0.23865 0.039679 0.0 -0.234311 0.967853 -0.091422 0.124201 -0.060221 0.079409 0.995021 0.0 0.0 0.0 0.0 1.0
Neck 0.998806 0.038828 -0.029632 -0.0 -0.038031 0.998912 0.026977 0.139727 0.030647 -0.025817 0.999197 0.0 0.0 0.0 0.0 1.0
Head 0.857701 -0.193073 -0.476521 0.015834 0.138316 0.979294 -0.147824 0.060634 0.495195 0.060879 0.866647 -0.0 0.0 0.0 0.0 1.0
LeftShoulder -0.811069 -0.146165 -0.566395 2.58E-4 0.536199 -0.57277 -0.62002 0.122796 -0.233789 -0.80658 0.542929 -0.074457 0.0 0.0 0.0 1.0
LeftArm 0.470302 -0.486366 -0.736386 0.0 0.317219 0.871823 -0.373224 0.150561 0.823522 -0.058068 0.564305 0.0 0.0 0.0 0.0 1.0
LeftForeArm -0.250585 -0.967991 -0.014141 0.0 0.968023 -0.250717 0.008471 0.245127 -0.011745 -0.011566 0.999864 0.0 0.0 0.0 0.0 1.0
LeftHand 0.961738 -0.268173 0.056065 0.0 0.201457 0.830909 0.518658 0.225802 -0.185675 -0.487518 0.853142 -0.0 0.0 0.0 0.0 1.0
LeftHandIndex1 0.99548 0.092345 -0.022201 0.0 -0.094366 0.935235 -0.34122 0.166258 -0.010747 0.341772 0.939721 -0.0 0.0 0.0 0.0 1.0
LeftHandIndex2 0.997952 -0.063126 -0.010324 -0.0 0.051202 0.885099 -0.462577 0.016975 0.038338 0.461102 0.886519 0.0 0.0 0.0 0.0 1.0
LeftHandIndex3 0.984085 -0.169948 -0.051901 0.002672 0.107391 0.8015 -0.588273 0.025208 0.141574 0.573337 0.806995 -3.49E-4 0.0 0.0 0.0 1.0
RightShoulder 0.830579 0.481173 -0.280377 7.8E-5 -0.054034 -0.431455 -0.900515 0.122794 -0.554273 0.763099 -0.332358 0.074457 0.0 0.0 0.0 1.0
RightArm 0.731628 -0.023243 0.681308 0.0 0.11266 0.989799 -0.087213 0.150561 -0.672331 0.140564 0.726783 -0.0 0.0 0.0 0.0 1.0
RightForeArm 0.757289 0.653055 0.005738 -0.0 -0.653079 0.757274 0.004936 0.245126 -0.001122 -0.007485 0.999971 -0.0 0.0 0.0 0.0 1.0
RightHand 0.901861 0.300882 -0.310027 0.0 0.332634 -0.025675 0.942706 0.22586 0.275683 -0.953316 -0.123239 0.0 0.0 0.0 0.0 1.0
RightHandIndex1 0.976006 -0.203752 -0.076801 0.0 0.213119 0.966198 0.145056 0.166308 0.044649 -0.157943 0.986438 0.0 0.0 0.0 0.0 1.0
RightHandIndex2 0.989207 0.146371 0.006709 0.0 -0.146371 0.985037 0.090987 0.017576 0.006709 -0.090987 0.995829 0.0 0.0 0.0 0.0 1.0
RightHandIndex3 0.991382 0.130857 0.006166 -0.003691 -0.130961 0.988806 0.071502 0.024887 0.00326 -0.071693 0.997421 0.002339 0.0 0.0 0.0 1.0
LeftUpLeg -0.176901 0.884117 0.432485 0.016499 -0.904707 0.026966 -0.42518 -0.051766 -0.387572 -0.466487 0.795096 -0.078127 0.0 0.0 0.0 1.0
LeftLeg 0.308959 0.945578 0.102108 0.0 -0.950166 0.311574 -0.010328 0.45463 -0.04158 -0.093829 0.99472 0.0 0.0 0.0 0.0 1.0
LeftFoot 0.139316 -0.951792 -0.273281 0.0 -0.359238 0.208594 -0.909635 0.396764 0.922789 0.2249 -0.312859 0.0 0.0 0.0 0.0 1.0
LeftToeBase 0.974682 0.140212 0.174169 0.0 -0.021786 0.834801 -0.550121 0.21322 -0.22253 0.532399 0.81672 -0.0 0.0 0.0 0.0 1.0
RightUpLeg -0.649335 0.617513 -0.443894 0.018365 -0.602039 -0.774016 -0.196083 -0.051766 -0.464665 0.139918 0.874362 0.078127 0.0 0.0 0.0 1.0
RightLeg -0.197499 0.970369 -0.139205 0.0 -0.977533 -0.205614 -0.046403 0.455255 -0.07365 0.126913 0.989176 0.0 0.0 0.0 0.0 1.0
RightFoot -0.276723 -0.803211 -0.527518 0.0 0.065766 0.531838 -0.844288 0.396084 0.958697 -0.268327 -0.094348 0.0 0.0 0.0 0.0 1.0
RightToeBase 0.976416 -0.158832 -0.146233 0.0 -0.06552 0.427383 -0.901693 0.210016 0.205716 0.890009 0.406897 -0.0 0.0 0.0 0.0 1.0
Time 0.3
Hips -0.201966 -0.706181 -0.678615 0.016788 0.0194 0.689873 -0.72367 0.556178 0.9792 -0.159322 -0.125631 -0.464194 0.0 0.0 0.0 1.0
Spine 0.596661 0.779969 -0.188798 9.23E-4 -0.79118 0.611103 0.024233 0.093146 0.134275 0.134914 0.981717 -0.0 0.0 0.0 0.0 1.0
Spine1 0.968745 0.247997 0.005579 0.0 -0.2465 0.96493 -0.090261 0.108676 -0.027768 0.086065 0.995903 0.0 0.0 0.0 0.0 1.0
Spine2 0.967868 0.24926 0.033184 0.0 -0.246022 0.965952 -0.080058 0.124201 -0.052009 0.069321 0.996238 -0.0 0.0 0.0 0.0 1.0
Neck 0.999811 0.00545 -0.018679 -0.0 -0.004752 0.999296 0.037218 0.139727 0.018869 -0.037122 0.999133 0.0 0.0 0.0 0.0 1.0
Head 0.862477 -0.341351 -0.373649 0.015834 0.28746 0.938055 -0.193439 0.060634 0.416534 0.059427 0.907176 0.0 0.0 0.0 0.0 1.0
LeftShoulder -0.765846 -0.085283 -0.637344 2.58E-4 0.573417 -0.539108 -0.616892 0.122796 -0.290987 -0.837907 0.461777 -0.074457 0.0 0.0 0.0 1.0
LeftArm 0.325961 -0.53287 -0.780896 -0.0 0.521452 0.790336 -0.321648 0.150561 0.788567 -0.302355 0.535485 0.0 0.0 0.0 0.0 1.0
LeftForeArm -0.190242 -0.981643 -0.013613 0.0 0.981675 -0.190368 0.00859 0.245127 -0.011024 -0.011729 0.99987 0.0 0.0 0.0 0.0 1.0
LeftHand 0.981469 -0.071503 0.177783 -0.0 0.025307 0.968014 0.249615 0.225802 -0.189945 -0.24049 0.951885 -0.0 0.0 0.0 0.0 1.0
LeftHandIndex1 0.99555 0.091807 -0.021228 0.0 -0.093667 0.939597 -0.329216 0.166258 -0.010279 0.329739 0.944016 -0.0 0.0 0.0 0.0 1.0
LeftHandIndex2 0.997771 -0.066153 -0.008808 0.0 0.055898 0.900516 -0.431215 0.016975 0.036458 0.429761 0.902206 0.0 0.0 0.0 0.0 1.0
LeftHandIndex3 0.984276 -0.170881 -0.044736 0.002672 0.118908 0.828266 -0.547573 0.025208 0.130623 0.533644 0.835561 -3.49E-4 0.0 0.0 0.0 1.0
RightShoulder 0.750253 0.615406 -0.241654 7.8E-5 -0.073624 -0.285466 -0.955557 0.122794 -0.657039 0.7347 -0.168863 0.074457 0.0 0.0 0.0 1.0
RightArm 0.71621 0.01959 0.69761 -0.0 0.054815 0.994939 -0.084215 0.150561 -0.695729 0.098555 0.711511 -0.0 0.0 0.0 0.0 1.0
RightForeArm 0.742069 0.670298 0.005853 0.0 -0.670323 0.742053 0.005066 0.245126 -9.47E-4 -0.007683 0.99997 0.0 0.0 0.0 0.0 1.0
RightHand 0.948583 0.171718 -0.265902 0.0 0.274496 -0.027962 0.961182 0.22586 0.157617 -0.984749 -0.073661 -0.0 0.0 0.0 0.0 1.0
RightHandIndex1 0.979898 -0.187165 -0.069058 -0.0 0.198419 0.9503 0.239916 0.166308 0.020722 -0.248795 0.968334 0.0 0.0 0.0 0.0 1.0
RightHandIndex2 0.989207 0.146371 0.006709 0.0 -0.146371 0.985036 0.090987 0.017576 0.006709 -0.090987 0.995829 0.0 0.0 0.0 0.0 1.0
RightHandIndex3 0.991382 0.130857 0.006166 -0.003691 -0.130961 0.988806 0.071502 0.024887 0.00326 -0.071693 0.997421 0.002339 0.0 0.0 0.0 1.0
LeftUpLeg -0.269372 0.858302 0.436757 0.016499 -0.899744 -0.062597 -0.431906 -0.051766 -0.343366 -0.509313 0.789114 -0.078127 0.0 0.0 0.0 1.0
LeftLeg 0.258277 0.964623 0.052874 0.0 -0.966068 0.25802 0.011749 0.45463 -0.002309 -0.054114 0.998532 0.0 0.0 0.0 0.0 1.0
LeftFoot 0.157562 -0.97689 -0.144431 -0.0 -0.351337 0.081234 -0.932718 0.396764 0.922896 0.197705 -0.330419 0.0 0.0 0.0 0.0 1.0
LeftToeBase 0.975226 0.139438 0.171729 0.0 -0.035755 0.86547 -0.499682 0.21322 -0.218301 0.481163 0.849015 0.0 0.0 0.0 0.0 1.0
RightUpLeg -0.60539 0.668142 -0.432539 0.018365 -0.697298 -0.707246 -0.11653 -0.051766 -0.38377 0.231063 0.894053 0.078127 0.0 0.0 0.0 1.0
RightLeg -0.299493 0.94362 -0.141013 0.0 -0.949233 -0.3096 -0.055717 0.455255 -0.096233 0.117167 0.988439 -0.0 0.0 0.0 0.0 1.0
RightFoot -0.370642 -0.725331 -0.580103 -0.0 0.314021 0.489942 -0.813233 0.396084 0.87408 -0.483583 0.046176 0.0 0.0 0.0 0.0 1.0
RightToeBase 0.921563 -0.25583 0.292015 0.0 0.358085 0.269526 -0.893941 0.210016 0.149991 0.928389 0.339994 0.0 0.0 0.0 0.0 1.0
Time 0.333333
Hips -0.046566 -0.672385 -0.738736 -0.008437 -0.248964 0.724013 -0.64329 0.62433 0.967393 0.153963 -0.201114 -0.468001 0.0 0.0 0.0 1.0
Spine 0.592305 0.780625 -0.199498 9.23E-4 -0.792268 0.609331 0.032052 0.093146 0.146581 0.139071 0.979374 0.0 0.0 0.0 0.0 1.0
Spine1 0.968642 0.248452 0.002212 -0.0 -0.247597 0.965974 -0.07476 0.108676 -0.020711 0.071868 0.997199 0.0 0.0 0.0 0.0 1.0
Spine2 0.968153 0.249099 0.025093 0.0 -0.247094 0.966848 -0.064417 0.124201 -0.040308 0.056165 0.997608 0.0 0.0 0.0 0.0 1.0
Neck 0.999354 -0.035128 -0.007525 -0.0 0.035388 0.998657 0.037849 0.139727 0.006185 -0.03809 0.999255 0.0 0.0 0.0 0.0 1.0
Head 0.850502 -0.471024 -0.234059 0.015834 0.425182 0.877656 -0.221222 0.060634 0.309624 0.088632 0.946719 0.0 0.0 0.0 0.0 1.0
LeftShoulder -0.724595 0.022923 -0.688794 2.58E-4 0.590186 -0.495443 -0.637351 0.122796 -0.355868 -0.868338 0.345467 -0.074457 0.0 0.0 0.0 1.0
LeftArm 0.198274 -0.531483 -0.823537 -0.0 0.572862 0.744607 -0.342622 0.150561 0.795309 -0.40384 0.452103 0.0 0.0 0.0 0.0 1.0
LeftForeArm -0.18888 -0.981906 -0.013601 0.0 0.981938 -0.189005 0.008593 0.245127 -0.011008 -0.011733 0.999871 0.0 0.0 0.0 0.0 1.0
LeftHand 0.940124 0.066822 0.334218 -0.0 -0.125745 0.979418 0.157886 0.225802 -0.316788 -0.190459 0.929177 -0.0 0.0 0.0 0.0 1.0
LeftHandIndex1 0.995715 0.090119 -0.020743 0.0 -0.091987 0.94217 -0.322265 0.166258 -0.009499 0.322792 0.946422 -0.0 0.0 0.0 0.0 1.0
LeftHandIndex2 0.997485 -0.070554 -0.006834 -0.0 0.06247 0.92055 -0.385598 0.016975 0.033497 0.384201 0.922641 0.0 0.0 0.0 0.0 1.0
LeftHandIndex3 0.984352 -0.172273 -0.03705 0.002672 0.130727 0.854925 -0.502009 0.025208 0.118158 0.489311 0.864068 -3.49E-4 0.0 0.0 0.0 1.0
RightShoulder 0.711059 0.684423 -0.161122 7.8E-5 -0.072645 -0.156414 -0.985016 0.122794 -0.69937 0.712109 -0.0615 0.074457 0.0 0.0 0.0 1.0
RightArm 0.720029 0.111588 0.684913 -0.0 -0.042355 0.992213 -0.117127 0.150561 -0.69265 0.055325 0.719149 -0.0 0.0 0.0 0.0 1.0
RightForeArm 0.732959 0.680247 0.005922 0.0 -0.680273 0.732941 0.005142 0.245126 -8.42E-4 -0.007797 0.999969 0.0 0.0 0.0 0.0 1.0
RightHand 0.970766 0.042584 -0.236218 0.0 0.237236 -0.020604 0.971234 0.22586 0.036492 -0.99888 -0.030104 0.0 0.0 0.0 0.0 1.0
RightHandIndex1 0.983019 -0.182309 -0.020909 0.0 0.178218 0.921333 0.345519 0.166308 -0.043728 -0.343378 0.938179 0.0 0.0 0.0 0.0 1.0
RightHandIndex2 0.989207 0.146371 0.006709 0.0 -0.146371 0.985036 0.090988 0.017576 0.006709 -0.090988 0.995829 -0.0 0.0 0.0 0.0 1.0
RightHandIndex3 0.991382 0.130857 0.006166 -0.003691 -0.130961 0.988806 0.071501 0.024887 0.00326 -0.071693 0.997421 0.002339 0.0 0.0 0.0 1.0
LeftUpLeg -0.388351 0.808115 0.44287 0.016499 -0.886133 -0.195601 -0.420129 -0.051766 -0.252887 -0.5556 0.792059 -0.078127 0.0 0.0 0.0 1.0
LeftLeg 0.339653 0.940487 0.010986 0.0 -0.938333 0.338028 0.072578 0.45463 0.064545 -0.03496 0.997302 -0.0 0.0 0.0 0.0 1.0
LeftFoot 0.098058 -0.981341 -0.165391 0.0 -0.283276 0.131793 -0.94994 0.396764 0.954012 0.140001 -0.265067 0.0 0.0 0.0 0.0 1.0
LeftToeBase 0.975381 0.13924 0.171009 0.0 -0.039772 0.873812 -0.484635 0.21322 -0.21691 0.465902 0.857837 0.0 0.0 0.0 0.0 1.0
