Root_Bone_Name Hips
Num_Keyframes 31
Num_Bones 34
Time_Wrapping_Mode LOOP
Time 0.0
Hips 0.994576 -0.04787848 0.09233873 -0.007582999 0.005557751 0.9109523 0.4124748 0.03637797 -0.1038648 -0.4097246 0.9062769 0.257085 0.0 0.0 0.0 1.0
Spine 0.9907361 0.0255961 -0.1333668 0.0 -0.1228494 0.5874884 -0.7998527 0.09047936 0.0578784 0.8088268 0.5851905 0.0 0.0 0.0 0.0 1.0
Spine1 0.997733 -0.05119201 -0.0436742 -1.86265E-9 0.03873401 0.967643 -0.249332 0.1055581 0.0550248 0.2470751 0.9674327 -1.49012E-8 0.0 0.0 0.0 1.0
Spine2 0.998271 -0.05268044 -0.02607656 1.39698E-9 0.04449075 0.9670877 -0.2505232 0.1206381 0.03841601 0.24893 0.967759 -3.72529E-9 0.0 0.0 0.0 1.0
Neck 0.9997129 -0.02233101 0.008725237 -1.11759E-8 0.02397287 0.9261714 -0.3763415 0.1357164 3.22998E-4 0.3764426 0.9264405 -2.98023E-8 0.0 0.0 0.0 1.0
Head 0.992245 -0.09418786 0.08111295 7.45058E-9 0.12138 0.8748268 -0.4689832 0.06010485 -0.02678728 0.4751915 0.8794749 5.96046E-8 0.0 0.0 0.0 1.0
LeftShoulder 0.05105081 0.9738435 -0.2214093 0.076472 0.1012062 -0.2256017 -0.9689488 0.1188749 -0.9935552 0.02705785 -0.1100761 1.39982E-4 0.0 0.0 0.0 1.0
LeftArm 0.8128631 0.5314221 -0.2384207 0.0 -0.2241976 -0.09232664 -0.9701608 0.1576816 -0.5375775 0.8420607 0.04409459 5.96046E-8 0.0 0.0 0.0 1.0
LeftForeArm 0.8248193 -0.5653868 -0.00337627 0.0 0.5653963 0.8247916 0.006787322 0.2471371 -0.001052752 -0.007507235 0.9999711 1.49012E-8 0.0 0.0 0.0 1.0
LeftHand 0.9034624 -0.3667416 0.2219378 2.98023E-8 -0.2924765 -0.1488676 0.9446137 0.2179777 -0.3133897 -0.9183358 -0.2417593 1.49012E-8 0.0 0.0 0.0 1.0
LeftHandThumb1 0.7877339 -0.5947305 0.1605331 -0.02564138 0.6115854 0.7862443 -0.08822029 0.0195462 -0.07375095 0.1676736 0.9830804 0.02510377 0.0 0.0 0.0 1.0
LeftHandThumb2 0.9689068 0.2393977 0.06251483 0.0 -0.2355233 0.9697958 -0.0634477 0.03269052 -0.07581578 0.04675124 0.996025 0.0 0.0 0.0 0.0 1.0
LeftHandThumb3 0.9989829 0.02961241 0.03399339 -2.98023E-8 -0.03459284 0.987027 0.1567799 0.04383971 -0.02890973 -0.1577963 0.9870484 -1.86265E-9 0.0 0.0 0.0 1.0
LeftHandIndex1 0.995858 0.07412831 -0.05264196 0.001385808 -0.08567186 0.9589375 -0.2703658 0.1168601 0.03043866 0.2737558 0.9613175 0.015952 0.0 0.0 0.0 1.0
LeftHandIndex2 0.9999983 -1.01347E-4 -0.001957566 -2.98023E-8 9.97223E-5 0.9999996 -8.20942E-4 0.0327516 0.001957625 8.20756E-4 0.9999977 7.45058E-9 0.0 0.0 0.0 1.0
LeftHandIndex3 0.9917599 0.1280383 -0.00428535 0.0 -0.1255846 0.9782748 0.1649454 0.03350961 0.02531157 -0.163048 0.986294 0.0 0.0 0.0 0.0 1.0
RightShoulder 0.003019825 -0.9828878 0.1841827 -0.076472 -0.009989321 -0.1842041 -0.9828372 0.118876 0.9999452 0.001128137 -0.0103747 2.8801E-4 0.0 0.0 0.0 1.0
RightArm 0.860338 -0.4819943 0.1658319 1.49012E-8 0.2489399 0.1134164 -0.9618561 0.1576796 0.4448012 0.8688021 0.2175643 0.0 0.0 0.0 0.0 1.0
RightForeArm 0.7477794 0.6639241 0.005465852 0.0 -0.663946 0.7477374 0.007987946 0.2471427 0.001216337 -0.009602278 0.9999524 0.0 0.0 0.0 0.0 1.0
RightHand 0.6117995 0.5953209 -0.5208598 -7.45058E-9 0.5568021 0.143595 0.8181395 0.2180717 0.5618485 -0.7905533 -0.2436243 1.49012E-8 0.0 0.0 0.0 1.0
RightHandThumb1 0.7974989 0.599021 -0.07189917 0.02317731 -0.6033121 0.7924489 -0.08966027 0.01995268 0.003267992 0.1148814 0.9933745 0.02057885 0.0 0.0 0.0 1.0
RightHandThumb2 0.9332607 -0.276959 -0.2287325 -2.98023E-8 0.263274 0.9606114 -0.0889541 0.02949168 0.24436 0.0227981 0.9694154 1.86265E-9 0.0 0.0 0.0 1.0
RightHandThumb3 0.9934247 -0.1075917 -0.0391299 1.49012E-8 0.1095812 0.9925714 0.05285621 0.0446583 0.03315231 -0.05679648 0.9978359 -7.45058E-9 0.0 0.0 0.0 1.0
RightHandIndex1 0.9919541 -0.09570235 0.08287324 -0.005173981 0.1119892 0.9686186 -0.2218953 0.1195497 -0.05903664 0.2293911 0.9715418 0.0131212 0.0 0.0 0.0 1.0
RightHandIndex2 0.9999949 0.002437796 -0.001995444 1.49012E-8 -0.002438034 0.9999968 -1.27397E-4 0.03547546 0.001995161 1.32293E-4 0.9999971 0.0 0.0 0.0 0.0 1.0
RightHandIndex3 0.9916775 -0.1286966 0.003535122 1.49012E-8 0.1236627 0.9598095 0.251938 0.03128028 -0.03581659 -0.249404 0.9677372 7.45058E-9 0.0 0.0 0.0 1.0
LeftUpLeg -0.5898466 0.8065359 0.03968956 0.07535114 -0.3217149 -0.2797999 0.9045665 -0.05014085 0.740668 0.5207796 0.4245361 0.01726815 0.0 0.0 0.0 1.0
LeftLeg 0.9975304 -0.06511274 0.02636875 -4.47035E-8 0.04444748 0.875662 0.4808688 0.4455441 -0.05440088 -0.4785043 0.8764011 0.0 0.0 0.0 0.0 1.0
LeftFoot 0.9991102 0.008200258 0.04137016 -5.96046E-8 0.01118636 0.8942719 -0.4473997 0.4122686 -0.04066494 0.4474751 0.893363 -5.96046E-8 0.0 0.0 0.0 1.0
LeftToeBase 0.9987301 4.0561E-5 0.05037901 0.0 -1.67906E-4 0.9999975 0.002523094 0.2128072 -0.05037873 -0.002528362 0.9987274 0.0 0.0 0.0 0.0 1.0
RightUpLeg -0.7042266 -0.7091879 -0.03335842 -0.07535103 0.4293882 -0.462864 0.7754923 -0.05009098 -0.5654132 0.5317997 0.6304903 0.02117297 0.0 0.0 0.0 1.0
RightLeg 0.9803243 0.0745672 0.1827648 4.47035E-8 -0.1317312 0.9366934 0.3244223 0.4460003 -0.1470031 -0.3421138 0.9280903 -7.45058E-9 0.0 0.0 0.0 1.0
RightFoot 0.9480687 0.1052917 0.3001289 2.98023E-8 0.2472488 0.3496084 -0.9036849 0.4115375 -0.2000774 0.9309596 0.3054209 0.0 0.0 0.0 0.0 1.0
RightToeBase 0.9990971 -0.001322508 -0.04246303 5.96046E-8 0.004173189 0.9977372 0.0671134 0.2092205 0.04227817 -0.06723005 0.996841 5.96046E-8 0.0 0.0 0.0 1.0
Time 0.033333
Hips 0.9883369 -0.0938253 -0.1199464 0.036307 0.1367328 0.8935047 0.4277296 0.05719496 0.06704087 -0.4391418 0.8959125 0.2598661 0.0 0.0 0.0 1.0
Spine 0.9877212 0.1165071 -0.1040808 0.0 -0.1503688 0.5282609 -0.8356603 0.09047936 -0.04237859 0.8410501 0.5392934 0.0 0.0 0.0 0.0 1.0
Spine1 0.9990031 -0.04100884 -0.01766402 -1.86265E-9 0.03553818 0.969752 -0.2414908 0.1055581 0.02703298 0.2406222 0.970242 -1.49012E-8 0.0 0.0 0.0 1.0
Spine2 0.9992179 -0.03954102 2.69104E-4 1.39698E-9 0.03843596 0.9696477 -0.241464 0.1206381 0.009286799 0.2412853 0.9704101 -3.72529E-9 0.0 0.0 0.0 1.0
Neck 0.9989569 -0.0455475 0.003083788 -1.11759E-8 0.0434653 0.9282853 -0.3693194 0.1357164 0.01395894 0.3690681 0.9292979 -2.98023E-8 0.0 0.0 0.0 1.0
Head 0.96996 -0.242787 0.01521969 7.45058E-9 0.2266455 0.8792011 -0.4190903 0.06010485 0.08836853 0.4099504 0.9078166 5.96046E-8 0.0 0.0 0.0 1.0
LeftShoulder 0.1438307 0.958838 -0.2448326 0.07647197 0.09629014 -0.2597911 -0.9608521 0.1188749 -0.9849076 0.1146253 -0.1296924 1.39952E-4 0.0 0.0 0.0 1.0
LeftArm 0.7180002 0.5406531 -0.4383717 0.0 -0.4044647 -0.1884798 -0.8949214 0.1576816 -0.5664663 0.8198588 0.08334656 5.96046E-8 0.0 0.0 0.0 1.0
LeftForeArm 0.7532903 -0.6576746 -0.004234733 0.0 0.6576857 0.7532511 0.00789357 0.2471371 -0.002001591 -0.008731261 0.9999602 1.49012E-8 0.0 0.0 0.0 1.0
LeftHand 0.7400602 -0.606903 0.2897928 2.98023E-8 -0.2824545 0.1105721 0.9528863 0.2179777 -0.6103525 -0.7870475 -0.08959232 1.49012E-8 0.0 0.0 0.0 1.0
LeftHandThumb1 0.7484047 -0.6418762 -0.1669885 -0.02564126 0.5663865 0.7495295 -0.3426538 0.0195461 0.3451042 0.1618637 0.9245018 0.02510357 0.0 0.0 0.0 1.0
LeftHandThumb2 0.9560615 0.2896626 0.04519744 0.0 -0.2863259 0.9556986 -0.06825433 0.03269052 -0.06296583 0.05231417 0.9966436 0.0 0.0 0.0 0.0 1.0
LeftHandThumb3 0.9956802 -0.06999963 0.06100576 -2.98023E-8 0.05731384 0.9802392 0.1893307 0.04383971 -0.07305334 -0.1850162 0.9800165 -1.86265E-9 0.0 0.0 0.0 1.0
LeftHandIndex1 0.9964899 0.06335174 -0.05470879 0.001385808 -0.07587898 0.9596193 -0.2708738 0.1168601 0.03533927 0.2740743 0.9610596 0.015952 0.0 0.0 0.0 1.0
LeftHandIndex2 0.9999669 0.007900959 -0.002086133 -2.98023E-8 -0.007974077 0.9992558 -0.03774087 0.0327516 0.001786366 0.03775622 0.9992855 7.45058E-9 0.0 0.0 0.0 1.0
LeftHandIndex3 0.9915895 0.1293584 -0.004063979 0.0 -0.1270764 0.9790883 0.1588626 0.03350961 0.02452919 -0.1570101 0.9872923 0.0 0.0 0.0 0.0 1.0
RightShoulder -0.01867942 -0.9788287 0.2038261 -0.07647204 -0.05914474 -0.2024229 -0.9775105 0.118876 0.9980747 -0.03031458 -0.05411136 2.87965E-4 0.0 0.0 0.0 1.0
RightArm 0.8702031 -0.4188405 0.259461 1.49012E-8 0.3462709 0.1452899 -0.9268163 0.1576796 0.350491 0.8963616 0.2714639 0.0 0.0 0.0 0.0 1.0
RightForeArm 0.7256369 0.6880535 0.005732155 0.0 -0.6880763 0.7255907 0.008278683 0.2471427 0.001536958 -0.009951524 0.9999483 0.0 0.0 0.0 0.0 1.0
RightHand 0.5778631 0.6416692 -0.5043171 -7.45058E-9 0.5578516 0.140495 0.8179625 0.2180717 0.5957152 -0.7540051 -0.2767688 1.49012E-8 0.0 0.0 0.0 1.0
RightHandThumb1 0.7966924 0.6000553 -0.07221131 0.02317727 -0.6043748 0.791659 -0.08947999 0.01995263 0.003473829 0.1149307 0.9933672 0.02057895 0.0 0.0 0.0 1.0
RightHandThumb2 0.9320662 -0.2818416 -0.2276368 -2.98023E-8 0.2680676 0.9591894 -0.08997914 0.02949168 0.2437069 0.0228445 0.969579 1.86265E-9 0.0 0.0 0.0 1.0
RightHandThumb3 0.9942852 -0.09973636 -0.03806949 1.49012E-8 0.10175 0.9932749 0.05523922 0.0446583 0.03230411 -0.05879704 0.9977478 -7.45058E-9 0.0 0.0 0.0 1.0
RightHandIndex1 0.9920684 -0.09510344 0.08218523 -0.005173981 0.1108162 0.97035 -0.214806 0.1195497 -0.05931962 0.2222101 0.9731919 0.0131212 0.0 0.0 0.0 1.0
RightHandIndex2 0.9999976 -9.12592E-4 -0.00199008 1.49012E-8 8.73739E-4 0.9998103 -0.0194329 0.03547546 0.00200747 0.01943115 0.9998084 0.0 0.0 0.0 0.0 1.0
RightHandIndex3 0.9919389 -0.1266476 0.004073173 1.49012E-8 0.1210906 0.9569042 0.2639511 0.03128028 -0.0373264 -0.2613302 0.9645274 7.45058E-9 0.0 0.0 0.0 1.0
LeftUpLeg -0.6967037 0.7160444 -0.04328326 0.07535107 -0.2710069 -0.2068692 0.9401037 -0.05014081 0.6642044 0.666698 0.338199 0.01726818 0.0 0.0 0.0 1.0
LeftLeg 0.9996466 -0.01310629 0.02316228 -4.47035E-8 -0.006423622 0.7257521 0.6879255 0.4455441 -0.02582626 -0.6878161 0.7254262 0.0 0.0 0.0 0.0 1.0
LeftFoot 0.9975618 0.0659788 0.02275239 -5.96046E-8 -0.03880247 0.7953051 -0.6049683 0.4122686 -0.05801024 0.6026193 0.795914 -5.96046E-8 0.0 0.0 0.0 1.0
LeftToeBase 0.9986986 -1.91122E-4 0.05098344 0.0 8.11249E-4 0.999926 -0.01214365 0.2128072 -0.05097726 0.0121692 0.9986265 0.0 0.0 0.0 0.0 1.0
RightUpLeg -0.737722 -0.6512135 -0.1779946 -0.07535109 0.3812253 -0.6194443 0.6862652 -0.05009104 -0.5571659 0.4384181 0.7052503 0.02117288 0.0 0.0 0.0 1.0
RightLeg 0.9703833 0.1482573 0.1907245 4.47035E-8 -0.2096156 0.9091991 0.3597449 0.4460003 -0.1200716 -0.3890678 0.9133527 -7.45058E-9 0.0 0.0 0.0 1.0
RightFoot 0.9637796 0.02430385 0.2655885 2.98023E-8 0.2286291 0.4374496 -0.8696947 0.4115375 -0.1373184 0.8989133 0.4160498 0.0 0.0 0.0 0.0 1.0
RightToeBase 0.9987892 0.001510859 -0.04917723 5.96046E-8 -0.006054282 0.9957042 -0.0923734 0.2092205 0.04882646 0.09255899 0.9945103 5.96046E-8 0.0 0.0 0.0 1.0
Time 0.06666696
Hips 0.9377621 -0.1299331 -0.3220539 0.07807 0.2498386 0.8965433 0.3657737 0.09285194 0.2412089 -0.4234703 0.8732076 0.267801 0.0 0.0 0.0 1.0
Spine 0.983041 0.1675751 -0.07449336 0.0 -0.1481609 0.4863575 -0.8611062 0.09047936 -0.1080696 0.8575394 0.5029374 0.0 0.0 0.0 0.0 1.0
Spine1 0.999518 -0.03026363 0.006875186 -1.86265E-9 0.03103438 0.9736217 -0.2260478 0.1055581 1.47194E-4 0.2261522 0.9740919 -1.49012E-8 0.0 0.0 0.0 1.0
Spine2 0.9993749 -0.02586179 0.02410594 1.39698E-9 0.03063501 0.973803 -0.2253203 0.1206381 -0.01764726 0.225918 0.9739863 -3.72529E-9 0.0 0.0 0.0 1.0
Neck 0.998367 -0.05693949 -0.004508326 -1.11759E-8 0.05132391 0.9289362 -0.3666645 0.1357164 0.02506563 0.3658346 0.9303422 -2.98023E-8 0.0 0.0 0.0 1.0
Head 0.945057 -0.3220796 -0.05596671 7.45058E-9 0.2737232 0.8732263 -0.4031765 0.06010485 0.1787265 0.3657052 0.9134094 5.96046E-8 0.0 0.0 0.0 1.0
LeftShoulder 0.2744331 0.9248344 -0.2633771 0.07647201 0.07446861 -0.2935102 -0.9530513 0.118875 -0.9587188 0.2419355 -0.14942 1.39952E-4 0.0 0.0 0.0 1.0
LeftArm 0.7055253 0.5382883 -0.4609556 0.0 -0.4161005 -0.2118739 -0.8842912 0.1576816 -0.5736682 0.8156927 0.0744995 5.96046E-8 0.0 0.0 0.0 1.0
LeftForeArm 0.6969227 -0.7171289 -0.004911384 0.0 0.7171406 0.696875 0.008606866 0.2471371 -0.002749607 -0.009520471 0.9999512 1.49012E-8 0.0 0.0 0.0 1.0
LeftHand 0.7650746 -0.4726977 0.4372842 2.98023E-8 -0.2367339 0.4250505 0.8736649 0.2179777 -0.5988461 -0.7719397 0.2132918 1.49012E-8 0.0 0.0 0.0 1.0
LeftHandThumb1 0.7609402 -0.6434615 -0.08322749 -0.02564117 0.5891742 0.7390004 -0.3267286 0.01954601 0.2717426 0.1995853 0.9414467 0.02510354 0.0 0.0 0.0 1.0
LeftHandThumb2 0.9420356 0.333844 0.03343057 0.0 -0.3308524 0.9408756 -0.07272702 0.03269052 -0.05573347 0.05745082 0.9967918 0.0 0.0 0.0 0.0 1.0
LeftHandThumb3 0.99804 -0.01147403 0.06151421 -2.98023E-8 -4.29014E-5 0.9829187 0.1840395 0.04383971 -0.0625751 -0.1836813 0.9809924 -1.86265E-9 0.0 0.0 0.0 1.0
LeftHandIndex1 0.9977305 0.04711718 -0.04809068 0.001385808 -0.05463592 0.9840285 -0.1694149 0.11686 0.03934021 0.1716577 0.9843717 0.01595188 0.0 0.0 0.0 1.0
LeftHandIndex2 0.999961 0.008573122 -0.002110243 -2.98023E-8 -0.008652186 0.9991279 -0.04084282 0.0327516 0.001758248 0.04085949 0.9991631 7.45058E-9 0.0 0.0 0.0 1.0
LeftHandIndex3 0.991541 0.129728 -0.004003897 0.0 -0.1274929 0.97931 0.1571563 0.03350961 0.02430858 -0.1553165 0.987566 0.0 0.0 0.0 0.0 1.0
RightShoulder -0.06937833 -0.9703566 0.2315047 -0.07647206 -0.1099563 -0.2232116 -0.9685489 0.1188761 0.9915122 -0.09265171 -0.09121087 2.87995E-4 0.0 0.0 0.0 1.0
RightArm 0.8976195 -0.3157364 0.3075557 1.49012E-8 0.3853686 0.2234838 -0.8952913 0.1576796 0.2139425 0.9221519 0.3222784 0.0 0.0 0.0 0.0 1.0
RightForeArm 0.7348669 0.6781877 0.005621326 0.0 -0.6782099 0.7348226 0.008159518 0.2471427 0.001402974 -0.009808615 0.9999503 0.0 0.0 0.0 0.0 1.0
RightHand 0.5812598 0.6642798 -0.4699674 -7.45058E-9 0.5559677 0.09751792 0.8254635 0.2180717 0.5941688 -0.7410959 -0.3126348 1.49012E-8 0.0 0.0 0.0 1.0
RightHandThumb1 0.7965356 0.5998186 -0.07581269 0.02317739 -0.6045474 0.791694 -0.08798777 0.01995267 0.007243738 0.1159176 0.9932328 0.02057901 0.0 0.0 0.0 1.0
RightHandThumb2 0.9329022 -0.2782156 -0.2286691 -2.98023E-8 0.264495 0.9602483 -0.08924752 0.02949168 0.2444095 0.0227774 0.9694033 1.86265E-9 0.0 0.0 0.0 1.0
RightHandThumb3 0.9933252 -0.1084482 -0.03928581 1.49012E-8 0.1104611 0.9924491 0.05331488 0.0446583 0.03320724 -0.05729857 0.9978049 -7.45058E-9 0.0 0.0 0.0 1.0
RightHandIndex1 0.9921084 -0.09491269 0.0819293 -0.005173981 0.1104114 0.9709784 -0.2121572 0.1195497 -0.05941518 0.2195291 0.9737945 0.01312097 0.0 0.0 0.0 1.0
RightHandIndex2 0.9999956 -0.002317166 -0.001968056 1.49012E-8 0.002262113 0.9996178 -0.02752931 0.03547546 0.002031147 0.02752475 0.9996182 0.0 0.0 0.0 0.0 1.0
RightHandIndex3 0.9920773 -0.1255515 0.00437209 1.49012E-8 0.1197036 0.9552845 0.2703749 0.03128028 -0.03812252 -0.2677094 0.9627453 7.45058E-9 0.0 0.0 0.0 1.0
LeftUpLeg -0.8133371 0.5780573 -0.06571477 0.07535101 -0.2351731 -0.2233637 0.945959 -0.05014084 0.5321511 0.7848296 0.3176326 0.01726827 0.0 0.0 0.0 1.0
LeftLeg 0.9998713 -0.01106048 -0.0116064 -4.47035E-8 0.01603106 0.6999507 0.7140117 0.4455441 2.26614E-4 -0.7140891 0.7000548 0.0 0.0 0.0 0.0 1.0
LeftFoot 0.9981128 0.05870435 0.01800781 -5.96046E-8 -0.03037083 0.7268559 -0.6861172 0.4122686 -0.05336723 0.6842835 0.7272588 -5.96046E-8 0.0 0.0 0.0 1.0
LeftToeBase 0.9987223 -1.32024E-5 0.05051458 0.0 5.30183E-5 1.0 -7.87981E-4 0.2128072 -0.05051451 7.89639E-4 0.9987233 0.0 0.0 0.0 0.0 1.0
RightUpLeg -0.7492963 -0.5847626 -0.3108116 -0.07535103 0.3441352 -0.7448209 0.5716772 -0.05009098 -0.5657979 0.3213956 0.7593417 0.02117297 0.0 0.0 0.0 1.0
RightLeg 0.9810989 0.1703871 0.0917275 4.47035E-8 -0.1934517 0.8751727 0.4434485 0.4460003 -0.004719481 -0.4528093 0.8915965 -7.45058E-9 0.0 0.0 0.0 1.0
RightFoot 0.9912963 -0.1303959 0.0181153 2.98023E-8 0.08213222 0.5050222 -0.8591905 0.4115375 0.1028863 0.853199 0.511337 0.0 0.0 0.0 0.0 1.0
RightToeBase 0.9985865 0.002611637 -0.05308351 5.96046E-8 -0.01216021 0.9835227 -0.1803662 0.2092205 0.05173779 0.1807561 0.982168 5.96046E-8 0.0 0.0 0.0 1.0
Time 0.1
Hips 0.851437 -0.1754429 -0.4942418 0.110775 0.3161752 0.92359 0.2168288 0.144883 0.4184358 -0.3408832 0.8418492 0.281538 0.0 0.0 0.0 1.0
Spine 0.9820511 0.1796002 -0.05762108 0.0 -0.1383499 0.4782518 -0.8672562 0.09047936 -0.1282022 0.859661 0.4945154 0.0 0.0 0.0 0.0 1.0
Spine1 0.9993629 -0.0251891 0.02527704 -1.86265E-9 0.02987093 0.9780169 -0.2063752 0.1055581 -0.01952297 0.2069989 0.9781458 -1.49012E-8 0.0 0.0 0.0 1.0
Spine2 0.9989229 -0.01822582 0.04266336 1.39698E-9 0.02662782 0.9782863 -0.2055413 0.1206381 -0.03799079 0.206456 0.9777185 -3.72529E-9 0.0 0.0 0.0 1.0
Neck 0.998413 -0.0546521 -0.01356698 -1.11759E-8 0.04588908 0.9292998 -0.3664654 0.1357164 0.03263587 0.3652614 0.9303331 -2.98023E-8 0.0 0.0 0.0 1.0
Head 0.936209 -0.3244286 -0.135126 7.45058E-9 0.2511381 0.886544 -0.3885471 0.06010485 0.245851 0.3298256 0.9114676 5.96046E-8 0.0 0.0 0.0 1.0
LeftShoulder 0.404759 0.8584231 -0.3150871 0.07647195 0.02792436 -0.3560171 -0.9340624 0.1188749 -0.9139978 0.3692714 -0.1680721 1.39952E-4 0.0 0.0 0.0 1.0
LeftArm 0.5855138 0.562186 -0.5840557 0.0 -0.6395066 -0.1224539 -0.7589712 0.1576816 -0.498203 0.8178948 0.287823 5.96046E-8 0.0 0.0 0.0 1.0
LeftForeArm 0.3361378 -0.941767 -0.009239346 0.0 0.9417831 0.3360321 0.01129891 0.2471371 -0.007536218 -0.01249943 0.9998942 1.49012E-8 0.0 0.0 0.0 1.0
LeftHand 0.9158466 0.02580798 0.4006978 2.98023E-8 -0.2694692 0.7793308 0.5657119 0.2179777 -0.2976763 -0.6260812 0.7207018 1.49012E-8 0.0 0.0 0.0 1.0
LeftHandThumb1 0.7845381 -0.5878628 0.1972771 -0.02564135 0.6200398 0.7474246 -0.2385535 0.01954604 -0.007213041 0.3094736 0.9508813 0.02510365 0.0 0.0 0.0 1.0
LeftHandThumb2 0.9400191 0.3392982 0.03523703 0.0 -0.3360786 0.9388621 -0.07476018 0.03269052 -0.05844876 0.05843363 0.996578 0.0 0.0 0.0 0.0 1.0
LeftHandThumb3 0.9920946 0.119202 0.03922834 -2.98023E-8 -0.1238703 0.9802822 0.1539587 0.04383971 -0.02010264 -0.1576008 0.9872986 -1.86265E-9 0.0 0.0 0.0 1.0
LeftHandIndex1 0.9943986 0.08220106 -0.06643929 0.001385808 -0.1024974 0.9034063 -0.4163531 0.1168601 0.02579701 0.4208306 0.9067722 0.01595183 0.0 0.0 0.0 1.0
LeftHandIndex2 0.9997495 0.02219792 -0.003053755 -2.98023E-8 -0.02239497 0.9943572 -0.1036929 0.0327516 7.34717E-4 0.1037353 0.9946046 7.45058E-9 0.0 0.0 0.0 1.0
LeftHandIndex3 0.9895659 0.1440647 -0.002164379 0.0 -0.1432721 0.9854905 0.09100866 0.03350961 0.01524413 -0.08974903 0.9958479 0.0 0.0 0.0 0.0 1.0
RightShoulder -0.09536108 -0.9577734 0.2712485 -0.07647204 -0.1472418 -0.2559209 -0.9554191 0.118876 0.9844934 -0.1310487 -0.1166195 2.8801E-4 0.0 0.0 0.0 1.0
RightArm 0.9223185 -0.1912114 0.3358106 1.49012E-8 0.3838869 0.3537666 -0.8529251 0.1576796 0.04429048 0.9155797 0.3996891 0.0 0.0 0.0 0.0 1.0
RightForeArm 0.7578645 0.6523902 0.005344252 0.0 -0.6524118 0.7578243 0.007848993 0.2471427 0.001070596 -0.009435162 0.9999543 0.0 0.0 0.0 0.0 1.0
RightHand 0.6132601 0.6638924 -0.4279709 -7.45058E-9 0.5566377 0.02117774 0.8304855 0.2180717 0.5604162 -0.7475289 -0.3565599 1.49012E-8 0.0 0.0 0.0 1.0
RightHandThumb1 0.7977973 0.5983041 -0.07450837 0.02317725 -0.6028954 0.7928864 -0.0885886 0.01995265 0.00607376 0.1155963 0.9932785 0.02057895 0.0 0.0 0.0 1.0
RightHandThumb2 0.9353106 -0.2686733 -0.2302367 -2.98023E-8 0.255172 0.9629635 -0.08711619 0.02949168 0.2451155 0.02273081 0.9692266 1.86265E-9 0.0 0.0 0.0 1.0
RightHandThumb3 0.991076 -0.1266187 -0.04165968 1.49012E-8 0.1285461 0.9905702 0.04739302 0.0446583 0.03526601 -0.05232523 0.9980072 -7.45058E-9 0.0 0.0 0.0 1.0
RightHandIndex1 0.9921523 -0.09469362 0.08164535 -0.005173981 0.1099547 0.9716698 -0.20921 0.1195498 -0.05952147 0.2165459 0.9744552 0.0131211 0.0 0.0 0.0 1.0
RightHandIndex2 0.9999921 -0.00339956 -0.001943544 1.49012E-8 0.003332023 0.9994235 -0.03376427 0.03547546 0.002057254 0.03375757 0.9994273 0.0 0.0 0.0 0.0 1.0
RightHandIndex3 0.9920992 -0.1253781 0.004419595 1.49012E-8 0.1194836 0.9550232 0.2713919 0.03128028 -0.03824742 -0.2687195 0.9624586 7.45058E-9 0.0 0.0 0.0 1.0
LeftUpLeg -0.8890975 0.4491379 -0.08815508 0.07535104 -0.2334399 -0.2793043 0.9314119 -0.05014087 0.3937273 0.8486841 0.3531961 0.01726818 0.0 0.0 0.0 1.0
LeftLeg 0.9957294 -0.05237523 -0.07601355 -4.47035E-8 0.08760127 0.7957819 0.59921 0.4455441 0.02910642 -0.6032994 0.796987 0.0 0.0 0.0 0.0 1.0
LeftFoot 0.9985562 0.05269524 0.01042336 -5.96046E-8 -0.03517851 0.7881752 -0.6144467 0.4122686 -0.04059382 0.6132021 0.7888791 -5.96046E-8 0.0 0.0 0.0 1.0
LeftToeBase 0.9987444 1.55091E-4 0.05008704 0.0 -6.38187E-4 0.9999539 0.009627894 0.2128072 -0.05008318 -0.009647772 0.9986987 0.0 0.0 0.0 0.0 1.0
RightUpLeg -0.7725355 -0.5447349 -0.3262648 -0.07535103 0.3254866 -0.7809163 0.5331324 -0.05009104 -0.5452046 0.3056701 0.7806032 0.02117291 0.0 0.0 0.0 1.0
RightLeg 0.9851849 0.1402718 0.09866634 4.47035E-8 -0.1699983 0.7228602 0.6697555 0.4460003 0.02262583 -0.6765994 0.7360038 -7.45058E-9 0.0 0.0 0.0 1.0
RightFoot 0.9783864 -0.1759759 -0.1085965 2.98023E-8 -0.01510969 0.4629189 -0.8862723 0.4115375 0.2062341 0.8687553 0.4502554 0.0 0.0 0.0 0.0 1.0
RightToeBase 0.9987459 0.001782045 -0.05002445 5.96046E-8 -0.007368922 0.9937104 -0.1117258 0.2092205 0.04951069 0.111954 0.9924806 5.96046E-8 0.0 0.0 0.0 1.0
Time 0.133333
Hips 0.7495112 -0.2496261 -0.6131225 0.127643 0.3141367 0.9493743 -0.002511081 0.20781 0.5827099 -0.1907225 0.7899831 0.303728 0.0 0.0 0.0 1.0
Spine 0.9846421 0.1654482 -0.05573879 0.0 -0.1331416 0.5050914 -0.852734 0.09047936 -0.1129301 0.8470594 0.519362 0.0 0.0 0.0 0.0 1.0
Spine1 0.998907 -0.03165813 0.03438012 -1.86265E-9 0.03769889 0.9805969 -0.192373 0.1055581 -0.02762289 0.193459 0.9807189 -1.49012E-8 0.0 0.0 0.0 1.0
Spine2 0.9982589 -0.02285965 0.05436982 1.39698E-9 0.03290588 0.9808903 -0.1917565 0.1206381 -0.04894735 0.1932118 0.9799354 -3.72529E-9 0.0 0.0 0.0 1.0
Neck 0.998771 -0.04429364 -0.02221796 -1.11759E-8 0.03321391 0.9311207 -0.3631978 0.1357164 0.03677491 0.3620139 0.9314473 -2.98023E-8 0.0 0.0 0.0 1.0
Head 0.9313109 -0.2883116 -0.222567 7.45058E-9 0.2028361 0.9180905 -0.3405393 0.06010485 0.302518 0.2720034 0.9135082 5.96046E-8 0.0 0.0 0.0 1.0
LeftShoulder 0.4489858 0.8055964 -0.3865579 0.07647198 -0.005356401 -0.4301803 -0.9027274 0.1188749 -0.8935239 0.4073823 -0.1888296 1.39952E-4 0.0 0.0 0.0 1.0
LeftArm 0.5857596 0.4898904 -0.6456729 0.0 -0.7943589 0.1888833 -0.5773368 0.1576816 -0.1608749 0.851076 0.4997888 5.96046E-8 0.0 0.0 0.0 1.0
LeftForeArm 0.2062607 -0.9784374 -0.01079663 0.0 0.9784536 0.2061345 0.01173826 0.2471371 -0.009259611 -0.01298513 0.9998733 1.49012E-8 0.0 0.0 0.0 1.0
LeftHand 0.9803832 0.1565375 0.1197692 2.98023E-8 -0.1508038 0.9870004 -0.0555811 0.2179777 -0.1269128 0.03642918 0.9912438 1.49012E-8 0.0 0.0 0.0 1.0
LeftHandThumb1 0.7763903 -0.5057264 0.3761106 -0.02564138 0.6084685 0.7569979 -0.23816 0.01954607 -0.1642712 0.413756 0.8954448 0.02510368 0.0 0.0 0.0 1.0
LeftHandThumb2 0.9458455 0.3219798 0.04129302 0.0 -0.31841 0.9449798 -0.07501979 0.03269052 -0.0631759 0.05780902 0.9963269 0.0 0.0 0.0 0.0 1.0
LeftHandThumb3 0.9756759 0.2185589 0.01700459 -2.98023E-8 -0.2188771 0.9668841 0.1312551 0.04383971 0.01224551 -0.1317843 0.9912025 -1.86265E-9 0.0 0.0 0.0 1.0
LeftHandIndex1 0.9935897 0.08779763 -0.0712079 0.001385808 -0.1109709 0.8776236 -0.466327 0.11686 0.02155136 0.4712395 0.8817416 0.01595194 0.0 0.0 0.0 1.0
LeftHandIndex2 0.9986792 0.05076946 -0.007888645 -2.98023E-8 -0.05119861 0.9705378 -0.2354486 0.0327516 -0.004297391 0.2355417 0.9718546 7.45058E-9 0.0 0.0 0.0 1.0
LeftHandIndex3 0.9849422 0.1728767 -0.001396671 0.0 -0.1727797 0.9840475 -0.04239509 0.03350961 -0.005954713 0.04199803 0.9991006 0.0 0.0 0.0 0.0 1.0
RightShoulder -0.0531397 -0.9441656 0.3251578 -0.076472 -0.1544681 -0.3139264 -0.936798 0.118876 0.9865675 -0.1000077 -0.1291616 2.8798E-4 0.0 0.0 0.0 1.0
RightArm 0.9217044 -0.07756364 0.3800603 1.49012E-8 0.3615608 0.5266478 -0.769361 0.1576796 -0.1404835 0.8465364 0.5134583 0.0 0.0 0.0 0.0 1.0
RightForeArm 0.777234 0.6291901 0.005111757 0.0 -0.6292102 0.7771979 0.007569477 0.2471427 7.89791E-4 -0.009099685 0.9999574 0.0 0.0 0.0 0.0 1.0
RightHand 0.6574544 0.6479273 -0.384636 -7.45058E-9 0.5525426 -0.0675023 0.8307475 0.2180717 0.5122998 -0.758706 -0.402387 1.49012E-8 0.0 0.0 0.0 1.0
RightHandThumb1 0.797646 0.6001045 -0.06028691 0.02317734 -0.6030551 0.7920328 -0.09490699 0.01995265 -0.009204915 0.1120584 0.9936596 0.02057885 0.0 0.0 0.0 1.0
RightHandThumb2 0.9333838 -0.2790773 -0.2256371 -2.98023E-8 0.2656226 0.9599993 -0.08857869 0.02949168 0.2413322 0.02274363 0.9701754 1.86265E-9 0.0 0.0 0.0 1.0
RightHandThumb3 0.9933398 -0.1084345 -0.03895812 1.49012E-8 0.1103553 0.9925782 0.0510967 0.0446583 0.03312831 -0.05505564 0.9979337 -7.45058E-9 0.0 0.0 0.0 1.0
RightHandIndex1 0.9922157 -0.09436654 0.08125267 -0.005173981 0.1092989 0.972617 -0.2051087 0.1195497 -0.05967231 0.212393 0.9753605 0.01312108 0.0 0.0 0.0 1.0
RightHandIndex2 0.9999902 -0.003832739 -0.001931638 1.49012E-8 0.00376021 0.9993348 -0.03626057 0.03547546 0.002069369 0.03625303 0.9993397 0.0 0.0 0.0 0.0 1.0
RightHandIndex3 0.991835 -0.1274705 0.003853738 1.49012E-8 0.1221271 0.9580905 0.2591249 0.03128028 -0.03672309 -0.2565382 0.965836 7.45058E-9 0.0 0.0 0.0 1.0
LeftUpLeg -0.9079116 0.4012145 -0.1213134 0.07535098 -0.2586855 -0.3086227 0.9153491 -0.05014082 0.32983 0.8624265 0.384013 0.01726827 0.0 0.0 0.0 1.0
LeftLeg 0.9936951 -0.09847546 -0.05359799 -4.47035E-8 0.1121079 0.8788447 0.4637429 0.4455441 0.00143702 -0.4668225 0.8843536 0.0 0.0 0.0 0.0 1.0
LeftFoot 0.9949719 0.09587917 -0.0289278 -5.96046E-8 -0.09622517 0.8352156 -0.5414444 0.4122686 -0.02775225 0.5415158 0.8402271 -5.96046E-8 0.0 0.0 0.0 1.0
LeftToeBase 0.9987131 -8.4877E-5 0.05070287 0.0 3.55989E-4 0.9999861 -0.005338855 0.2128072 -0.0507016 0.005350035 0.9987004 0.0 0.0 0.0 0.0 1.0
RightUpLeg -0.8115265 -0.4961407 -0.3086491 -0.07535103 0.259747 -0.7794815 0.5700374 -0.05009103 -0.5234086 0.3824317 0.7614542 0.02117291 0.0 0.0 0.0 1.0
RightLeg 0.9785794 0.1091615 0.1745476 4.47035E-8 -0.2057632 0.4912204 0.8463874 0.4460003 0.00665158 -0.8641594 0.5031673 -7.45058E-9 0.0 0.0 0.0 1.0
RightFoot 0.9875669 -0.157199 3.3021E-4 2.98023E-8 0.05670452 0.3542705 -0.9334238 0.4115375 0.1466164 0.9218331 0.358781 0.0 0.0 0.0 0.0 1.0
RightToeBase 0.9990053 -2.895E-4 -0.04458338 5.96046E-8 9.83685E-4 0.9998778 0.0155459 0.2092205 0.04457346 -0.01557434 0.9988843 5.96046E-8 0.0 0.0 0.0 1.0
Time 0.166667
Hips 0.6625201 -0.3594905 -0.6571411 0.124351 0.2488487 0.9331108 -0.2595747 0.2710189 0.7065002 0.008444605 0.707663 0.3370661 0.0 0.0 0.0 1.0
Spine 0.989334 0.1324642 -0.06058866 0.0 -0.1244841 0.552879 -0.8239099 0.09047936 -0.07564041 0.8226646 0.5634717 0.0 0.0 0.0 0.0 1.0
Spine1 0.9981021 -0.0496809 0.03637799 -1.86265E-9 0.05577412 0.9797649 -0.1922239 0.1055581 -0.02609201 0.1938881 0.9806769 -1.49012E-8 0.0 0.0 0.0 1.0
Spine2 0.9973809 -0.03961357 0.06051864 1.39698E-9 0.05056093 0.9801514 -0.1916963 0.1206381 -0.05172368 0.1942542 0.9795864 -3.72529E-9 0.0 0.0 0.0 1.0
Neck 0.999027 -0.03302933 -0.02922703 -1.11759E-8 0.02062242 0.9356129 -0.352425 0.1357164 0.03898551 0.3514792 0.9353842 -2.98023E-8 0.0 0.0 0.0 1.0
Head 0.9120699 -0.2613171 -0.3159779 7.45058E-9 0.1831431 0.9490962 -0.2562704 0.06010485 0.3668614 0.1758673 0.9135005 5.96046E-8 0.0 0.0 0.0 1.0
LeftShoulder 0.3827458 0.8053082 -0.4527528 0.07647198 0.05612701 -0.5094341 -0.8586772 0.118875 -0.9221482 0.3032436 -0.240183 1.39982E-4 0.0 0.0 0.0 1.0
LeftArm 0.6382811 0.3092032 -0.7049756 0.0 -0.7278671 0.5405479 -0.4219213 0.1576816 0.2506139 0.7824332 0.57008 5.96046E-8 0.0 0.0 0.0 1.0
LeftForeArm -0.06354529 -0.9978799 -0.01403252 0.0 0.997897 -0.06371456 0.01197014 0.2471371 -0.01283883 -0.01324235 0.9998303 1.49012E-8 0.0 0.0 0.0 1.0
LeftHand 0.9444869 0.2110902 0.2517651 2.98023E-8 -0.183735 0.9746212 -0.1278876 0.2179777 -0.2723715 0.07453009 0.9593011 1.49012E-8 0.0 0.0 0.0 1.0
LeftHandThumb1 0.7859888 -0.5033972 0.3589048 -0.02564129 0.6043974 0.7478163 -0.2747258 0.01954605 -0.1300986 0.432852 0.8920281 0.02510378 0.0 0.0 0.0 1.0
LeftHandThumb2 0.9304004 0.3659501 0.02088578 0.0 -0.3632962 0.9282234 -0.08010266 0.03269052 -0.04870028 0.06693982 0.9965675 0.0 0.0 0.0 0.0 1.0
LeftHandThumb3 0.9685805 0.2472046 0.02723006 -2.98023E-8 -0.2485603 0.9585485 0.1392897 0.04383971 0.008331724 -0.1416815 0.9898774 -1.86265E-9 0.0 0.0 0.0 1.0
LeftHandIndex1 0.9932369 0.09171785 -0.07118948 0.001385778 -0.1142548 0.8811187 -0.458884 0.1168602 0.02063854 0.4639139 0.88564 0.01595206 0.0 0.0 0.0 1.0
LeftHandIndex2 0.9962392 0.08454064 -0.0189808 -2.98023E-8 -0.08521635 0.9163914 -0.3911073 0.0327516 -0.01567064 0.3912539 0.9201492 7.45058E-9 0.0 0.0 0.0 1.0
LeftHandIndex3 0.9803078 0.1974373 -0.003851295 0.0 -0.1955936 0.9681006 -0.1566066 0.03350961 -0.0271915 0.154276 0.9876541 0.0 0.0 0.0 0.0 1.0
RightShoulder 0.06200232 -0.9092095 0.411697 -0.076472 -0.1238638 -0.4163115 -0.9007457 0.118876 0.9903604 0.004853934 -0.1384304 2.8801E-4 0.0 0.0 0.0 1.0
RightArm 0.890195 -0.01855615 0.4552037 1.49012E-8 0.3239487 0.7283235 -0.603823 0.1576796 -0.3203312 0.6849813 0.6543614 0.0 0.0 0.0 0.0 1.0
RightForeArm 0.7734934 0.6337833 0.005156328 0.0 -0.6338043 0.7734556 0.007625014 0.2471427 8.44404E-4 -0.009166032 0.9999574 0.0 0.0 0.0 0.0 1.0
RightHand 0.7027678 0.6164823 -0.3550602 -7.45058E-9 0.5016451 -0.07552525 0.8617706 0.2180717 0.5044498 -0.7837395 -0.3623317 1.49012E-8 0.0 0.0 0.0 1.0
RightHandThumb1 0.8616968 0.4989808 -0.09217077 0.02317749 -0.5051146 0.860812 -0.0621275 0.01995277 0.04834135 0.1000918 0.9938033 0.02057897 0.0 0.0 0.0 1.0
RightHandThumb2 0.9473356 -0.1810154 -0.2641771 -2.98023E-8 0.1676974 0.9831827 -0.07232016 0.02949168 0.2728256 0.02420964 0.9617583 1.86265E-9 0.0 0.0 0.0 1.0
RightHandThumb3 0.994899 -0.09427895 -0.0358827 1.49012E-8 0.09608316 0.9939931 0.05240751 0.0446583 0.03072625 -0.05558789 0.9979811 -7.45058E-9 0.0 0.0 0.0 1.0
RightHandIndex1 0.9852012 -0.1678572 0.03466471 -0.005174011 0.1710014 0.9763732 -0.1321151 0.1195496 -0.01166923 0.1360878 0.9906278 0.01312107 0.0 0.0 0.0 1.0
RightHandIndex2 0.999995 0.002437306 -0.001995459 1.49012E-8 -0.002437538 0.999997 -1.27383E-4 0.03547546 0.001995176 1.32285E-4 0.9999971 0.0 0.0 0.0 0.0 1.0
RightHandIndex3 0.9916775 -0.1286956 0.00353533 1.49012E-8 0.1236617 0.9598092 0.2519389 0.03128028 -0.03581665 -0.2494049 0.9677368 7.45058E-9 0.0 0.0 0.0 1.0
LeftUpLeg -0.8912213 0.4122997 -0.1890159 0.07535101 -0.2970942 -0.2157886 0.9301628 -0.05014084 0.342737 0.8851234 0.3148278 0.01726821 0.0 0.0 0.0 1.0
LeftLeg 0.9918084 -0.1247131 -0.0276674 -4.47035E-8 0.1189506 0.8226158 0.5560108 0.4455441 -0.04658224 -0.5547377 0.8307236 0.0 0.0 0.0 0.0 1.0
LeftFoot 0.9882098 0.1339615 -0.07411885 -5.96046E-8 -0.1517267 0.792278 -0.5909972 0.4122686 -0.02044816 0.595284 0.803252 -5.96046E-8 0.0 0.0 0.0 1.0
LeftToeBase 0.9986553 -4.99964E-4 0.05183448 0.0 0.002195835 0.999464 -0.03266598 0.2128072 -0.05179031 0.03273584 0.9981224 0.0 0.0 0.0 0.0 1.0
RightUpLeg -0.8381951 -0.398527 -0.3722917 -0.07535103 0.114798 -0.7962793 0.5939391 -0.05009103 -0.5331527 0.4551007 0.7132 0.02117294 0.0 0.0 0.0 1.0
RightLeg 0.9900498 0.1190185 0.07508001 4.47035E-8 -0.1069587 0.2897463 0.951116 0.4460003 0.09144633 -0.9496648 0.2995987 -7.45058E-9 0.0 0.0 0.0 1.0
RightFoot 0.9811906 -0.1873856 -0.04638202 2.98023E-8 0.0870508 0.6439569 -0.7600926 0.4115375 0.1722986 0.7417597 0.6481552 0.0 0.0 0.0 0.0 1.0
RightToeBase 0.9990984 -0.001345307 -0.04241881 5.96046E-8 0.004239142 0.9976625 0.06820235 0.2092205 0.04222783 -0.06832083 0.9967689 5.96046E-8 0.0 0.0 0.0 1.0
Time 0.2
Hips 0.6170856 -0.4890705 -0.6164539 0.107804 0.1500022 0.8421445 -0.5179689 0.3297269 0.7724664 0.2271615 0.5930374 0.378813 0.0 0.0 0.0 1.0
Spine 0.995074 0.07386006 -0.06612286 0.0 -0.09734599 0.6018999 -0.792615 0.09047936 -0.01874328 0.7951479 0.6061246 0.0 0.0 0.0 0.0 1.0
Spine1 0.996701 -0.07263581 0.0362102 -1.86265E-9 0.07852519 0.9758158 -0.2039998 0.1055581 -0.0205168 0.2061701 0.9783009 -1.49012E-8 0.0 0.0 0.0 1.0
Spine2 0.9961 -0.06117347 0.06357637 1.39698E-9 0.07293901 0.9763961 -0.2032999 0.1206381 -0.04963914 0.2071443 0.9770503 -3.72529E-9 0.0 0.0 0.0 1.0
Neck 0.999175 -0.02093639 -0.03481315 -1.11759E-8 0.008079559 0.9422627 -0.3347777 0.1357164 0.0398122 0.3342202 0.9416539 -2.98023E-8 0.0 0.0 0.0 1.0
Head 0.8796642 -0.2465116 -0.4067218 7.45058E-9 0.200364 0.9676769 -0.1531524 0.06010485 0.4313292 0.05323029 0.9006228 5.96046E-8 0.0 0.0 0.0 1.0
LeftShoulder 0.2749628 0.8124883 -0.5140608 0.07647197 0.2405458 -0.5758 -0.7814038 0.1188749 -0.9308781 0.09120205 -0.3537639 1.39907E-4 0.0 0.0 0.0 1.0
LeftArm 0.6284996 -0.08916049 -0.7726824 0.0 -0.3671889 0.8417329 -0.3957995 0.1576816 0.6856823 0.5324803 0.4962902 5.96046E-8 0.0 0.0 0.0 1.0
LeftForeArm -0.1422107 -0.9897228 -0.01497562 0.0 0.9897398 -0.1423925 0.01187125 0.2471371 -0.01388169 -0.01313373 0.9998173 1.49012E-8 0.0 0.0 0.0 1.0
LeftHand 0.9763783 -0.09639075 0.1933777 2.98023E-8 0.02348638 0.9370214 0.3484816 0.2179777 -0.2147896 -0.3357082 0.9171503 1.49012E-8 0.0 0.0 0.0 1.0
LeftHandThumb1 0.7940164 -0.5567201 0.2441335 -0.02564132 0.6058578 0.7575977 -0.2428635 0.01954602 -0.04974796 0.3407478 0.9388377 0.02510378 0.0 0.0 0.0 1.0
LeftHandThumb2 0.8845229 0.4658227 -0.02507306 0.0 -0.4660632 0.880105 -0.09055517 0.03269052 -0.02011573 0.09178373 0.9955758 0.0 0.0 0.0 0.0 1.0
LeftHandThumb3 0.9611624 0.2649786 0.07715861 -2.98023E-8 -0.2744867 0.9469101 0.1673869 0.04383971 -0.02870831 -0.1820648 0.9828678 -1.86265E-9 0.0 0.0 0.0 1.0
LeftHandIndex1 0.9918638 0.1048542 -0.07218193 0.001385838 -0.1262282 0.883467 -0.4511662 0.11686 0.01646368 0.4566068 0.8895164 0.01595205 0.0 0.0 0.0 1.0
LeftHandIndex2 0.9946784 0.09967053 -0.02608843 -2.98023E-8 -0.1004453 0.8817937 -0.4608153 0.0327516 -0.02292509 0.4609833 0.8871129 7.45058E-9 0.0 0.0 0.0 1.0
LeftHandIndex3 0.9773295 0.2116171 -0.006622091 0.0 -0.2077457 0.9524814 -0.2227586 0.03350961 -0.04083204 0.2190845 0.9748515 0.0 0.0 0.0 0.0 1.0
RightShoulder 0.2260816 -0.8435836 0.487087 -0.07647201 -0.07321268 -0.5133346 -0.85506 0.118876 0.9713531 0.1576525 -0.1778165 2.8801E-4 0.0 0.0 0.0 1.0
RightArm 0.8378802 -0.01180658 0.5457277 1.49012E-8 0.2521704 0.8950583 -0.3678039 0.1576796 -0.4841163 0.445791 0.7529292 0.0 0.0 0.0 0.0 1.0
RightForeArm 0.7704175 0.6375183 0.005193404 0.0 -0.6375392 0.7703797 0.007669404 0.2471427 8.88482E-4 -0.009219676 0.9999563 0.0 0.0 0.0 0.0 1.0
RightHand 0.7632874 0.5618473 -0.3189361 -7.45058E-9 0.4432813 -0.09632123 0.8911931 0.2180717 0.4699939 -0.8216145 -0.3225772 1.49012E-8 0.0 0.0 0.0 1.0
RightHandThumb1 0.9513687 0.2850823 -0.1167308 0.02317733 -0.2923186 0.9550081 -0.05008502 0.01995267 0.09720054 0.08177183 0.9919 0.02057885 0.0 0.0 0.0 1.0
RightHandThumb2 0.9459018 -0.004112763 -0.3244267 -2.98023E-8 -0.007180678 0.9994093 -0.03360536 0.02949168 0.3243735 0.03411703 0.945313 1.86265E-9 0.0 0.0 0.0 1.0
RightHandThumb3 0.9680399 0.2491047 0.02907568 1.49012E-8 -0.2505924 0.9560627 0.1521436 0.0446583 0.01010148 -0.1545672 0.9879314 -7.45058E-9 0.0 0.0 0.0 1.0
RightHandIndex1 0.9771838 -0.2123326 0.005088493 -0.005173981 0.2119344 0.9732191 -0.08904703 0.1195496 0.01395536 0.08809392 0.9960135 0.01312107 0.0 0.0 0.0 1.0
RightHandIndex2 0.999995 0.002437306 -0.001995459 1.49012E-8 -0.002437538 0.999997 -1.27383E-4 0.03547546 0.001995176 1.32285E-4 0.9999971 0.0 0.0 0.0 0.0 1.0
RightHandIndex3 0.9916775 -0.1286956 0.00353533 1.49012E-8 0.1236617 0.9598092 0.2519389 0.03128028 -0.03581665 -0.2494049 0.9677368 7.45058E-9 0.0 0.0 0.0 1.0
LeftUpLeg -0.8652911 0.4180567 -0.2765771 0.07535101 -0.3342443 -0.07003528 0.9398999 -0.05014083 0.3735786 0.9057176 0.2003499 0.01726821 0.0 0.0 0.0 1.0
LeftLeg 0.9866332 -0.145684 0.0730471 -4.47035E-8 0.04039592 0.6528278 0.7564299 0.4455441 -0.1578877 -0.7433462 0.6500022 0.0 0.0 0.0 0.0 1.0
LeftFoot 0.9792336 0.1569175 -0.1283655 -5.96046E-8 -0.2008346 0.6643822 -0.7199027 0.4122686 -0.02768148 0.7307369 0.6820968 -5.96046E-8 0.0 0.0 0.0 1.0
LeftToeBase 0.9986542 -5.07653E-4 0.05185835 0.0 0.002232701 0.9994461 -0.03321164 0.2128072 -0.05181272 0.03328271 0.9981029 0.0 0.0 0.0 0.0 1.0
RightUpLeg -0.8597039 -0.3136779 -0.4031279 -0.07535103 -0.02198465 -0.765765 0.6427469 -0.05009109 -0.510321 0.5614362 0.6514474 0.02117288 0.0 0.0 0.0 1.0
RightLeg 0.9779962 0.1216206 0.1695124 4.47035E-8 -0.1699354 -0.006950036 0.9854407 0.4460003 0.1210282 -0.9925418 0.01387085 -7.45058E-9 0.0 0.0 0.0 1.0
RightFoot 0.9574491 -0.2641999 0.1161423 2.98023E-8 0.2385788 0.4981348 -0.8336315 0.4115375 0.1623909 0.8258682 0.5399718 0.0 0.0 0.0 0.0 1.0
RightToeBase 0.9989496 2.56151E-4 -0.04582766 5.96046E-8 -9.07391E-4 0.9998975 -0.01419404 0.2092205 0.0458194 0.01422065 0.9988489 5.96046E-8 0.0 0.0 0.0 1.0
Time 0.233333
Hips 0.6132292 -0.6084355 -0.5037422 0.08387002 0.05300971 0.6679863 -0.742283 0.3837229 0.7881239 0.4284865 0.4418818 0.4276371 0.0 0.0 0.0 1.0
Spine 0.9967272 -0.006582525 -0.08056994 0.0 -0.05832102 0.6316106 -0.7730885 0.09047936 0.05597776 0.7752572 0.6291595 0.0 0.0 0.0 0.0 1.0
Spine1 0.995262 -0.09042589 0.03572784 -1.86265E-9 0.09609512 0.9707798 -0.2198897 0.1055581 -0.01480015 0.2222812 0.97487 -1.49012E-8 0.0 0.0 0.0 1.0
Spine2 0.994974 -0.07697065 0.06404746 1.39698E-9 0.08926478 0.9716209 -0.2190539 0.1206381 -0.04536914 0.2236702 0.9736083 -3.72529E-9 0.0 0.0 0.0 1.0
Neck 0.9992669 -0.003572911 -0.03811667 -1.11759E-8 -0.008561343 0.9495652 -0.3134524 0.1357164 0.03731418 0.3135487 0.948839 -2.98023E-8 0.0 0.0 0.0 1.0
Head 0.856106 -0.2204668 -0.4674154 7.45058E-9 0.23231 0.972081 -0.03301099 0.06010485 0.4616439 -0.08032429 0.8834211 5.96046E-8 0.0 0.0 0.0 1.0
LeftShoulder 0.2172905 0.7950197 -0.5663294 0.07647197 0.4330468 -0.5984854 -0.6740076 0.118875 -0.8747897 -0.09879142 -0.4743254 1.39982E-4 0.0 0.0 0.0 1.0
LeftArm 0.5574873 -0.3967056 -0.7292688 0.0 0.08206701 0.9004716 -0.4271008 0.1576816 0.8261206 0.1782541 0.5345575 5.96046E-8 0.0 0.0 0.0 1.0
LeftForeArm -0.1917707 -0.9813164 -0.01556949 0.0 0.9813321 -0.1919605 0.0117712 0.2471371 -0.01453998 -0.01302146 0.9998103 1.49012E-8 0.0 0.0 0.0 1.0
LeftHand 0.9705497 -0.2380311 -0.03707519 2.98023E-8 0.2169017 0.7964841 0.5644168 0.2179777 -0.1048191 -0.5558367 0.824656 1.49012E-8 0.0 0.0 0.0 1.0
LeftHandThumb1 0.7859757 -0.5973112 0.1595652 -0.02564132 0.6179045 0.7676317 -0.1701026 0.01954614 -0.02088318 0.2322923 0.9724227 0.02510369 0.0 0.0 0.0 1.0
LeftHandThumb2 0.8390326 0.5389316 -0.07467809 0.0 -0.5440298 0.8328962 -0.1015647 0.03269052 0.007462701 0.1258432 0.9920217 0.0 0.0 0.0 0.0 1.0
LeftHandThumb3 0.9503494 0.2795866 0.1366301 -2.98023E-8 -0.3024492 0.9331822 0.1941502 0.04383971 -0.07321911 -0.225834 0.97141 -1.86265E-9 0.0 0.0 0.0 1.0
LeftHandIndex1 0.9899298 0.1209251 -0.07358661 0.001385778 -0.1412229 0.8792745 -0.4548979 0.11686 0.009694263 0.4607091 0.8874984 0.015952 0.0 0.0 0.0 1.0
LeftHandIndex2 0.9946265 0.1001236 -0.0263246 -2.98023E-8 -0.1009014 0.8806478 -0.4629022 0.0327516 -0.02316473 0.4630713 0.886018 7.45058E-9 0.0 0.0 0.0 1.0
LeftHandIndex3 0.9770832 0.2127459 -0.006887555 0.0 -0.20868 0.9510282 -0.2280323 0.03350961 -0.04196265 0.2242439 0.9736296 0.0 0.0 0.0 0.0 1.0
RightShoulder 0.402542 -0.7840615 0.4724481 -0.07647198 -0.04428691 -0.5321863 -0.8454684 0.118876 0.9143294 0.3194132 -0.2489512 2.8798E-4 0.0 0.0 0.0 1.0
RightArm 0.7780425 -0.024639 0.6277293 1.49012E-8 0.1635684 0.9727101 -0.1645554 0.1576796 -0.6065454 0.2307073 0.7608399 0.0 0.0 0.0 0.0 1.0
RightForeArm 0.7704372 0.6374953 0.005193412 0.0 -0.6375166 0.7703989 0.007669955 0.2471427 8.88549E-4 -0.009220153 0.9999564 0.0 0.0 0.0 0.0 1.0
RightHand 0.831992 0.4782622 -0.2811657 -7.45058E-9 0.3730359 -0.1071338 0.9216114 0.2180717 0.410649 -0.8716585 -0.2675436 1.49012E-8 0.0 0.0 0.0 1.0
RightHandThumb1 0.9602499 0.2325406 -0.1544201 0.0231774 -0.2405841 0.9699838 -0.0353583 0.01995274 0.1415628 0.07110384 0.9873723 0.02057892 0.0 0.0 0.0 1.0
RightHandThumb2 0.9440212 -0.004216128 -0.3298584 -2.98023E-8 -0.007819414 0.9993517 -0.03515141 0.02949168 0.3297931 0.03576301 0.9433746 1.86265E-9 0.0 0.0 0.0 1.0
RightHandThumb3 0.9421117 0.3308891 0.05420975 1.49012E-8 -0.3350256 0.9224106 0.1921394 0.0446583 0.01357321 -0.1991785 0.9798691 -7.45058E-9 0.0 0.0 0.0 1.0
