Root_Bone_Name Hips
Num_Keyframes 31
Num_Bones 28
Time_Wrapping_Mode LOOP
Time 0.0
Hips 0.09590314 -0.04380945 -0.9944274 -0.007569001 0.3602048 0.9328532 -0.006358355 0.03583701 0.9279312 -0.3575875 0.1052439 0.2612798 0.0 0.0 0.0 1.0
Spine 0.6316524 0.7724608 -0.06574448 0.0 -0.7634296 0.6345323 0.1206089 0.09315038 0.1348826 -0.02599159 0.9905208 2.27374E-13 0.0 0.0 0.0 1.0
Spine1 0.9674264 0.2470773 -0.0551359 -1.86265E-9 -0.2493327 0.9676502 -0.03857622 0.108676 0.04382095 0.05106689 0.9977329 0.0 0.0 0.0 0.0 1.0
Spine2 0.9677553 0.248926 -0.03854268 0.0 -0.2505233 0.9670919 -0.04438077 0.1242011 0.02622681 0.05260551 0.9982709 0.0 0.0 0.0 0.0 1.0
Neck -0.3413973 0.9399195 -3.91849E-4 -1.86265E-9 -0.9396452 -0.3413084 -0.02397186 0.1397275 -0.02266533 -0.007815735 0.9997128 0.0 0.0 0.0 0.0 1.0
Head 0.874595 0.4691602 0.1223632 2.98023E-8 -0.4749727 0.8797296 0.021861 0.06266713 -0.09739016 -0.0772387 0.992245 -2.27374E-13 0.0 0.0 0.0 1.0
LeftShoulder -0.9934697 0.03124145 -0.1097033 2.57043E-4 0.1013561 -0.1993847 -0.9746641 0.1227975 -0.05232302 -0.9794217 0.1949171 -0.07445707 0.0 0.0 0.0 1.0
LeftArm 0.8108396 0.5332637 -0.2411923 0.0 -0.2122148 -0.1161839 -0.9702897 0.1505606 -0.5454442 0.837936 0.01895978 1.19209E-7 0.0 0.0 0.0 1.0
LeftForeArm 0.8247678 -0.5654566 -0.004673488 0.0 0.5654792 0.8247474 0.004962243 0.2451273 0.001048509 -0.006735392 0.9999787 0.0 0.0 0.0 0.0 1.0
LeftHand 0.8841169 -0.3257228 0.3350289 0.0 -0.3617341 -0.02324201 0.9319925 0.2258007 -0.2957844 -0.945181 -0.1383735 0.0 0.0 0.0 0.0 1.0
LeftHandIndex1 0.9986579 0.05113178 -0.006914922 0.0 -0.05159297 0.9880056 -0.1455568 0.1662588 -6.10584E-4 0.1457196 0.9893278 1.19209E-7 0.0 0.0 0.0 1.0
LeftHandIndex2 0.5701302 0.5695385 -0.5920977 0.0 -0.5134044 0.8096395 0.2844338 0.01697421 0.6413798 0.1418213 0.7540027 1.19209E-7 0.0 0.0 0.0 1.0
LeftHandIndex3 0.9840937 0.04295266 0.1723699 0.0 0.004774415 0.9635814 -0.2673725 0.02535117 -0.1775763 0.2639427 0.9480518 -1.19209E-7 0.0 0.0 0.0 1.0
RightShoulder 0.9999467 -0.001522401 -0.009965532 7.69403E-5 -0.01008087 -0.1573924 -0.9874882 0.1227933 -6.51457E-5 0.9875353 -0.1574004 0.07445683 0.0 0.0 0.0 1.0
RightArm 0.8589706 -0.4845726 0.1653762 0.0 0.2375324 0.09100875 -0.9671111 0.1505596 0.4535797 0.8700038 0.1932777 0.0 0.0 0.0 0.0 1.0
RightForeArm 0.7477702 0.6639338 0.005814437 0.0 -0.6639616 0.747751 0.004919864 0.2451271 -0.001081303 -0.007539511 0.9999632 1.19209E-7 0.0 0.0 0.0 1.0
RightHand 0.6175804 0.5119575 -0.5970723 -1.86265E-9 0.585378 0.2078047 0.7836788 0.2258599 0.525277 -0.8335019 -0.1713536 1.19209E-7 0.0 0.0 0.0 1.0
RightHandIndex1 0.9985523 -0.04887423 0.02233873 1.86265E-9 0.05125434 0.9911243 -0.1226551 0.1663067 -0.01614577 0.1236227 0.9921975 1.19209E-7 0.0 0.0 0.0 1.0
RightHandIndex2 0.2877559 -0.3956984 0.8721383 -1.49012E-8 0.8471839 0.5298563 -0.03912158 0.01757556 -0.4466257 0.7501166 0.4877008 -1.19209E-7 0.0 0.0 0.0 1.0
RightHandIndex3 0.989538 0.1248139 -0.07236062 1.49012E-8 -0.1274859 0.9912705 -0.03354349 0.02526808 0.06754261 0.04241741 0.9968122 0.0 0.0 0.0 0.0 1.0
LeftUpLeg -0.3803796 0.5270402 0.7598683 0.02004625 -0.9233131 -0.2600426 -0.2820387 -0.05049819 0.04895585 -0.8090758 0.5856878 -0.07812682 0.0 0.0 0.0 1.0
LeftLeg 0.8823169 0.4674235 0.05465832 3.72529E-9 -0.4696333 0.881997 0.03987532 0.4546299 -0.02956712 -0.06085832 0.9977024 0.0 0.0 0.0 0.0 1.0
LeftFoot 0.03398822 -0.4462222 -0.8943385 -7.45058E-9 0.005201174 0.8947514 -0.4464009 0.3967642 0.9994107 0.01051877 0.03273808 7.45058E-9 0.0 0.0 0.0 1.0
LeftToeBase 0.8817216 0.4688374 0.0526601 0.0 0.2808083 -0.4317589 -0.8571793 0.2132302 -0.3791599 0.7704999 -0.5123737 0.0 0.0 0.0 0.0 1.0
RightUpLeg -0.5960341 0.543431 -0.5914038 0.02190817 -0.8020307 -0.44382 0.4000969 -0.0503692 -0.04504327 0.7125549 0.7001631 0.078127 0.0 0.0 0.0 1.0
RightLeg 0.9372714 0.3156535 0.1482255 0.0 -0.2988841 0.9460339 -0.1250369 0.4552556 -0.1797137 0.07288605 0.9809996 -7.45058E-9 0.0 0.0 0.0 1.0
RightFoot 0.2054972 -0.9273335 -0.3126676 -3.72529E-9 0.2512476 0.3587356 -0.8990473 0.3960837 0.9458211 0.1061861 0.3067554 -7.45058E-9 0.0 0.0 0.0 1.0
RightToeBase 0.8898904 -0.4509072 -0.06902531 7.45058E-9 -0.2339638 -0.3213149 -0.9176072 0.2100037 0.3915573 0.8327825 -0.3914164 0.0 0.0 0.0 0.0 1.0
Time 0.033333
Hips -0.1115439 -0.1026943 -0.9884398 0.034899 0.3767988 0.9160053 -0.1376898 0.05667099 0.9195551 -0.3878012 -0.06347959 0.2625709 0.0 0.0 0.0 1.0
Spine 0.587805 0.8084147 0.03089574 0.0 -0.8018609 0.5771261 0.1547497 0.09315038 0.1072712 -0.1157369 0.9874699 2.27374E-13 0.0 0.0 0.0 1.0
Spine1 0.9702403 0.2406217 -0.02713512 -1.86265E-9 -0.2414933 0.9697542 -0.03546073 0.108676 0.01778178 0.04095832 0.9990031 0.0 0.0 0.0 0.0 1.0
Spine2 0.9704086 0.2412814 -0.00939664 0.0 -0.241464 0.9696492 -0.03840932 0.1242011 -1.56008E-4 0.03954172 0.9992179 0.0 0.0 0.0 0.0 1.0
Neck -0.3339184 0.942497 -0.0140837 -1.86265E-9 -0.9414955 -0.3342133 -0.04342517 0.1397275 -0.04563501 -0.001240725 0.9989567 0.0 0.0 0.0 0.0 1.0
Head 0.8796264 0.42021 0.2228899 2.98023E-8 -0.4087886 0.9074106 -0.09745413 0.06266713 -0.2432038 -0.005391614 0.9699599 -2.27374E-13 0.0 0.0 0.0 1.0
LeftShoulder -0.9847215 0.1191968 -0.1269265 2.57013E-4 0.09637082 -0.2340262 -0.9674408 0.1227971 -0.1450198 -0.9648951 0.2189642 -0.07445696 0.0 0.0 0.0 1.0
LeftArm 0.7153075 0.5422637 -0.4407822 0.0 -0.3913564 -0.2117188 -0.8955519 0.1505606 -0.5789486 0.8130996 0.06077378 1.19209E-7 0.0 0.0 0.0 1.0
LeftForeArm 0.7532274 -0.6577407 -0.005302317 0.0 0.6577672 0.7531993 0.005773388 0.2451273 1.96308E-4 -0.007836282 0.9999709 0.0 0.0 0.0 0.0 1.0
LeftHand 0.7155482 -0.5559348 0.4230016 0.0 -0.3527975 0.235044 0.9056988 0.2258007 -0.6029352 -0.7973017 -0.02794705 0.0 0.0 0.0 0.0 1.0
LeftHandIndex1 0.9991356 0.04036044 -0.008914339 0.0 -0.04122622 0.9885882 -0.1449036 0.1662588 0.002964199 0.1451474 0.9894071 1.19209E-7 0.0 0.0 0.0 1.0
LeftHandIndex2 0.5682171 0.5724644 -0.5911143 0.0 -0.5392351 0.8016582 0.2580165 0.01697421 0.6215749 0.1721403 0.7642081 1.19209E-7 0.0 0.0 0.0 1.0
LeftHandIndex3 0.9834799 0.04790509 0.174554 0.0 0.001235338 0.9625432 -0.271124 0.02535117 -0.1810036 0.2668607 0.9465857 -1.19209E-7 0.0 0.0 0.0 1.0
RightShoulder 0.9980029 -0.03181249 -0.05453253 7.69999E-5 -0.05929081 -0.1755459 -0.9826867 0.1227934 0.02168865 0.9839566 -0.1770826 0.07445683 0.0 0.0 0.0 1.0
RightArm 0.8690968 -0.4214376 0.2589459 0.0 0.3372637 0.121963 -0.9334802 0.1505596 0.3618181 0.8986182 0.248136 0.0 0.0 0.0 0.0 1.0
RightForeArm 0.7256255 0.6880652 0.005979993 0.0 -0.6880937 0.725605 0.005102441 0.2451271 -8.28318E-4 -0.007817268 0.999961 1.19209E-7 0.0 0.0 0.0 1.0
RightHand 0.585864 0.5611052 -0.5847453 -1.86265E-9 0.5863 0.2046584 0.7838178 0.2258599 0.5594691 -0.8020504 -0.209075 1.19209E-7 0.0 0.0 0.0 1.0
RightHandIndex1 0.9985825 -0.04841308 0.02197984 1.86265E-9 0.05063392 0.9920357 -0.115332 0.1663067 -0.01622116 0.1162819 0.9930835 1.19209E-7 0.0 0.0 0.0 1.0
RightHandIndex2 0.2862216 -0.3966397 0.8722157 -1.49012E-8 0.8562507 0.5144118 -0.04705493 0.01757556 -0.430012 0.7603013 0.486861 -1.19209E-7 0.0 0.0 0.0 1.0
RightHandIndex3 0.9882727 0.1364013 -0.06863383 1.49012E-8 -0.1386837 0.9898904 -0.02964194 0.02526808 0.06389704 0.03881262 0.9971997 0.0 0.0 0.0 0.0 1.0
LeftUpLeg -0.2970919 0.6701595 0.6800714 0.02004625 -0.9541355 -0.1854462 -0.2342602 -0.05049813 -0.03085969 -0.7186743 0.6946939 -0.07812682 0.0 0.0 0.0 1.0
LeftLeg 0.7361385 0.6763644 0.02493601 3.72529E-9 -0.6761519 0.7366655 -0.01287349 0.4546299 -0.02707155 -0.007385316 0.9996027 0.0 0.0 0.0 0.0 1.0
LeftFoot 0.05277744 -0.6032817 -0.7957987 -7.45058E-9 -0.04306899 0.7946973 -0.6054476 0.3967642 0.9976776 0.06622031 0.01596126 7.45058E-9 0.0 0.0 0.0 1.0
LeftToeBase 0.8814489 0.4693727 0.05245845 0.0 0.2864776 -0.4429688 -0.8495491 0.2132302 -0.3755362 0.7637814 -0.5249491 0.0 0.0 0.0 0.0 1.0
RightUpLeg -0.6732304 0.4586738 -0.5803089 0.02190783 -0.7159403 -0.601525 0.3547389 -0.05036896 -0.1863735 0.6540704 0.7331201 0.07812683 0.0 0.0 0.0 1.0
RightLeg 0.9202252 0.3716281 0.1231597 0.0 -0.3432834 0.9170448 -0.2027719 0.4552556 -0.1883219 0.1443031 0.971437 -7.45058E-9 0.0 0.0 0.0 1.0
RightFoot 0.142628 -0.8972018 -0.4179088 -3.72529E-9 0.2330341 0.4407604 -0.8668854 0.3960837 0.9619278 0.02625356 0.271974 -7.45058E-9 0.0 0.0 0.0 1.0
RightToeBase 0.8867368 -0.4572702 -0.06768221 7.45058E-9 -0.2956924 -0.4486433 -0.8433773 0.2100037 0.355264 0.7679303 -0.5330231 0.0 0.0 0.0 0.0 1.0
Time 0.06666696
Hips -0.3099024 -0.1496721 -0.9389139 0.07654805 0.3155187 0.9153791 -0.2500617 0.09222301 0.8968894 -0.3737393 -0.2364535 0.2693049 0.0 0.0 0.0 1.0
Spine 0.552954 0.8277777 0.09502191 0.0 -0.8295512 0.5362516 0.1558263 0.09315038 0.07803384 -0.1649904 0.9832031 2.27374E-13 0.0 0.0 0.0 1.0
Spine1 0.9740916 0.2261524 -2.36255E-4 -1.86265E-9 -0.2260506 0.9736207 -0.03103382 0.108676 -0.006788352 0.0302832 0.9995179 0.0 0.0 0.0 0.0 1.0
Spine2 0.9739883 0.2259153 0.01755901 0.0 -0.2253188 0.9738014 -0.03068517 0.1242011 -0.02403123 0.02593062 0.9993749 0.0 0.0 0.0 0.0 1.0
Neck -0.3306473 0.9434179 -0.02521267 -1.86265E-9 -0.9420484 -0.3315377 -0.0512519 0.1397275 -0.05671086 0.006805265 0.998367 0.0 0.0 0.0 0.0 1.0
Head 0.8748141 0.4047168 0.2662782 2.98023E-8 -0.3641226 0.9118396 -0.1896399 0.06266713 -0.3195532 0.0689418 0.9450572 -2.27374E-13 0.0 0.0 0.0 1.0
LeftShoulder -0.9584073 0.2468537 -0.1432203 2.57026E-4 0.07442911 -0.2682723 -0.9604622 0.1227965 -0.275515 -0.9311779 0.2387419 -0.07445679 0.0 0.0 0.0 1.0
LeftArm 0.7027641 0.5398453 -0.4633494 0.0 -0.4027533 -0.2349865 -0.8846285 0.1505606 -0.5864454 0.8083028 0.05228402 1.19209E-7 0.0 0.0 0.0 1.0
LeftForeArm 0.6968533 -0.7171913 -0.005798503 0.0 0.7172204 0.6968195 0.006295495 0.2451273 -4.74572E-4 -0.008545764 0.9999652 0.0 0.0 0.0 0.0 1.0
LeftHand 0.7292547 -0.4025462 0.5533057 0.0 -0.3018512 0.5364377 0.7881124 0.2258007 -0.6140674 -0.7417478 0.2696903 0.0 0.0 0.0 0.0 1.0
LeftHandIndex1 0.9994777 0.03174799 -0.004150594 0.0 -0.03188648 0.9987186 -0.03933897 0.1662588 0.0028963 0.0394511 0.99922 1.19209E-7 0.0 0.0 0.0 1.0
LeftHandIndex2 0.5680522 0.5727087 -0.5910365 0.0 -0.5413727 0.8009347 0.255778 0.01697421 0.6198667 0.1746756 0.7650203 1.19209E-7 0.0 0.0 0.0 1.0
LeftHandIndex3 0.9833031 0.04929399 0.1751633 0.0 2.4634E-4 0.9622465 -0.2721768 0.02535117 -0.1819667 0.2676753 0.9461711 -1.19209E-7 0.0 0.0 0.0 1.0
RightShoulder 0.9912672 -0.09316181 -0.09331071 7.70818E-5 -0.1101627 -0.1962684 -0.9743449 0.122793 0.07245743 0.9761147 -0.2048184 0.07445675 0.0 0.0 0.0 1.0
RightArm 0.8969086 -0.3182349 0.307038 0.0 0.3798983 0.1991698 -0.9033351 0.1505596 0.2263176 0.9268534 0.2995374 0.0 0.0 0.0 0.0 1.0
RightForeArm 0.7348565 0.6781985 0.005911481 0.0 -0.6782273 0.7348359 0.005027935 0.2451271 -9.34035E-4 -0.007704169 0.9999607 1.19209E-7 0.0 0.0 0.0 1.0
RightHand 0.5911592 0.5871148 -0.5530181 -1.86265E-9 0.5829121 0.162876 0.7960449 0.2258599 0.5574355 -0.792954 -0.2459518 1.19209E-7 0.0 0.0 0.0 1.0
RightHandIndex1 0.9985923 -0.04827385 0.02184634 1.86265E-9 0.05043565 0.9923587 -0.1126002 0.1663067 -0.01624374 0.1135438 0.9933996 1.19209E-7 0.0 0.0 0.0 1.0
RightHandIndex2 0.2855723 -0.3970266 0.8722527 -1.49012E-8 0.8599569 0.5078726 -0.05037723 0.01757556 -0.4229901 0.7644834 0.4864628 -1.19209E-7 0.0 0.0 0.0 1.0
RightHandIndex3 0.9875355 0.1426011 -0.06661645 1.49012E-8 -0.144686 0.9890911 -0.02756766 0.02526808 0.06195886 0.03686241 0.9973959 0.0 0.0 0.0 0.0 1.0
LeftUpLeg -0.2778148 0.7908531 0.5452076 0.02004583 -0.9588301 -0.1957464 -0.2048558 -0.05049831 -0.05526917 -0.5798553 0.8128704 -0.07812676 0.0 0.0 0.0 1.0
LeftLeg 0.7111905 0.7030003 -0.001053873 3.72529E-9 -0.7028148 0.7113157 0.009414912 0.4546299 0.007366776 -0.005956371 0.9999547 0.0 0.0 0.0 0.0 1.0
LeftFoot 0.04897617 -0.6853639 -0.7265522 -7.45058E-9 -0.03435312 0.7257826 -0.6870595 0.3967642 0.9982099 0.05860436 0.01200257 7.45058E-9 0.0 0.0 0.0 1.0
LeftToeBase 0.8816597 0.468959 0.05261566 0.0 0.2820934 -0.4342982 -0.8554727 0.2132302 -0.3783494 0.7689974 -0.5152225 0.0 0.0 0.0 0.0 1.0
RightUpLeg -0.7317968 0.3501731 -0.5850372 0.02190794 -0.6029486 -0.733038 0.315088 -0.05036902 -0.318551 0.5831387 0.7473389 0.07812706 0.0 0.0 0.0 1.0
RightLeg 0.8986465 0.4386927 0.007948648 0.0 -0.4288439 0.8817938 -0.1960977 0.4552556 -0.09304795 0.1727912 0.9805515 -7.45058E-9 0.0 0.0 0.0 1.0
RightFoot -0.09863219 -0.8523295 -0.5135945 -3.72529E-9 0.09153415 0.5061272 -0.8575992 0.3960837 0.9909049 -0.1315917 0.02809819 -7.45058E-9 0.0 0.0 0.0 1.0
RightToeBase 0.8850203 -0.460757 -0.06645897 7.45058E-9 -0.3273304 -0.5145023 -0.7925612 0.2100037 0.3309614 0.7232482 -0.6061488 0.0 0.0 0.0 0.0 1.0
Time 0.1
Hips -0.4795755 -0.200631 -0.8542575 0.109949 0.1657206 0.9352863 -0.3126956 0.14534 0.8617109 -0.2915292 -0.415291 0.2825949 0.0 0.0 0.0 1.0
Spine 0.5448745 0.8305101 0.1156162 0.0 -0.8365654 0.5290058 0.1425262 0.09315038 0.05720788 -0.1743794 0.9830152 2.27374E-13 0.0 0.0 0.0 1.0
Spine1 0.9781481 0.2069996 0.01943776 -1.86265E-9 -0.206377 0.9780136 -0.02992726 0.108676 -0.02520537 0.02526176 0.9993628 0.0 0.0 0.0 0.0 1.0
Spine2 0.9777198 0.2064561 0.03791436 0.0 -0.2055379 0.9782839 -0.02673602 0.1242011 -0.04261079 0.01834753 0.9989225 0.0 0.0 0.0 0.0 1.0
Neck -0.3300757 0.9433858 -0.03276758 -1.86265E-9 -0.942405 -0.3313235 -0.04579518 0.1397275 -0.05405919 0.01576447 0.9984127 0.0 0.0 0.0 0.0 1.0
Head 0.888965 0.3894361 0.2409993 2.98023E-8 -0.3288937 0.9090639 -0.2557974 0.06266713 -0.3187004 0.1481319 0.936209 -2.27374E-13 0.0 0.0 0.0 1.0
LeftShoulder -0.9136298 0.3743892 -0.1584538 2.57058E-4 0.02768674 -0.3315555 -0.9430283 0.1227967 -0.4055951 -0.8659682 0.2925546 -0.07445697 0.0 0.0 0.0 1.0
LeftArm 0.5823512 0.5639105 -0.585554 0.0 -0.6277615 -0.1457117 -0.7646455 0.1505606 -0.516515 0.8128829 0.2691437 1.19209E-7 0.0 0.0 0.0 1.0
LeftForeArm 0.3360313 -0.9418058 -0.008969728 0.0 0.9418444 0.3359605 0.008268401 0.2451273 -0.004773781 -0.01122642 0.9999269 0.0 0.0 0.0 0.0 1.0
LeftHand 0.8823106 0.08888578 0.4621999 0.0 -0.3121951 0.8454101 0.4333786 0.2258007 -0.3522275 -0.5266709 0.7736626 0.0 0.0 0.0 0.0 1.0
LeftHandIndex1 0.9986863 0.04833571 -0.01642689 0.0 -0.05103566 0.9529791 -0.2987142 0.1662588 0.001215899 0.2991632 0.9542032 1.19209E-7 0.0 0.0 0.0 1.0
LeftHandIndex2 0.5645612 0.5776241 -0.5895963 0.0 -0.5835474 0.7845102 0.2098085 0.01697421 0.5837325 0.2256077 0.7799741 1.19209E-7 0.0 0.0 0.0 1.0
LeftHandIndex3 0.9748809 0.1031935 0.1973714 0.0 -0.03708608 0.9490256 -0.3130082 0.02535117 -0.2196105 0.2978259 0.9290168 -1.19209E-7 0.0 0.0 0.0 1.0
RightShoulder 0.9841326 -0.1309306 -0.1197404 7.69477E-5 -0.1475477 -0.2291228 -0.9621531 0.1227934 0.09853955 0.9645517 -0.2448071 0.07445685 0.0 0.0 0.0 1.0
RightArm 0.9220743 -0.1933795 0.3352225 0.0 0.3828457 0.3292716 -0.863142 0.1505596 0.05653416 0.92422 0.3776518 0.0 0.0 0.0 0.0 1.0
RightForeArm 0.7578555 0.6523992 0.005738142 0.0 -0.652427 0.757837 0.004833169 0.2451271 -0.001195438 -0.007406577 0.9999635 1.19209E-7 0.0 0.0 0.0 1.0
RightHand 0.6244689 0.5899748 -0.5118304 -1.86265E-9 0.5806672 0.08757915 0.8094188 0.2258599 0.5223548 -0.8026639 -0.28789 1.19209E-7 0.0 0.0 0.0 1.0
RightHandIndex1 0.9986027 -0.04811371 0.02169834 1.86265E-9 0.05021011 0.9927106 -0.1095618 0.1663067 -0.01626871 0.1104986 0.9937423 1.19209E-7 0.0 0.0 0.0 1.0
RightHandIndex2 0.2850717 -0.3973205 0.8722827 -1.49012E-8 0.8627717 0.5028141 -0.05293444 0.01757556 -0.4175623 0.7676674 0.4861377 -1.19209E-7 0.0 0.0 0.0 1.0
RightHandIndex3 0.9874154 0.1435829 -0.06629506 1.49012E-8 -0.1456372 0.9889607 -0.02724022 0.02526808 0.06165229 0.03655232 0.9974263 0.0 0.0 0.0 0.0 1.0
LeftUpLeg -0.3129954 0.8578262 0.4074941 0.02004596 -0.9460188 -0.2448316 -0.2115609 -0.05049801 -0.08168983 -0.451874 0.8883494 -0.07812688 0.0 0.0 0.0 1.0
LeftLeg 0.807363 0.589372 -0.02756223 3.72529E-9 -0.5857802 0.8064717 0.08071996 0.4546299 0.06979112 -0.04903258 0.996357 0.0 0.0 0.0 0.0 1.0
LeftFoot 0.03577039 -0.6126546 -0.789556 -7.45058E-9 -0.03833133 0.7885485 -0.6137501 0.3967642 0.9986273 0.05221273 0.004723337 7.45058E-9 0.0 0.0 0.0 1.0
LeftToeBase 0.8818521 0.4685803 0.05275309 0.0 0.2780429 -0.4262936 -0.8608097 0.2132302 -0.3808881 0.773694 -0.5062423 0.0 0.0 0.0 0.0 1.0
RightUpLeg -0.7563846 0.3329549 -0.5634329 0.02190782 -0.5600392 -0.7747813 0.2936286 -0.05036914 -0.3388063 0.537466 0.7722607 0.07812688 0.0 0.0 0.0 1.0
RightLeg 0.7469655 0.6646302 -0.01836822 0.0 -0.6573266 0.7336123 -0.1723528 0.4552556 -0.1011018 0.1407788 0.9848655 -7.45058E-9 0.0 0.0 0.0 1.0
RightFoot -0.2034075 -0.8698233 -0.4494328 -3.72529E-9 -0.007193772 0.4603117 -0.8877492 0.3960837 0.9790681 -0.1773289 -0.09989525 -7.45058E-9 0.0 0.0 0.0 1.0
RightToeBase 0.8863587 -0.4580376 -0.0674426 7.45058E-9 -0.3027987 -0.4634004 -0.832813 0.2100037 0.3501838 0.7586556 -0.5494154 0.0 0.0 0.0 0.0 1.0
Time 0.133333
Hips -0.5953262 -0.2788545 -0.753544 0.126805 -0.05495913 0.9497812 -0.3080538 0.20969 0.8016031 -0.1419782 -0.5807549 0.3048689 0.0 0.0 0.0 1.0
Spine 0.5688075 0.8161663 0.1016534 0.0 -0.8208339 0.5555226 0.1327767 0.09315038 0.0518972 -0.1589649 0.9859189 2.27374E-13 0.0 0.0 0.0 1.0
Spine1 0.9807228 0.1934595 0.02751474 -1.86265E-9 -0.1923746 0.9805933 -0.03777819 0.108676 -0.03428937 0.03175677 0.9989069 0.0 0.0 0.0 0.0 1.0
Spine2 0.9799395 0.1932127 0.04885304 0.0 -0.191752 0.9808866 -0.03304598 0.1242011 -0.0543042 0.02301542 0.9982587 0.0 0.0 0.0 0.0 1.0
Neck -0.3267905 0.9443773 -0.03686947 -1.86265E-9 -0.9441006 -0.327988 -0.03310821 0.1397275 -0.04335935 0.02398907 0.998771 0.0 0.0 0.0 0.0 1.0
Head 0.9208581 0.3402206 0.1904471 2.98023E-8 -0.2722786 0.9107552 -0.3104668 0.06266713 -0.2790778 0.2340412 0.931311 -2.27374E-13 0.0 0.0 0.0 1.0
LeftShoulder -0.8932301 0.4128006 -0.1781298 2.57041E-4 -0.005715615 -0.4065958 -0.9135889 0.1227969 -0.4495559 -0.81503 0.3655442 -0.074457 0.0 0.0 0.0 1.0
LeftArm 0.5830281 0.4922671 -0.6463377 0.0 -0.7915231 0.1647288 -0.5885226 0.1505606 -0.1832407 0.8547171 0.4856782 1.19209E-7 0.0 0.0 0.0 1.0
LeftForeArm 0.2061443 -0.9784664 -0.01011133 0.0 0.9785061 0.2060606 0.008590065 0.2451273 -0.006321602 -0.01166468 0.9999142 0.0 0.0 0.0 0.0 1.0
LeftHand 0.9678303 0.1834238 0.1722257 0.0 -0.147989 0.9685735 -0.1999175 0.2258007 -0.2034829 0.1679989 0.9645572 0.0 0.0 0.0 0.0 1.0
LeftHandIndex1 0.9985424 0.0502101 -0.01926911 0.0 -0.05377905 0.9343214 -0.3523551 0.1662588 3.11757E-4 0.3528809 0.9356709 1.19209E-7 0.0 0.0 0.0 1.0
LeftHandIndex2 0.5563233 0.5876675 -0.5874973 0.0 -0.6648744 0.7388863 0.1095035 0.01697421 0.4984443 0.329693 0.8017834 1.19209E-7 0.0 0.0 0.0 1.0
LeftHandIndex3 0.9487911 0.2121046 0.2341011 0.0 -0.1063547 0.9122813 -0.3955143 0.02535117 -0.2974557 0.3503632 0.8881251 -1.19209E-7 0.0 0.0 0.0 1.0
RightShoulder 0.9863009 -0.0997334 -0.131379 7.69645E-5 -0.1549806 -0.2876857 -0.9451048 0.1227937 0.05646235 0.9525176 -0.2992031 0.07445686 0.0 0.0 0.0 1.0
RightArm 0.92188 -0.07909463 0.3793053 0.0 0.36531 0.5036784 -0.7828541 0.1505596 -0.129127 0.860262 0.4932308 0.0 0.0 0.0 0.0 1.0
RightForeArm 0.777227 0.6291975 0.005593278 0.0 -0.6292241 0.7772104 0.004657373 0.2451271 -0.001416758 -0.007139266 0.9999648 1.19209E-7 0.0 0.0 0.0 1.0
RightHand 0.6694388 0.5770041 -0.4678859 -1.86265E-9 0.5730272 -2.85443E-4 0.8195373 0.2258599 0.4727358 -0.8167466 -0.330832 1.19209E-7 0.0 0.0 0.0 1.0
RightHandIndex1 0.9986199 -0.04786853 0.02149452 1.86265E-9 0.04987499 0.993185 -0.1053332 0.1663067 -0.01630586 0.1062601 0.9942043 1.19209E-7 0.0 0.0 0.0 1.0
RightHandIndex2 0.2848707 -0.3974375 0.8722947 -1.49012E-8 0.8638891 0.5007823 -0.05395823 0.01757556 -0.415383 0.7689338 0.4860027 -1.19209E-7 0.0 0.0 0.0 1.0
RightHandIndex3 0.9887992 0.1317444 -0.07013781 1.49012E-8 -0.1341802 0.9904625 -0.03120643 0.02526808 0.06535795 0.04026788 0.9970474 0.0 0.0 0.0 0.0 1.0
LeftUpLeg -0.3452058 0.8720749 0.3466935 0.02004589 -0.9311091 -0.2727338 -0.2414942 -0.05049819 -0.1160138 -0.4063235 0.9063436 -0.07812685 0.0 0.0 0.0 1.0
LeftLeg 0.8947089 0.4465863 0.002274233 3.72529E-9 -0.4442718 0.8897062 0.1053977 0.4546299 0.04504152 -0.09531996 0.9944255 0.0 0.0 0.0 0.0 1.0
LeftFoot 0.02197884 -0.5376635 -0.8429057 -7.45058E-9 -0.09842592 0.8377287 -0.5370821 0.3967642 0.9949053 0.09475426 -0.0345126 7.45058E-9 0.0 0.0 0.0 1.0
LeftToeBase 0.881574 0.4691266 0.05255348 0.0 0.2838543 -0.4377785 -0.8531134 0.2132302 -0.3772293 0.7669195 -0.5191272 0.0 0.0 0.0 0.0 1.0
RightUpLeg -0.7385589 0.4059966 -0.5386279 0.02190788 -0.590196 -0.7755826 0.2242854 -0.05036902 -0.3267246 0.4833817 0.8121787 0.07812677 0.0 0.0 0.0 1.0
RightLeg 0.5187671 0.8548017 -0.002849717 0.0 -0.8369507 0.5068356 -0.2069032 0.4552556 -0.1754873 0.1096755 0.9783578 -7.45058E-9 0.0 0.0 0.0 1.0
RightFoot -0.144 -0.9244932 -0.3528224 -3.72529E-9 0.0637006 0.3470961 -0.93571 0.3960837 0.9875263 -0.1571979 0.008909973 -7.45058E-9 0.0 0.0 0.0 1.0
RightToeBase 0.8888599 -0.4529801 -0.06871447 7.45058E-9 -0.2545408 -0.3635896 -0.8961034 0.2100037 0.3809126 0.8140649 -0.4384665 0.0 0.0 0.0 0.0 1.0
Time 0.166667
Hips -0.6333302 -0.3921132 -0.6671903 0.122331 -0.3109282 0.9184182 -0.2446127 0.274929 0.7086753 0.05252753 -0.7035785 0.3383609 0.0 0.0 0.0 1.0
Spine 0.6111351 0.7888697 0.06481618 0.0 -0.7894115 0.6014701 0.1227417 0.09315038 0.05784218 -0.1261784 0.9903197 2.27374E-13 0.0 0.0 0.0 1.0
Spine1 0.9806814 0.1938867 0.02593182 -1.86265E-9 -0.192228 0.979759 -0.05584885 0.108676 -0.03623533 0.04978508 0.9981021 0.0 0.0 0.0 0.0 1.0
Spine2 0.9795943 0.194253 0.05157855 0.0 -0.1916921 0.9801433 -0.05070919 0.1242011 -0.06040481 0.03978721 0.9973809 0.0 0.0 0.0 0.0 1.0
Neck -0.316117 0.9479166 -0.03904449 -1.86265E-9 -0.9481857 -0.3170521 -0.02051048 0.1397275 -0.03182134 0.03053774 0.9990268 0.0 0.0 0.0 0.0 1.0
Head 0.9522902 0.2546795 0.1681705 2.98023E-8 -0.1774139 0.9103171 -0.3739619 0.06266713 -0.2483288 0.3262845 0.9120699 -2.27374E-13 0.0 0.0 0.0 1.0
LeftShoulder -0.9219912 0.3099204 -0.2321122 2.57103E-4 0.0558074 -0.4868345 -0.8717085 0.122797 -0.3831598 -0.8166633 0.4315629 -0.07445719 0.0 0.0 0.0 1.0
LeftArm 0.6365685 0.3120685 -0.7052619 0.0 -0.7361675 0.5184544 -0.4350476 0.1505606 0.229883 0.7961279 0.5597621 1.19209E-7 0.0 0.0 0.0 1.0
LeftForeArm -0.06367813 -0.9978898 -0.01248292 0.0 0.9979288 -0.06378937 0.008760221 0.2451273 -0.009538062 -0.01189912 0.9998862 0.0 0.0 0.0 0.0 1.0
LeftHand 0.9216604 0.2549913 0.2924455 0.0 -0.1754261 0.946143 -0.2721026 0.2258007 -0.3460798 0.1994834 0.9167522 0.0 0.0 0.0 0.0 1.0
LeftHandIndex1 0.9983035 0.05465968 -0.01958417 0.0 -0.05805935 0.9368427 -0.3449022 0.1662588 -5.04946E-4 0.3454572 0.9384363 1.19209E-7 0.0 0.0 0.0 1.0
LeftHandIndex2 0.5448591 0.5990435 -0.5867522 0.0 -0.747618 0.6639283 -0.01640566 0.01697421 0.3797323 0.4476054 0.8096019 1.19209E-7 0.0 0.0 0.0 1.0
LeftHandIndex3 0.9168252 0.3055657 0.2570182 0.0 -0.1592859 0.8701571 -0.4663205 0.02535117 -0.3661368 0.386595 0.846457 -1.19209E-7 0.0 0.0 0.0 1.0
RightShoulder 0.9904618 0.005034581 -0.1376862 7.70837E-5 -0.1247514 -0.3913884 -0.9117329 0.1227936 -0.05847868 0.9202128 -0.3870287 0.074457 0.0 0.0 0.0 1.0
RightArm 0.8906424 -0.01908126 0.4542934 0.0 0.3321937 0.7095155 -0.6214795 0.1505596 -0.310466 0.7044315 0.6382706 0.0 0.0 0.0 0.0 1.0
RightForeArm 0.7734851 0.633791 0.005621682 0.0 -0.6338181 0.7734675 0.004692294 0.2451271 -0.001374282 -0.007192567 0.9999653 1.19209E-7 0.0 0.0 0.0 1.0
RightHand 0.7143204 0.5471441 -0.4363248 -1.86265E-9 0.5227596 -0.002683617 0.8524783 0.2258599 0.4652498 -0.837041 -0.2879431 1.19209E-7 0.0 0.0 0.0 1.0
RightHandIndex1 0.9921356 -0.1233228 -0.02128382 1.86265E-9 0.122542 0.9918547 -0.03474134 0.1663067 0.02539482 0.03186004 0.9991688 1.19209E-7 0.0 0.0 0.0 1.0
RightHandIndex2 0.2877561 -0.3956981 0.8721381 -1.49012E-8 0.8471839 0.5298564 -0.03912179 0.01757556 -0.4466257 0.7501164 0.4877008 -1.19209E-7 0.0 0.0 0.0 1.0
RightHandIndex3 0.989538 0.1248139 -0.07236062 1.49012E-8 -0.1274859 0.9912705 -0.03354349 0.02526808 0.06754261 0.04241741 0.9968122 0.0 0.0 0.0 0.0 1.0
LeftUpLeg -0.2800793 0.889396 0.3611523 0.02004577 -0.9425736 -0.18403 -0.2781039 -0.05049819 -0.180839 -0.4184576 0.8900577 -0.07812691 0.0 0.0 0.0 1.0
LeftLeg 0.8440796 0.5339857 0.04838649 3.72529E-9 -0.535747 0.8369015 0.1124058 0.4546299 0.01952591 -0.1208192 0.9924769 0.0 0.0 0.0 0.0 1.0
LeftFoot 0.01507863 -0.5941381 -0.8042389 -7.45058E-9 -0.1527883 0.7934253 -0.5891471 0.3967642 0.9881477 0.1317465 -0.07882224 7.45058E-9 0.0 0.0 0.0 1.0
LeftToeBase 0.8810704 0.4701157 0.05216346 0.0 0.2943223 -0.4584876 -0.8385605 0.2132302 -0.3703235 0.7541025 -0.5423567 0.0 0.0 0.0 0.0 1.0
RightUpLeg -0.6939406 0.4756966 -0.5408812 0.021908 -0.6055548 -0.7918697 0.08010969 -0.05036902 -0.3902468 0.3829895 0.8373101 0.07812683 0.0 0.0 0.0 1.0
RightLeg 0.3233667 0.9420516 -0.08715246 0.0 -0.943571 0.3135715 -0.1082472 0.4552556 -0.07468089 0.1171817 0.9903024 -7.45058E-9 0.0 0.0 0.0 1.0
RightFoot -0.1677893 -0.7471093 -0.6431751 -3.72529E-9 0.09051484 0.6380148 -0.7646784 0.3960837 0.9816598 -0.1865275 -0.03942621 -7.45058E-9 0.0 0.0 0.0 1.0
RightToeBase 0.8899116 -0.450864 -0.0690311 7.45058E-9 -0.2335234 -0.3204103 -0.9180358 0.2100037 0.391771 0.8331548 -0.3904097 0.0 0.0 0.0 0.0 1.0
Time 0.2
Hips -0.585207 -0.5197553 -0.6224058 0.103796 -0.5640804 0.8123487 -0.1480041 0.334997 0.5825356 0.2644738 -0.7685751 0.3801829 0.0 0.0 0.0 1.0
Spine 0.6518298 0.758314 0.008980102 0.0 -0.7556121 0.6484066 0.09285641 0.09315038 0.0645916 -0.067312 0.995639 2.27374E-13 0.0 0.0 0.0 1.0
Spine1 0.9783074 0.2061645 0.02029149 -1.86265E-9 -0.2040086 0.9758093 -0.07858317 0.108676 -0.03600173 0.0727388 0.9967005 0.0 0.0 0.0 0.0 1.0
Spine2 0.9770614 0.2071405 0.04942991 0.0 -0.2032999 0.9763849 -0.07308089 0.1242011 -0.06340068 0.06135546 0.9960997 0.0 0.0 0.0 0.0 1.0
Neck -0.2986362 0.9535353 -0.03983519 -1.86265E-9 -0.9541667 -0.2991671 -0.007964976 0.1397275 -0.01951223 0.03563079 0.999175 0.0 0.0 0.0 0.0 1.0
Head 0.9716051 0.1502591 0.1827723 2.98023E-8 -0.05607918 0.8966997 -0.4390729 0.06266713 -0.2298666 0.4163559 0.8796639 -2.27374E-13 0.0 0.0 0.0 1.0
LeftShoulder -0.9308506 0.1008727 -0.3511915 2.57194E-4 0.2403107 -0.5550109 -0.7963734 0.122797 -0.275247 -0.825703 0.4923929 -0.07445734 0.0 0.0 0.0 1.0
LeftArm 0.628401 -0.08632592 -0.7730853 0.0 -0.3874334 0.8270586 -0.4072717 0.1505606 0.6745504 0.5554473 0.4862751 1.19209E-7 0.0 0.0 0.0 1.0
LeftForeArm -0.1423472 -0.9897273 -0.01317346 0.0 0.9897658 -0.1424666 0.008687928 0.2451273 -0.01047552 -0.01180185 0.9998769 0.0 0.0 0.0 0.0 1.0
LeftHand 0.9585404 -0.05847754 0.2788986 0.0 -0.004162138 0.9757407 0.218891 0.2258007 -0.2849336 -0.2109764 0.9350408 0.0 0.0 0.0 0.0 1.0
LeftHandIndex1 0.9974341 0.06829939 -0.02098694 0.0 -0.07136881 0.9383469 -0.3382534 0.1662588 -0.003409416 0.3388865 0.9408236 1.19209E-7 0.0 0.0 0.0 1.0
LeftHandIndex2 0.5390352 0.6039431 -0.5871086 0.0 -0.7793652 0.6219774 -0.07573897 0.01697421 0.3194253 0.4983975 0.805959 1.19209E-7 0.0 0.0 0.0 1.0
LeftHandIndex3 0.8941318 0.359795 0.2665933 0.0 -0.1871802 0.8411322 -0.5074055 0.02535117 -0.4068008 0.403787 0.8194325 -1.19209E-7 0.0 0.0 0.0 1.0
RightShoulder 0.9720935 0.1586114 -0.1728415 7.70092E-5 -0.07442975 -0.4901828 -0.8684378 0.1227932 -0.2224672 0.8570669 -0.4646999 0.07445689 0.0 0.0 0.0 1.0
RightArm 0.8384193 -0.01115441 0.544904 0.0 0.2643241 0.8826601 -0.3886445 0.1505596 -0.4766241 0.4698803 0.7429959 0.0 0.0 0.0 0.0 1.0
RightForeArm 0.7704096 0.6375262 0.005643961 0.0 -0.6375535 0.7703916 0.004720166 0.2451271 -0.001338847 -0.007234797 0.9999641 1.19209E-7 0.0 0.0 0.0 1.0
RightHand 0.7737702 0.4943652 -0.3960793 -1.86265E-9 0.4644761 -0.01762141 0.8854122 0.2258599 0.4307311 -0.8690811 -0.243257 1.19209E-7 0.0 0.0 0.0 1.0
RightHandIndex1 0.9843792 -0.1692599 -0.04840661 1.86265E-9 0.1697536 0.9854668 0.006258823 0.1663067 0.04664366 -0.01437832 0.9988067 1.19209E-7 0.0 0.0 0.0 1.0
RightHandIndex2 0.2877559 -0.3956984 0.8721383 -1.49012E-8 0.8471839 0.5298563 -0.03912158 0.01757556 -0.4466257 0.7501166 0.4877008 -1.19209E-7 0.0 0.0 0.0 1.0
RightHandIndex3 0.989538 0.1248143 -0.07236022 1.49012E-8 -0.1274863 0.991271 -0.03354391 0.02526808 0.06754214 0.04241784 0.9968122 0.0 0.0 0.0 0.0 1.0
LeftUpLeg -0.1710696 0.902849 0.3943626 0.02004613 -0.9487069 -0.04329087 -0.3126034 -0.05049819 -0.2651053 -0.4277696 0.8641359 -0.07812682 0.0 0.0 0.0 1.0
LeftLeg 0.6682998 0.7268221 0.1585514 3.72529E-9 -0.7392461 0.6725569 0.03429382 0.4546299 -0.08169132 -0.1401615 0.986742 0.0 0.0 0.0 0.0 1.0
LeftFoot 0.02372208 -0.7337207 -0.6790312 -7.45058E-9 -0.1998771 0.662007 -0.7223525 0.3967642 0.9795371 0.1528534 -0.1309535 7.45058E-9 0.0 0.0 0.0 1.0
LeftToeBase 0.8810614 0.4701352 0.05215566 0.0 0.2945294 -0.458898 -0.8382644 0.2132302 -0.3701826 0.7538421 -0.5428166 0.0 0.0 0.0 0.0 1.0
RightUpLeg -0.6361996 0.5779784 -0.511418 0.02190775 -0.6456518 -0.7615625 -0.05788297 -0.0503692 -0.422988 0.2932607 0.8574129 0.07812694 0.0 0.0 0.0 1.0
RightLeg 0.03993835 0.9920619 -0.1170802 0.0 -0.9851627 0.01933574 -0.1719668 0.4552556 -0.168423 0.1221476 0.9781275 -7.45058E-9 0.0 0.0 0.0 1.0
RightFoot -0.158462 -0.8343215 -0.5279862 -3.72529E-9 0.2431578 0.4852711 -0.8398837 0.3960837 0.9569573 -0.2614594 0.1259811 -7.45058E-9 0.0 0.0 0.0 1.0
RightToeBase 0.88827 -0.4541688 -0.06848169 7.45058E-9 -0.2661391 -0.3874907 -0.8826183 0.2100037 0.3742997 0.8022934 -0.4650525 0.0 0.0 0.0 0.0 1.0
Time 0.233333
Hips -0.463745 -0.6275905 -0.625358 0.07717899 -0.7771271 0.6271051 -0.05305158 0.38824 0.4254591 0.4613798 -0.778534 0.4305869 0.0 0.0 0.0 1.0
Spine 0.669187 0.7403574 -0.06373257 0.0 -0.7386461 0.6721006 0.05181466 0.09315038 0.08119603 0.01240212 0.9966215 2.27374E-13 0.0 0.0 0.0 1.0
Spine1 0.9749153 0.2220915 0.01469193 -1.86265E-9 -0.2197867 0.9710122 -0.09395803 0.108676 -0.03513334 0.08837198 0.9954677 0.0 0.0 0.0 0.0 1.0
Spine2 0.9736768 0.223442 0.0450123 0.0 -0.2189915 0.97183 -0.08710581 0.1242011 -0.0632074 0.07495556 0.9951819 0.0 0.0 0.0 0.0 1.0
Neck -0.2773324 0.9600877 -0.03631669 -1.86265E-9 -0.9607723 -0.277191 0.008979968 0.1397275 -0.001445102 0.03738252 0.9993002 0.0 0.0 0.0 0.0 1.0
Head 0.9766561 0.02492149 0.2133578 2.98023E-8 0.07784228 0.8846757 -0.4596622 0.06266713 -0.200208 0.4655403 0.8620839 -2.27374E-13 0.0 0.0 0.0 1.0
LeftShoulder -0.8787279 -0.06412235 -0.4729909 2.57283E-4 0.418788 -0.5790178 -0.6995373 0.122797 -0.2290138 -0.8127878 0.5356549 -0.07445743 0.0 0.0 0.0 1.0
LeftArm 0.595555 -0.3579102 -0.7191761 0.0 0.03319144 0.9054601 -0.4231294 0.1505606 0.8026342 0.2281259 0.5511268 1.19209E-7 0.0 0.0 0.0 1.0
LeftForeArm -0.1945792 -0.980791 -0.01362643 0.0 0.9808264 -0.194706 0.008769371 0.2451273 -0.01125412 -0.01165873 0.9998711 0.0 0.0 0.0 0.0 1.0
LeftHand 0.9682734 -0.2205036 0.1175962 0.0 0.1450043 0.878993 0.4542512 0.2258007 -0.2035308 -0.4227861 0.8830783 0.0 0.0 0.0 0.0 1.0
LeftHandIndex1 0.9963155 0.08274591 -0.02209494 0.0 -0.08530474 0.9358492 -0.3419247 0.1662588 -0.007615245 0.3425533 0.9394693 1.19209E-7 0.0 0.0 0.0 1.0
LeftHandIndex2 0.5390031 0.6039708 -0.5871091 0.0 -0.7795255 0.6217366 -0.07606217 0.01697421 0.3190871 0.498664 0.8059281 1.19209E-7 0.0 0.0 0.0 1.0
LeftHandIndex3 0.8941974 0.3596435 0.2665779 0.0 -0.1871137 0.8412315 -0.5072663 0.02535117 -0.4066872 0.4037167 0.8195235 -1.19209E-7 0.0 0.0 0.0 1.0
RightShoulder 0.9158605 0.3227868 -0.2387596 7.689E-5 -0.05126584 -0.4957889 -0.8669319 0.122793 -0.3982064 0.8062267 -0.4375282 0.07445689 0.0 0.0 0.0 1.0
RightArm 0.7829998 -0.01818025 0.6217512 0.0 0.1826257 0.9622383 -0.201858 0.1505596 -0.5945955 0.2716038 0.7567607 0.0 0.0 0.0 0.0 1.0
RightForeArm 0.7674696 0.641063 0.005666624 0.0 -0.6410908 0.7674512 0.004751064 0.2451271 -0.001303159 -0.007279135 0.9999639 1.19209E-7 0.0 0.0 0.0 1.0
RightHand 0.8413923 0.40797 -0.3544196 -1.86265E-9 0.3980306 -0.02422874 0.9170547 0.2258599 0.3655379 -0.9126799 -0.1827712 1.19209E-7 0.0 0.0 0.0 1.0
RightHandIndex1 0.9781342 -0.1970026 -0.06661896 1.86265E-9 0.2015166 0.9770076 0.06963071 0.1663067 0.05136972 -0.08153342 0.9953443 1.19209E-7 0.0 0.0 0.0 1.0
RightHandIndex2 0.2877559 -0.3956984 0.8721383 -1.49012E-8 0.8471839 0.5298563 -0.03912158 0.01757556 -0.4466257 0.7501166 0.4877008 -1.19209E-7 0.0 0.0 0.0 1.0
RightHandIndex3 0.9895383 0.1248143 -0.07236037 1.49012E-8 -0.1274863 0.9912708 -0.03354346 0.02526808 0.06754236 0.04241739 0.9968124 0.0 0.0 0.0 0.0 1.0
LeftUpLeg -0.1104057 0.894872 0.4323688 0.02004577 -0.9319528 0.05769357 -0.357475 -0.05049819 -0.344769 -0.4425749 0.8277948 -0.07812703 0.0 0.0 0.0 1.0
LeftLeg 0.473416 0.8682376 0.1490971 3.72529E-9 -0.8771271 0.48002 -0.008413199 0.4546299 -0.0788495 -0.1268369 0.9887748 0.0 0.0 0.0 0.0 1.0
LeftFoot 0.07681645 -0.8762314 -0.4757722 -7.45058E-9 -0.3106241 0.4324363 -0.8464456 0.3967642 0.9474224 0.212824 -0.2389425 7.45058E-9 0.0 0.0 0.0 1.0
LeftToeBase 0.8821121 0.4680611 0.05301779 0.0 0.2740801 -0.4183852 -0.8659456 0.2132302 -0.3831516 0.7783117 -0.4973771 0.0 0.0 0.0 0.0 1.0
RightUpLeg -0.626449 0.6250465 -0.4660778 0.02190812 -0.6317654 -0.7571502 -0.166669 -0.05036908 -0.4571303 0.189961 0.8689315 0.07812693 0.0 0.0 0.0 1.0
RightLeg -0.08447532 0.9865701 -0.1380176 0.0 -0.9873608 -0.101725 -0.1234931 0.4552556 -0.1359421 0.1257768 0.9827076 -7.45058E-9 0.0 0.0 0.0 1.0
RightFoot -0.1981746 -0.817548 -0.5406722 -3.72529E-9 0.1044842 0.5308326 -0.8410164 0.3960837 0.9745821 -0.2231528 -0.01977733 -7.45058E-9 0.0 0.0 0.0 1.0
RightToeBase 0.8707289 -0.4860337 -0.07465375 7.45058E-9 -0.3732381 -0.5545123 -0.7437921 0.2100037 0.3200855 0.6755648 -0.6642237 0.0 0.0 0.0 0.0 1.0
Time 0.266667
Hips -0.3124962 -0.7023864 -0.6395317 0.04746294 -0.9252627 0.3774654 0.03755043 0.435253 0.2150258 0.6034691 -0.7678478 0.4885018 0.0 0.0 0.0 1.0
Spine 0.6685422 0.7309559 -0.1369588 0.0 -0.7362884 0.6764737 0.01629774 0.09315038 0.1045619 0.08994541 0.9904431 2.27374E-13 0.0 0.0 0.0 1.0
Spine1 0.9714281 0.2371404 0.009598853 -1.86265E-9 -0.2350274 0.9668215 -0.1000843 0.108676 -0.03301444 0.09496864 0.9949328 0.0 0.0 0.0 0.0 1.0
Spine2 0.9702927 0.2386562 0.03967899 0.0 -0.2343171 0.9678518 -0.09142192 0.1242011 -0.06022179 0.07940859 0.9950212 0.0 0.0 0.0 0.0 1.0
Neck -0.2531751 0.9669664 -0.02963214 -1.86265E-9 -0.9672403 -0.2524207 0.02697634 0.1397275 0.01860542 0.03549116 0.9991971 0.0 0.0 0.0 0.0 1.0
Head 0.9621189 -0.1152918 0.2470524 2.98023E-8 0.2161405 0.874868 -0.4334621 0.06266713 -0.1661636 0.4704401 0.8666465 -2.27374E-13 0.0 0.0 0.0 1.0
LeftShoulder -0.811075 -0.1461648 -0.5663811 2.57105E-4 0.5361902 -0.5727604 -0.6200333 0.1227967 -0.2337734 -0.8065846 0.5429257 -0.07445715 0.0 0.0 0.0 1.0
LeftArm 0.4703029 -0.4863558 -0.7363914 0.0 0.317183 0.8718315 -0.3732362 0.1505606 0.82354 -0.05803657 0.5642849 1.19209E-7 0.0 0.0 0.0 1.0
LeftForeArm -0.2506484 -0.9679735 -0.01412548 0.0 0.9680106 -0.2507792 0.008496374 0.2451273 -0.01176667 -0.01154394 0.9998659 0.0 0.0 0.0 0.0 1.0
LeftHand 0.9617686 -0.2680822 0.05601857 0.0 0.2014108 0.8309444 0.5186182 0.2258007 -0.1855811 -0.487506 0.8531698 0.0 0.0 0.0 0.0 1.0
LeftHandIndex1 0.9954823 0.09224477 -0.0220614 0.0 -0.09422404 0.9352759 -0.341152 0.1662588 -0.01083585 0.3416928 0.9397513 1.19209E-7 0.0 0.0 0.0 1.0
LeftHandIndex2 0.5405083 0.6027525 -0.586978 0.0 -0.7719076 0.6328046 -0.06098891 0.01697421 0.33468 0.4860576 0.8073044 1.19209E-7 0.0 0.0 0.0 1.0
LeftHandIndex3 0.9051369 0.334422 0.2624608 0.0 -0.1743923 0.8551412 -0.4881818 0.02535117 -0.3876985 0.3961008 0.8323429 -1.19209E-7 0.0 0.0 0.0 1.0
RightShoulder 0.8305662 0.4811919 -0.2803799 7.69198E-5 -0.05403782 -0.4314398 -0.9005246 0.122793 -0.5542898 0.7630951 -0.3323385 0.07445689 0.0 0.0 0.0 1.0
RightArm 0.7316094 -0.02329256 0.6813222 0.0 0.1126792 0.9898034 -0.08715983 0.1505596 -0.6723356 0.1405387 0.7267808 0.0 0.0 0.0 0.0 1.0
RightForeArm 0.7573141 0.6530281 0.005743142 0.0 -0.6530561 0.7572951 0.004837073 0.2451271 -0.001190528 -0.007413782 0.9999633 1.19209E-7 0.0 0.0 0.0 1.0
RightHand 0.9018446 0.3009438 -0.3100013 -1.86265E-9 0.3326263 -0.02572427 0.9427106 0.2258599 0.2757242 -0.9533008 -0.1233015 1.19209E-7 0.0 0.0 0.0 1.0
RightHandIndex1 0.9759929 -0.203837 -0.07670413 1.86265E-9 0.2131835 0.9661964 0.1449787 0.1663067 0.04455918 -0.1578511 0.986455 1.19209E-7 0.0 0.0 0.0 1.0
RightHandIndex2 0.2877559 -0.3956984 0.8721383 -1.49012E-8 0.8471839 0.5298563 -0.03912158 0.01757556 -0.4466257 0.7501166 0.4877008 -1.19209E-7 0.0 0.0 0.0 1.0
RightHandIndex3 0.9895383 0.1248143 -0.07236037 1.49012E-8 -0.1274863 0.9912708 -0.03354346 0.02526808 0.06754236 0.04241739 0.9968124 0.0 0.0 0.0 0.0 1.0
LeftUpLeg -0.1138822 0.8800684 0.4609058 0.02004613 -0.9144955 0.08819666 -0.3944473 -0.05049819 -0.3877132 -0.4665819 0.7949526 -0.07812682 0.0 0.0 0.0 1.0
LeftLeg 0.3089579 0.9457914 0.1016781 3.72529E-9 -0.9499923 0.3116435 -0.01002365 0.4546299 -0.04115237 -0.09353278 0.9947577 0.0 0.0 0.0 0.0 1.0
LeftFoot 0.1396572 -0.9518099 -0.2732658 -7.45058E-9 -0.3592455 0.2084997 -0.909594 0.3967642 0.9227282 0.225234 -0.3127728 7.45058E-9 0.0 0.0 0.0 1.0
LeftToeBase 0.8834075 0.465529 0.05370396 0.0 0.2449072 -0.3608851 -0.8998976 0.2132302 -0.3995641 0.8080518 -0.4328439 0.0 0.0 0.0 0.0 1.0
RightUpLeg -0.6061836 0.6697313 -0.4293466 0.02190805 -0.6457078 -0.7293491 -0.2264996 -0.0503692 -0.4649035 0.1398655 0.8743021 0.07812698 0.0 0.0 0.0 1.0
RightLeg -0.1976055 0.9700962 -0.1393626 0.0 -0.9777784 -0.2055883 -0.04604232 0.4552556 -0.07335186 0.127105 0.9891778 -7.45058E-9 0.0 0.0 0.0 1.0
RightFoot -0.2764181 -0.8032209 -0.5276513 -3.72529E-9 0.06571757 0.531945 -0.8442302 0.3960837 0.9587862 -0.2680293 -0.09425633 -7.45058E-9 0.0 0.0 0.0 1.0
RightToeBase 0.9009721 -0.4313563 -0.04623952 7.45058E-9 -0.3680305 -0.7036716 -0.6078132 0.2100037 0.2296271 0.5646867 -0.7927347 0.0 0.0 0.0 0.0 1.0
Time 0.3
Hips -0.1525513 -0.7184786 -0.6786146 0.016788 -0.9878864 0.09109197 0.1256321 0.464194 -0.02844774 0.6895595 -0.7236711 0.556178 0.0 0.0 0.0 1.0
Spine 0.6500477 0.7357526 -0.1900229 0.0 -0.7479378 0.6636781 0.01109303 0.09315038 0.1342757 0.1349142 0.9817172 2.27374E-13 0.0 0.0 0.0 1.0
Spine1 0.9687454 0.2479979 0.00557912 -1.86265E-9 -0.2465019 0.9649293 -0.09026123 0.108676 -0.02776808 0.08606473 0.9959027 0.0 0.0 0.0 0.0 1.0
Spine2 0.9678652 0.2492663 0.03318396 0.0 -0.2460281 0.96595 -0.08005764 0.1242011 -0.05200971 0.06932084 0.9962377 0.0 0.0 0.0 0.0 1.0
Neck -0.2207987 0.9751411 -0.01867949 -1.86265E-9 -0.9747881 -0.2200061 0.03721775 0.1397275 0.03218291 0.02642617 0.9991328 0.0 0.0 0.0 0.0 1.0
Head 0.9231967 -0.2740789 0.2694233 2.98023E-8 0.3547746 0.8773203 -0.3231769 0.06266713 -0.1477946 0.39394 0.907176 -2.27374E-13 0.0 0.0 0.0 1.0
LeftShoulder -0.7658542 -0.08528232 -0.6373305 2.57164E-4 0.5734075 -0.5390978 -0.6169065 0.1227964 -0.290972 -0.8379122 0.4617738 -0.07445714 0.0 0.0 0.0 1.0
LeftArm 0.3259585 -0.5328663 -0.7808987 0.0 0.5214188 0.7903518 -0.3216675 0.1505606 0.7885946 -0.3023251 0.535464 1.19209E-7 0.0 0.0 0.0 1.0
LeftForeArm -0.1903066 -0.981629 -0.01359484 0.0 0.9816663 -0.1904311 0.008616194 0.2451273 -0.01104683 -0.0117058 0.9998717 0.0 0.0 0.0 0.0 1.0
LeftHand 0.9814896 -0.07141112 0.1777164 0.0 0.0252418 0.9680259 0.2495744 0.2258007 -0.1898571 -0.2404681 0.9519082 0.0 0.0 0.0 0.0 1.0
LeftHandIndex1 0.995552 0.09170612 -0.02108864 0.0 -0.09352544 0.9396369 -0.3291476 0.1662588 -0.01036902 0.329659 0.9440454 1.19209E-7 0.0 0.0 0.0 1.0
LeftHandIndex2 0.543101 0.6005784 -0.586813 0.0 -0.7578524 0.6515099 -0.0346083 0.01697421 0.3615286 0.4635135 0.8089835 1.19209E-7 0.0 0.0 0.0 1.0
LeftHandIndex3 0.9209905 0.2947292 0.2547728 0.0 -0.1534605 0.8755488 -0.4581099 0.02535117 -0.3580836 0.3828175 0.8516029 -1.19209E-7 0.0 0.0 0.0 1.0
RightShoulder 0.7502394 0.6154222 -0.2416526 7.69347E-5 -0.07363144 -0.2854493 -0.9555638 0.1227933 -0.6570528 0.7346931 -0.1688416 0.07445695 0.0 0.0 0.0 1.0
