Root_Bone_Name Hips
Num_Keyframes 31
Num_Bones 34
Time_Wrapping_Mode LOOP
Time 0.0
Hips 0.994576 -0.049053 0.09172 -0.007583 -0.103865 -0.421255 0.900975 0.257085 -0.005558 -0.905615 -0.424065 -0.036378 0.0 0.0 0.0 1.0
Spine 0.990736 0.025596 -0.133367 -0.0 -0.123578 0.57712 -0.807255 0.090471 0.056306 0.816258 0.574937 0.001156 0.0 0.0 0.0 1.0
Spine1 0.997733 -0.051192 -0.043674 0.0 0.038734 0.967643 -0.249332 0.105558 0.055025 0.247075 0.967433 0.0 0.0 0.0 0.0 1.0
Spine2 0.998271 -0.05268 -0.026077 -0.0 0.044491 0.96709 -0.250515 0.120638 0.038416 0.248922 0.967761 0.0 0.0 0.0 0.0 1.0
Neck 0.999713 -0.023817 0.002747 0.0 0.023973 0.991493 -0.127935 0.135717 3.23E-4 0.127964 0.991779 -0.0 0.0 0.0 0.0 1.0
Head 0.992245 -0.111747 0.054436 0.0 0.124199 0.873599 -0.470531 0.058121 0.005025 0.473643 0.880703 0.015315 0.0 0.0 0.0 1.0
LeftShoulder 0.051055 0.973843 -0.221411 0.076472 0.101217 -0.225604 -0.968947 0.118875 -0.993553 0.027059 -0.110088 1.41E-4 0.0 0.0 0.0 1.0
LeftArm 0.812861 0.531422 -0.238427 0.0 -0.224205 -0.092326 -0.970159 0.15768 -0.537577 0.842061 0.0441 0.0 0.0 0.0 0.0 1.0
LeftForeArm 0.824814 -0.565395 -0.003366 0.0 0.565404 0.824786 0.006785 0.247139 -0.00106 -0.007499 0.999971 0.0 0.0 0.0 0.0 1.0
LeftHand 0.908336 -0.322737 0.266021 -0.0 -0.28859 -0.023267 0.95717 0.217978 -0.302724 -0.946203 -0.114273 -0.0 0.0 0.0 0.0 1.0
LeftHandThumb1 0.76335 -0.617637 0.189266 -0.025822 0.617465 0.783724 0.067181 0.022457 -0.189826 0.065583 0.979625 0.02233 0.0 0.0 0.0 1.0
LeftHandThumb2 0.962598 0.270836 -0.007221 5.85E-4 -0.270819 0.961084 -0.054547 0.032685 -0.007833 0.054463 0.998485 -0.0 0.0 0.0 0.0 1.0
LeftHandThumb3 0.999713 0.023859 0.002074 -7.16E-4 -0.023592 0.966206 0.256687 0.043834 0.004121 -0.256663 0.966492 0.0 0.0 0.0 0.0 1.0
LeftHandIndex1 0.999338 0.031835 -0.017626 0.0 -0.034 0.989487 -0.140566 0.117952 0.012966 0.141072 0.989914 1.1E-5 0.0 0.0 0.0 1.0
LeftHandIndex2 0.999995 -0.002106 0.002354 0.001025 0.002108 0.999997 -8.63E-4 0.032736 -0.002352 8.68E-4 0.999997 0.0 0.0 0.0 0.0 1.0
LeftHandIndex3 0.990977 0.13392 -0.005492 0.001113 -0.133919 0.990992 6.69E-4 0.033491 0.005533 7.2E-5 0.999985 -0.0 0.0 0.0 0.0 1.0
RightShoulder 0.003021 -0.982888 0.184181 -0.076472 -0.009999 -0.184202 -0.982837 0.118876 0.999945 0.001128 -0.010384 2.89E-4 0.0 0.0 0.0 1.0
RightArm 0.860335 -0.481996 0.165839 0.0 0.248945 0.113411 -0.961855 0.15768 0.444803 0.868802 0.217562 0.0 0.0 0.0 0.0 1.0
RightForeArm 0.747771 0.663934 0.005458 0.0 -0.663955 0.747729 0.007999 0.247142 0.00123 -0.009605 0.999953 -0.0 0.0 0.0 0.0 1.0
RightHand 0.658975 0.508148 -0.55456 0.0 0.531028 0.207851 0.821467 0.218074 0.532693 -0.835813 -0.132872 -0.0 0.0 0.0 0.0 1.0
RightHandThumb1 0.70485 0.679488 -0.203673 0.023287 -0.676219 0.730363 0.096429 0.021062 0.214278 0.069759 0.974279 0.019311 0.0 0.0 0.0 1.0
RightHandThumb2 0.923629 -0.383176 0.009255 -0.001964 0.383081 0.922067 -0.055153 0.029424 0.0126 0.054486 0.998435 -0.0 0.0 0.0 0.0 1.0
RightHandThumb3 0.994979 -0.099545 -0.010352 0.00227 0.099181 0.966894 0.235114 0.044601 -0.013395 -0.234961 0.971913 0.0 0.0 0.0 0.0 1.0
RightHandIndex1 0.999577 -0.028912 0.003249 0.0 0.029093 0.992353 -0.119957 0.120379 2.44E-4 0.120001 0.992774 1.0E-6 0.0 0.0 0.0 1.0
RightHandIndex2 0.999998 5.84E-4 0.001872 -0.001048 -5.85E-4 1.0 5.3E-5 0.03546 -0.001872 -5.4E-5 0.999998 0.0 0.0 0.0 0.0 1.0
RightHandIndex3 0.990595 -0.136462 0.009984 -8.66E-4 0.136466 0.990645 2.87E-4 0.031268 -0.00993 0.001078 0.99995 0.0 0.0 0.0 0.0 1.0
LeftUpLeg -0.589849 0.806537 0.039697 0.075351 -0.331133 -0.28642 0.899063 -0.050357 0.736498 0.517166 0.436016 0.016627 0.0 0.0 0.0 1.0
LeftLeg 0.997529 -0.065115 0.026373 0.0 0.044447 0.875667 0.480866 0.445545 -0.054405 -0.478506 0.876397 0.0 0.0 0.0 0.0 1.0
LeftFoot 0.99911 0.00821 0.041382 0.0 0.011183 0.894258 -0.447413 0.412268 -0.04068 0.447477 0.89337 0.0 0.0 0.0 0.0 1.0
LeftToeBase 0.974725 0.138847 0.175023 -0.0 -6.05E-4 0.785058 -0.619422 0.212811 -0.223408 0.603661 0.765299 0.0 0.0 0.0 0.0 1.0
RightUpLeg -0.704217 -0.709201 -0.033354 -0.075351 0.43659 -0.469612 0.767368 -0.050357 -0.559882 0.525831 0.640339 0.020532 0.0 0.0 0.0 1.0
RightLeg 0.980325 0.074566 0.182763 0.0 -0.13173 0.936695 0.324422 0.446001 -0.147003 -0.342114 0.928088 -0.0 0.0 0.0 0.0 1.0
RightFoot 0.948068 0.105299 0.300132 0.0 0.247251 0.349606 -0.903683 0.411537 -0.200085 0.930961 0.305415 0.0 0.0 0.0 0.0 1.0
RightToeBase 0.976191 -0.13806 -0.167305 0.0 0.015871 0.814691 -0.579679 0.209222 0.216332 0.563222 0.797485 -0.0 0.0 0.0 0.0 1.0
Time 0.033333
Hips 0.988337 -0.092287 -0.121134 0.036307 0.067041 -0.450538 0.890236 0.259866 -0.136733 -0.887974 -0.439096 -0.057195 0.0 0.0 0.0 1.0
Spine 0.987721 0.116507 -0.104081 0.0 -0.149816 0.517486 -0.842474 0.090471 -0.044294 0.847723 0.528587 0.001156 0.0 0.0 0.0 1.0
Spine1 0.999003 -0.041009 -0.017664 0.0 0.035538 0.969752 -0.241491 0.105558 0.027033 0.240622 0.970242 0.0 0.0 0.0 0.0 1.0
Spine2 0.999218 -0.039541 2.69E-4 0.0 0.038436 0.96965 -0.241456 0.120638 0.009287 0.241277 0.970412 -0.0 0.0 0.0 0.0 1.0
Neck 0.998957 -0.04483 -0.008624 0.0 0.043465 0.991748 -0.120606 0.135717 0.013959 0.120105 0.992663 -0.0 0.0 0.0 0.0 1.0
Head 0.96996 -0.238651 -0.047146 0.0 0.196648 0.883311 -0.425547 0.058121 0.143202 0.403493 0.903707 0.015315 0.0 0.0 0.0 1.0
LeftShoulder 0.143835 0.958837 -0.244834 0.076472 0.096301 -0.259794 -0.96085 0.118875 -0.984905 0.114626 -0.129704 1.41E-4 0.0 0.0 0.0 1.0
LeftArm 0.717997 0.540653 -0.438377 -0.0 -0.404471 -0.18848 -0.894918 0.15768 -0.566465 0.819859 0.083351 0.0 0.0 0.0 0.0 1.0
LeftForeArm 0.753284 -0.657682 -0.004224 -0.0 0.657693 0.753245 0.007892 0.247139 -0.002008 -0.008723 0.99996 -0.0 0.0 0.0 0.0 1.0
LeftHand 0.748016 -0.553426 0.366323 0.0 -0.281704 0.235012 0.930275 0.217978 -0.600929 -0.799055 0.01989 -0.0 0.0 0.0 0.0 1.0
LeftHandThumb1 0.735331 -0.663854 -0.136333 -0.025822 0.636807 0.745655 -0.19615 0.022457 0.231872 0.057417 0.97105 0.02233 0.0 0.0 0.0 1.0
LeftHandThumb2 0.946982 0.320382 -0.024096 5.85E-4 -0.321256 0.945266 -0.057165 0.032685 0.004462 0.061875 0.998074 -0.0 0.0 0.0 0.0 1.0
LeftHandThumb3 0.996721 -0.078785 0.018469 -7.16E-4 0.070386 0.956682 0.282498 0.043834 -0.039926 -0.280272 0.95909 0.0 0.0 0.0 0.0 1.0
LeftHandIndex1 0.999585 0.021038 -0.019671 0.0 -0.023603 0.989754 -0.14082 0.117952 0.016506 0.141226 0.98984 1.1E-5 0.0 0.0 0.0 1.0
LeftHandIndex2 0.999988 0.004773 0.001084 0.001025 -0.004729 0.999266 -0.038015 0.032736 -0.001264 0.038009 0.999277 0.0 0.0 0.0 0.0 1.0
LeftHandIndex3 0.990823 0.135048 -0.005699 0.001113 -0.135079 0.990819 -0.005533 0.033491 0.004899 0.006252 0.999968 -0.0 0.0 0.0 0.0 1.0
RightShoulder -0.018678 -0.978829 0.203824 -0.076472 -0.059154 -0.202421 -0.97751 0.118876 0.998074 -0.030315 -0.054121 2.89E-4 0.0 0.0 0.0 1.0
RightArm 0.8702 -0.418842 0.259467 0.0 0.346276 0.145284 -0.926815 0.15768 0.350492 0.896362 0.271461 -0.0 0.0 0.0 0.0 1.0
RightForeArm 0.725628 0.688063 0.005724 0.0 -0.688085 0.725582 0.00829 0.247142 0.00155 -0.009954 0.999949 -0.0 0.0 0.0 0.0 1.0
RightHand 0.626663 0.557439 -0.544569 0.0 0.531935 0.204708 0.821669 0.218074 0.569508 -0.804585 -0.168238 -0.0 0.0 0.0 0.0 1.0
RightHandThumb1 0.703893 0.680419 -0.203872 0.023287 -0.677131 0.729477 0.096737 0.021062 0.214542 0.069956 0.974206 0.019311 0.0 0.0 0.0 1.0
RightHandThumb2 0.921678 -0.387821 0.010224 -0.001964 0.387766 0.920085 -0.055514 0.029424 0.012123 0.055131 0.998406 0.0 0.0 0.0 0.0 1.0
RightHandThumb3 0.995744 -0.09183 -0.007765 0.00227 0.09106 0.967426 0.236208 0.044601 -0.014178 -0.23591 0.971672 0.0 0.0 0.0 0.0 1.0
RightHandIndex1 0.999605 -0.027954 0.002833 0.0 0.028095 0.993235 -0.112673 0.120379 3.36E-4 0.112708 0.993628 1.0E-6 0.0 0.0 0.0 1.0
RightHandIndex2 0.999995 -0.00215 0.002444 -0.001048 0.002197 0.999811 -0.019328 0.03546 -0.002402 0.019334 0.99981 0.0 0.0 0.0 0.0 1.0
RightHandIndex3 0.990841 -0.134687 0.009637 -8.66E-4 0.134561 0.990823 0.01276 0.031268 -0.011267 -0.011347 0.999872 0.0 0.0 0.0 0.0 1.0
LeftUpLeg -0.696707 0.716049 -0.043271 0.075351 -0.279449 -0.215356 0.935698 -0.050357 0.660687 0.664 0.350139 0.016627 0.0 0.0 0.0 1.0
LeftLeg 0.999646 -0.013109 0.023164 0.0 -0.006423 0.72576 0.687918 0.445545 -0.025829 -0.687823 0.725419 0.0 0.0 0.0 0.0 1.0
LeftFoot 0.997561 0.065989 0.022764 -0.0 -0.038803 0.795294 -0.604981 0.412268 -0.058026 0.602621 0.795915 0.0 0.0 0.0 0.0 1.0
LeftToeBase 0.974589 0.139032 0.175629 -0.0 0.002912 0.776134 -0.630561 0.212811 -0.22398 0.61505 0.756007 0.0 0.0 0.0 0.0 1.0
RightUpLeg -0.737717 -0.651224 -0.17799 -0.075351 0.388324 -0.624988 0.677196 -0.050357 -0.552248 0.430461 0.713951 0.020532 0.0 0.0 0.0 1.0
RightLeg 0.970384 0.148256 0.190723 0.0 -0.209614 0.909201 0.359745 0.446001 -0.120071 -0.389069 0.91335 -0.0 0.0 0.0 0.0 1.0
RightFoot 0.963779 0.024311 0.265593 -0.0 0.228631 0.437448 -0.869694 0.411537 -0.137326 0.898915 0.416044 0.0 0.0 0.0 0.0 1.0
RightToeBase 0.974711 -0.140006 -0.174177 0.0 -0.02215 0.715051 -0.698721 0.209222 0.22237 0.684909 0.693867 0.0 0.0 0.0 0.0 1.0
Time 0.066667
Hips 0.937762 -0.125813 -0.323686 0.07807 0.241209 -0.434578 0.867733 0.267801 -0.249839 -0.891803 -0.377184 -0.092852 0.0 0.0 0.0 1.0
Spine 0.983041 0.167575 -0.074493 0.0 -0.14677 0.475376 -0.867454 0.090471 -0.109951 0.863676 0.491909 0.001156 0.0 0.0 0.0 1.0
Spine1 0.999518 -0.030264 0.006875 0.0 0.031034 0.973622 -0.226048 0.105558 1.47E-4 0.226152 0.974092 0.0 0.0 0.0 0.0 1.0
Spine2 0.999375 -0.025862 0.024106 0.0 0.030635 0.973805 -0.225312 0.120638 -0.017647 0.22591 0.973988 -0.0 0.0 0.0 0.0 1.0
Neck 0.998367 -0.053911 -0.018868 0.0 0.051324 0.991701 -0.117873 0.135717 0.025066 0.116712 0.992849 -0.0 0.0 0.0 0.0 1.0
Head 0.945057 -0.297188 -0.136187 0.0 0.219148 0.885068 -0.410644 0.058121 0.242573 0.358237 0.901568 0.015315 0.0 0.0 0.0 1.0
LeftShoulder 0.274437 0.924833 -0.263378 0.076472 0.074479 -0.293514 -0.953049 0.118875 -0.958716 0.241936 -0.149432 1.41E-4 0.0 0.0 0.0 1.0
LeftArm 0.705522 0.538288 -0.460961 0.0 -0.416107 -0.211874 -0.884288 0.15768 -0.573667 0.815693 0.074504 0.0 0.0 0.0 0.0 1.0
LeftForeArm 0.696916 -0.717136 -0.004901 0.0 0.717147 0.696868 0.008606 0.247139 -0.002756 -0.009512 0.999951 0.0 0.0 0.0 0.0 1.0
LeftHand 0.771719 -0.400233 0.49423 0.0 -0.239983 0.536413 0.809117 0.217978 -0.588946 -0.743018 0.317911 -0.0 0.0 0.0 0.0 1.0
LeftHandThumb1 0.744651 -0.665395 -0.052383 -0.025822 0.648887 0.740086 -0.176687 0.022457 0.156335 0.09758 0.982872 0.02233 0.0 0.0 0.0 1.0
LeftHandThumb2 0.93079 0.36384 -0.035373 5.85E-4 -0.365386 0.928934 -0.059782 0.032685 0.011109 0.068569 0.997585 -0.0 0.0 0.0 0.0 1.0
LeftHandThumb3 0.999483 -0.02058 0.024697 -7.16E-4 0.012803 0.959499 0.28142 0.043834 -0.029489 -0.280959 0.959267 0.0 0.0 0.0 0.0 1.0
LeftHandIndex1 0.99989 0.004267 -0.014208 0.0 -0.004783 0.999323 -0.036475 0.117952 0.014043 0.036539 0.999234 1.1E-5 0.0 0.0 0.0 1.0
LeftHandIndex2 0.999985 0.005349 9.65E-4 0.001025 -0.005305 0.999139 -0.041136 0.032736 -0.001185 0.04113 0.999153 0.0 0.0 0.0 0.0 1.0
LeftHandIndex3 0.990779 0.135363 -0.005758 0.001113 -0.135403 0.990764 -0.007272 0.033491 0.004721 0.007984 0.999957 -0.0 0.0 0.0 0.0 1.0
RightShoulder -0.069377 -0.970357 0.231503 -0.076472 -0.109966 -0.223209 -0.968548 0.118876 0.991511 -0.092652 -0.09122 2.89E-4 0.0 0.0 0.0 1.0
RightArm 0.897616 -0.315738 0.307562 -0.0 0.385374 0.223478 -0.89529 0.15768 0.213944 0.922153 0.322275 0.0 0.0 0.0 0.0 1.0
RightForeArm 0.734858 0.678197 0.005613 0.0 -0.678219 0.734814 0.008171 0.247142 0.001416 -0.009811 0.999951 -0.0 0.0 0.0 0.0 1.0
RightHand 0.629802 0.583492 -0.512725 0.0 0.527727 0.162925 0.833642 0.218074 0.569959 -0.795608 -0.205314 -0.0 0.0 0.0 0.0 1.0
RightHandThumb1 0.703192 0.680099 -0.20733 0.023287 -0.676707 0.729658 0.098319 0.021062 0.218147 0.071165 0.973318 0.019311 0.0 0.0 0.0 1.0
RightHandThumb2 0.92313 -0.384376 0.009282 -0.001964 0.384278 0.92156 -0.055292 0.029424 0.012699 0.054608 0.998427 0.0 0.0 0.0 0.0 1.0
RightHandThumb3 0.9949 -0.100301 -0.010618 0.00227 0.099971 0.966672 0.235691 0.044601 -0.013376 -0.235551 0.97177 0.0 0.0 0.0 0.0 1.0
RightHandIndex1 0.999615 -0.02763 0.002679 0.0 0.027757 0.993549 -0.109954 0.120379 3.76E-4 0.109986 0.993933 1.0E-6 0.0 0.0 0.0 1.0
RightHandIndex2 0.999991 -0.003293 0.0027 -0.001048 0.003366 0.999617 -0.027456 0.03546 -0.002609 0.027465 0.999619 0.0 0.0 0.0 0.0 1.0
RightHandIndex3 0.990972 -0.133734 0.00946 -8.66E-4 0.133532 0.990854 0.019447 0.031268 -0.011974 -0.018009 0.999766 0.0 0.0 0.0 0.0 1.0
LeftUpLeg -0.813341 0.578066 -0.065697 0.075351 -0.241929 -0.233357 0.941815 -0.050357 0.5291 0.78191 0.32965 0.016627 0.0 0.0 0.0 1.0
LeftLeg 0.999871 -0.011063 -0.011605 0.0 0.016032 0.699959 0.714003 0.445545 2.24E-4 -0.714097 0.700047 -0.0 0.0 0.0 0.0 1.0
LeftFoot 0.998112 0.058715 0.01802 0.0 -0.03037 0.726846 -0.686128 0.412268 -0.053383 0.684286 0.727257 0.0 0.0 0.0 0.0 1.0
LeftToeBase 0.974694 0.138887 0.17516 0.0 1.89E-4 0.783058 -0.621949 0.212811 -0.223541 0.606243 0.763216 0.0 0.0 0.0 0.0 1.0
RightUpLeg -0.749295 -0.58477 -0.310807 -0.075351 0.351344 -0.748861 0.561929 -0.050357 -0.561351 0.31185 0.766573 0.020532 0.0 0.0 0.0 1.0
RightLeg 0.981099 0.170386 0.091726 -0.0 -0.193449 0.875175 0.443448 0.446001 -0.004719 -0.452811 0.891594 0.0 0.0 0.0 0.0 1.0
RightFoot 0.991297 -0.13039 0.018121 0.0 0.082134 0.50502 -0.859191 0.411537 0.102878 0.853202 0.511335 0.0 0.0 0.0 0.0 1.0
RightToeBase 0.973827 -0.14156 -0.177826 0.0 -0.043583 0.651555 -0.757349 0.209222 0.223073 0.745277 0.628332 0.0 0.0 0.0 0.0 1.0
Time 0.1
Hips 0.851437 -0.169122 -0.49644 0.110775 0.418436 -0.351597 0.837431 0.281538 -0.316175 -0.920748 -0.228596 -0.144883 0.0 0.0 0.0 1.0
Spine 0.982051 0.1796 -0.057621 0.0 -0.136703 0.467244 -0.873496 0.090471 -0.129957 0.865694 0.483409 0.001156 0.0 0.0 0.0 1.0
Spine1 0.999363 -0.025189 0.025277 0.0 0.029871 0.978017 -0.206375 0.105558 -0.019523 0.206999 0.978146 -0.0 0.0 0.0 0.0 1.0
Spine2 0.998923 -0.018226 0.042663 0.0 0.026628 0.978288 -0.205533 0.120638 -0.037991 0.206448 0.97772 0.0 0.0 0.0 0.0 1.0
Neck 0.998413 -0.049391 -0.027045 -0.0 0.045889 0.992002 -0.117588 0.135717 0.032636 0.11616 0.992694 -0.0 0.0 0.0 0.0 1.0
Head 0.936209 -0.279289 -0.213332 -0.0 0.180205 0.902631 -0.390875 0.058121 0.301727 0.327497 0.895381 0.015315 0.0 0.0 0.0 1.0
LeftShoulder 0.404763 0.858421 -0.315087 0.076472 0.027934 -0.356022 -0.93406 0.118875 -0.913995 0.369271 -0.168084 1.41E-4 0.0 0.0 0.0 1.0
LeftArm 0.585509 0.562186 -0.584061 -0.0 -0.639512 -0.122455 -0.758966 0.15768 -0.498201 0.817895 0.287826 -0.0 0.0 0.0 0.0 1.0
LeftForeArm 0.336129 -0.941771 -0.00923 0.0 0.941786 0.336023 0.011301 0.247139 -0.007541 -0.012491 0.999894 -0.0 0.0 0.0 0.0 1.0
LeftHand 0.916338 0.090492 0.390047 -0.0 -0.277694 0.845412 0.45625 0.217978 -0.288463 -0.526393 0.799812 -0.0 0.0 0.0 0.0 1.0
LeftHandThumb1 0.759072 -0.60991 0.22764 -0.025822 0.639458 0.76411 -0.085031 0.022457 -0.122081 0.210111 0.970026 0.02233 0.0 0.0 0.0 1.0
LeftHandThumb2 0.92875 0.369189 -0.033524 5.85E-4 -0.370615 0.926738 -0.061653 0.032685 0.008306 0.069685 0.997534 -0.0 0.0 0.0 0.0 1.0
LeftHandThumb3 0.993525 0.112393 0.01662 -7.16E-4 -0.112844 0.959162 0.259374 0.043834 0.01321 -0.25957 0.965634 -0.0 0.0 0.0 0.0 1.0
LeftHandIndex1 0.998718 0.040927 -0.029799 -0.0 -0.047877 0.954856 -0.293184 0.117952 0.016455 0.294235 0.955591 1.1E-5 0.0 0.0 0.0 1.0
LeftHandIndex2 0.999855 0.016957 -0.001826 0.001025 -0.017054 0.994393 -0.104361 0.032736 4.6E-5 0.104377 0.994538 0.0 0.0 0.0 0.0 1.0
LeftHandIndex3 0.989034 0.147447 -0.008463 0.001113 -0.147667 0.986246 -0.074257 0.033491 -0.002603 0.074692 0.997203 -0.0 0.0 0.0 0.0 1.0
RightShoulder -0.09536 -0.957774 0.271247 -0.076472 -0.147251 -0.255918 -0.955418 0.118876 0.984492 -0.131049 -0.116629 2.89E-4 0.0 0.0 0.0 1.0
RightArm 0.922315 -0.191213 0.335817 0.0 0.383893 0.353761 -0.852924 0.15768 0.044292 0.915582 0.399685 -0.0 0.0 0.0 0.0 1.0
RightForeArm 0.757856 0.6524 0.005336 0.0 -0.652421 0.757816 0.00786 0.247142 0.001084 -0.009438 0.999955 -0.0 0.0 0.0 0.0 1.0
RightHand 0.660104 0.58631 -0.469578 0.0 0.524582 0.08763 0.846838 0.218074 0.537658 -0.805333 -0.249723 -0.0 0.0 0.0 0.0 1.0
RightHandThumb1 0.704807 0.678761 -0.20623 0.023287 -0.675418 0.730961 0.097504 0.021062 0.216928 0.070569 0.973634 0.019311 0.0 0.0 0.0 1.0
RightHandThumb2 0.926875 -0.375285 0.007961 -0.001964 0.375143 0.925369 -0.054414 0.029424 0.013054 0.053422 0.998487 0.0 0.0 0.0 0.0 1.0
RightHandThumb3 0.992852 -0.11819 -0.016596 0.00227 0.118796 0.965262 0.232715 0.044601 -0.011485 -0.233023 0.972403 0.0 0.0 0.0 0.0 1.0
RightHandIndex1 0.999625 -0.027263 0.002509 0.0 0.027375 0.99389 -0.10693 0.120379 4.21E-4 0.106958 0.994263 1.0E-6 0.0 0.0 0.0 1.0
RightHandIndex2 0.999987 -0.004173 0.002904 -0.001048 0.004268 0.999422 -0.033715 0.03546 -0.002761 0.033727 0.999427 0.0 0.0 0.0 0.0 1.0
RightHandIndex3 0.990993 -0.133583 0.009432 -8.66E-4 0.133369 0.990854 0.020507 0.031268 -0.012085 -0.019065 0.999745 0.0 0.0 0.0 0.0 1.0
LeftUpLeg -0.8891 0.449148 -0.088134 0.075351 -0.238429 -0.29011 0.926816 -0.050357 0.390709 0.845046 0.365027 0.016627 0.0 0.0 0.0 1.0
LeftLeg 0.99573 -0.052378 -0.07601 0.0 0.087601 0.795789 0.599204 0.445545 0.029103 -0.603304 0.79698 0.0 0.0 0.0 0.0 1.0
LeftFoot 0.998556 0.052705 0.010435 0.0 -0.035179 0.788164 -0.614459 0.412268 -0.04061 0.613204 0.78888 0.0 0.0 0.0 0.0 1.0
LeftToeBase 0.97479 0.13876 0.174728 -0.0 -0.002304 0.78932 -0.613977 0.212811 -0.223112 0.598097 0.769741 0.0 0.0 0.0 0.0 1.0
RightUpLeg -0.772535 -0.544742 -0.32626 -0.075351 0.332433 -0.784753 0.523117 -0.050357 -0.540997 0.295666 0.78734 0.020532 0.0 0.0 0.0 1.0
RightLeg 0.985185 0.140269 0.098664 0.0 -0.169994 0.722864 0.669753 0.446001 0.022625 -0.676603 0.736 0.0 0.0 0.0 0.0 1.0
RightFoot 0.978388 -0.17597 -0.108591 0.0 -0.015108 0.462917 -0.886273 0.411537 0.206226 0.868759 0.450254 0.0 0.0 0.0 0.0 1.0
RightToeBase 0.97452 -0.140318 -0.174989 0.0 -0.026836 0.701614 -0.712052 0.209222 0.222688 0.698605 0.679972 -0.0 0.0 0.0 0.0 1.0
Time 0.133333
Hips 0.749511 -0.241782 -0.616258 0.127643 0.58271 -0.200787 0.787485 0.303728 -0.314137 -0.949329 -0.009603 -0.20781 0.0 0.0 0.0 1.0
Spine 0.984642 0.165448 -0.055739 0.0 -0.13169 0.494242 -0.859292 0.090471 -0.11462 0.853436 0.508439 0.001156 0.0 0.0 0.0 1.0
Spine1 0.998907 -0.031658 0.03438 0.0 0.037699 0.980597 -0.192373 0.105558 -0.027623 0.193459 0.980719 0.0 0.0 0.0 0.0 1.0
Spine2 0.998259 -0.02286 0.05437 0.0 0.032906 0.980892 -0.191748 0.120638 -0.048947 0.193204 0.979937 0.0 0.0 0.0 0.0 1.0
Neck 0.998771 -0.03717 -0.032771 0.0 0.033214 0.99293 -0.113964 0.135717 0.036775 0.112736 0.992944 -0.0 0.0 0.0 0.0 1.0
Head 0.931311 -0.222084 -0.288684 0.0 0.119058 0.93468 -0.33496 0.058121 0.344216 0.277582 0.896919 0.015315 0.0 0.0 0.0 1.0
LeftShoulder 0.44899 0.805594 -0.386558 0.076472 -0.005347 -0.430185 -0.902725 0.118875 -0.893521 0.407381 -0.188841 1.41E-4 0.0 0.0 0.0 1.0
LeftArm 0.585753 0.489891 -0.645678 0.0 -0.794364 0.188882 -0.57733 0.15768 -0.160872 0.851076 0.49979 0.0 0.0 0.0 0.0 1.0
LeftForeArm 0.206252 -0.97844 -0.010788 0.0 0.978455 0.206125 0.011741 0.247139 -0.009264 -0.012977 0.999873 0.0 0.0 0.0 0.0 1.0
LeftHand 0.978667 0.182801 0.093782 -0.0 -0.162918 0.968592 -0.187849 0.217978 -0.125176 0.168563 0.97771 -0.0 0.0 0.0 0.0 1.0
LeftHandThumb1 0.746335 -0.527426 0.405963 -0.025822 0.607298 0.789233 -0.091106 0.022457 -0.272348 0.314536 0.909337 0.02233 0.0 0.0 0.0 1.0
LeftHandThumb2 0.935544 0.352122 -0.027706 5.85E-4 -0.353189 0.93345 -0.062672 0.032685 0.003794 0.068418 0.99765 -0.0 0.0 0.0 0.0 1.0
LeftHandThumb3 0.976782 0.214152 0.006035 -7.16E-4 -0.209235 0.947544 0.241623 0.043834 0.046025 -0.237276 0.970351 -0.0 0.0 0.0 0.0 1.0
LeftHandIndex1 0.998317 0.046962 -0.034034 0.0 -0.055859 0.93643 -0.346378 0.117952 0.015604 0.347696 0.937477 1.1E-5 0.0 0.0 0.0 1.0
LeftHandIndex2 0.999112 0.040882 -0.010157 0.001025 -0.042125 0.970639 -0.236826 0.032736 1.77E-4 0.237043 0.971499 -0.0 0.0 0.0 0.0 1.0
LeftHandIndex3 0.985155 0.170892 -0.016301 0.001113 -0.170538 0.963376 -0.206936 0.033491 -0.01966 0.206644 0.978219 -0.0 0.0 0.0 0.0 1.0
RightShoulder -0.053138 -0.944166 0.325156 -0.076472 -0.154477 -0.313924 -0.936797 0.118876 0.986566 -0.100009 -0.129171 2.89E-4 0.0 0.0 0.0 1.0
RightArm 0.921701 -0.077566 0.380066 0.0 0.361567 0.526643 -0.769361 0.15768 -0.140483 0.84654 0.513453 0.0 0.0 0.0 0.0 1.0
RightForeArm 0.777226 0.6292 0.005103 0.0 -0.62922 0.77719 0.00758 0.247142 8.03E-4 -0.009103 0.999958 -0.0 0.0 0.0 0.0 1.0
RightHand 0.701787 0.573279 -0.422903 0.0 0.516279 -2.35E-4 0.856421 0.218074 0.490868 -0.81936 -0.296137 -0.0 0.0 0.0 0.0 1.0
RightHandThumb1 0.706734 0.680788 -0.192496 0.023287 -0.677933 0.729479 0.090921 0.021062 0.202319 0.066243 0.977077 0.019311 0.0 0.0 0.0 1.0
RightHandThumb2 0.922752 -0.385199 0.012314 -0.001964 0.385277 0.921203 -0.054285 0.029424 0.009567 0.054835 0.99845 0.0 0.0 0.0 0.0 1.0
RightHandThumb3 0.994873 -0.100586 -0.010467 0.00227 0.100242 0.96717 0.233526 0.044601 -0.013366 -0.233378 0.972294 0.0 0.0 0.0 0.0 1.0
RightHandIndex1 0.99964 -0.026731 0.002276 0.0 0.026823 0.994348 -0.102722 0.120379 4.83E-4 0.102746 0.994708 1.0E-6 0.0 0.0 0.0 1.0
RightHandIndex2 0.999985 -0.004524 0.002987 -0.001048 0.00463 0.999333 -0.036221 0.03546 -0.002821 0.036234 0.999339 -0.0 0.0 0.0 0.0 1.0
RightHandIndex3 0.990743 -0.135401 0.009774 -8.66E-4 0.135329 0.99077 0.007744 0.031268 -0.010732 -0.00635 0.999922 0.0 0.0 0.0 0.0 1.0
LeftUpLeg -0.907914 0.401225 -0.121291 0.075351 -0.262857 -0.319603 0.910363 -0.050357 0.326495 0.858413 0.395636 0.016627 0.0 0.0 0.0 1.0
LeftLeg 0.993695 -0.098478 -0.053593 -0.0 0.112107 0.87885 0.46374 0.445545 0.001433 -0.466824 0.884349 -0.0 0.0 0.0 0.0 1.0
LeftFoot 0.994972 0.095888 -0.028917 0.0 -0.096227 0.835203 -0.541458 0.412268 -0.027768 0.541518 0.84023 0.0 0.0 0.0 0.0 1.0
LeftToeBase 0.974652 0.138945 0.175349 -0.0 0.001279 0.780295 -0.62541 0.212811 -0.223721 0.609782 0.760339 0.0 0.0 0.0 0.0 1.0
RightUpLeg -0.811526 -0.49615 -0.308643 -0.075351 0.266421 -0.784298 0.560265 -0.050357 -0.520043 0.37244 0.768663 0.020532 0.0 0.0 0.0 1.0
RightLeg 0.97858 0.109157 0.174543 0.0 -0.205758 0.491225 0.846382 0.446001 0.006648 -0.864166 0.503163 0.0 0.0 0.0 0.0 1.0
RightFoot 0.987568 -0.157193 3.35E-4 -0.0 0.056706 0.354269 -0.933423 0.411537 0.146608 0.921837 0.358778 0.0 0.0 0.0 0.0 1.0
RightToeBase 0.975729 -0.138568 -0.169563 0.0 0.003693 0.78463 -0.619953 0.209222 0.21895 0.60428 0.766098 0.0 0.0 0.0 0.0 1.0
Time 0.166667
Hips 0.66252 -0.351076 -0.661675 0.124351 0.7065 -5.86E-4 0.707713 0.337066 -0.248849 -0.936347 0.247647 -0.271019 0.0 0.0 0.0 1.0
Spine 0.989334 0.132464 -0.060589 0.0 -0.123509 0.542337 -0.831033 0.090471 -0.077223 0.829653 0.552913 0.001156 0.0 0.0 0.0 1.0
Spine1 0.998102 -0.049681 0.036378 0.0 0.055774 0.979765 -0.192224 0.105558 -0.026092 0.193888 0.980677 0.0 0.0 0.0 0.0 1.0
Spine2 0.997381 -0.039614 0.060518 0.0 0.050561 0.980153 -0.191688 0.120638 -0.051724 0.194246 0.979588 0.0 0.0 0.0 0.0 1.0
Neck 0.999027 -0.024492 -0.036678 0.0 0.020622 0.994529 -0.102402 0.135717 0.038986 0.101546 0.994067 -0.0 0.0 0.0 0.0 1.0
Head 0.91207 -0.172179 -0.372133 0.0 0.08362 0.966596 -0.242279 0.058121 0.401418 0.189858 0.896001 0.015315 0.0 0.0 0.0 1.0
LeftShoulder 0.38275 0.805306 -0.452753 0.076472 0.056136 -0.509438 -0.858674 0.118875 -0.922145 0.303242 -0.240194 1.41E-4 0.0 0.0 0.0 1.0
LeftArm 0.638274 0.309206 -0.704981 0.0 -0.727872 0.540547 -0.421914 0.15768 0.250617 0.782433 0.570079 0.0 0.0 0.0 0.0 1.0
LeftForeArm -0.063555 -0.99788 -0.014025 -0.0 0.997896 -0.063724 0.011974 0.247139 -0.012842 -0.013235 0.99983 0.0 0.0 0.0 0.0 1.0
LeftHand 0.942399 0.254266 0.217333 0.0 -0.195855 0.946168 -0.257695 0.217978 -0.271156 0.200286 0.941467 -0.0 0.0 0.0 0.0 1.0
LeftHandThumb1 0.756645 -0.525128 0.389524 -0.025822 0.60909 0.782711 -0.127955 0.022457 -0.237692 0.334071 0.912085 0.02233 0.0 0.0 0.0 1.0
LeftHandThumb2 0.917376 0.39517 -0.047564 5.85E-4 -0.397635 0.915186 -0.065732 0.032685 0.017555 0.079214 0.996703 -0.0 0.0 0.0 0.0 1.0
LeftHandThumb3 0.970271 0.241252 0.019285 -7.16E-4 -0.23827 0.938216 0.250954 0.043834 0.042449 -0.248088 0.967807 -0.0 0.0 0.0 0.0 1.0
LeftHandIndex1 0.998125 0.050831 -0.034107 -0.0 -0.059393 0.939061 -0.338581 0.117952 0.014818 0.339971 0.940319 1.1E-5 0.0 0.0 0.0 1.0
LeftHandIndex2 0.997354 0.068381 -0.02467 0.001025 -0.072569 0.916595 -0.393176 0.032736 -0.004274 0.393926 0.919132 0.0 0.0 0.0 0.0 1.0
LeftHandIndex3 0.981455 0.189985 -0.025533 0.001113 -0.18815 0.929243 -0.317974 0.033491 -0.036684 0.316881 0.947756 -0.0 0.0 0.0 0.0 1.0
RightShoulder 0.062004 -0.90921 0.411695 -0.076472 -0.123873 -0.41631 -0.900745 0.118876 0.990359 0.004852 -0.138439 2.89E-4 0.0 0.0 0.0 1.0
RightArm 0.890191 -0.018558 0.455209 0.0 0.323956 0.72832 -0.603824 0.15768 -0.320332 0.684986 0.654356 0.0 0.0 0.0 0.0 1.0
RightForeArm 0.773485 0.633793 0.005148 0.0 -0.633814 0.773448 0.007636 0.247142 8.58E-4 -0.009169 0.999958 -0.0 0.0 0.0 0.0 1.0
RightHand 0.744384 0.543326 -0.388187 0.0 0.4639 -0.002634 0.885884 0.218074 0.480301 -0.839518 -0.254009 -0.0 0.0 0.0 0.0 1.0
RightHandThumb1 0.775413 0.587941 -0.230345 0.023287 -0.578843 0.807601 0.112786 0.021062 0.252338 0.045878 0.966551 0.019311 0.0 0.0 0.0 1.0
RightHandThumb2 0.956408 -0.290992 -0.024664 -0.001964 0.289431 0.955747 -0.052705 0.029424 0.038909 0.043269 0.998306 -0.0 0.0 0.0 0.0 1.0
RightHandThumb3 0.996178 -0.08721 -0.0049 0.00227 0.085956 0.968781 0.232542 0.044601 -0.015533 -0.232074 0.972574 0.0 0.0 0.0 0.0 1.0
RightHandIndex1 0.994419 -0.097149 -0.041142 0.0 0.096015 0.994966 -0.02871 0.120379 0.043724 0.024599 0.998741 1.0E-6 0.0 0.0 0.0 1.0
RightHandIndex2 0.999998 5.84E-4 0.001872 -0.001048 -5.84E-4 1.0 5.3E-5 0.03546 -0.001872 -5.4E-5 0.999998 0.0 0.0 0.0 0.0 1.0
RightHandIndex3 0.990595 -0.136461 0.009984 -8.66E-4 0.136465 0.990645 2.88E-4 0.031268 -0.00993 0.001077 0.99995 0.0 0.0 0.0 0.0 1.0
LeftUpLeg -0.891225 0.412311 -0.188992 0.075351 -0.301426 -0.227064 0.926058 -0.050357 0.338911 0.882293 0.326647 0.016627 0.0 0.0 0.0 1.0
LeftLeg 0.991807 -0.124716 -0.027663 0.0 0.11895 0.822623 0.556006 0.445545 -0.046586 -0.554741 0.830718 0.0 0.0 0.0 0.0 1.0
LeftFoot 0.98821 0.13397 -0.074108 0.0 -0.151728 0.792266 -0.59101 0.412268 -0.020464 0.595287 0.803253 0.0 0.0 0.0 0.0 1.0
LeftToeBase 0.974398 0.139306 0.176472 0.0 0.007847 0.763365 -0.64592 0.212811 -0.224693 0.630768 0.742728 0.0 0.0 0.0 0.0 1.0
RightUpLeg -0.838196 -0.398538 -0.372283 -0.075351 0.121609 -0.802022 0.584784 -0.050357 -0.531638 0.444891 0.720717 0.020532 0.0 0.0 0.0 1.0
RightLeg 0.99005 0.119013 0.075075 0.0 -0.106953 0.28975 0.951108 0.446001 0.091441 -0.949674 0.299596 -0.0 0.0 0.0 0.0 1.0
RightFoot 0.981192 -0.187381 -0.046375 -0.0 0.087052 0.643954 -0.760095 0.411537 0.17229 0.741762 0.648155 -0.0 0.0 0.0 0.0 1.0
RightToeBase 0.9762 -0.13805 -0.167257 -0.0 0.016127 0.815303 -0.57881 0.209222 0.21627 0.562337 0.798126 0.0 0.0 0.0 0.0 1.0
Time 0.2
Hips 0.617086 -0.481165 -0.622644 0.107804 0.772466 0.219576 0.595888 0.378813 -0.150002 -0.848685 0.507181 -0.329727 0.0 0.0 0.0 1.0
Spine 0.995074 0.07386 -0.066123 0.0 -0.097099 0.591705 -0.800285 0.090471 -0.019984 0.802764 0.595962 0.001156 0.0 0.0 0.0 1.0
Spine1 0.996701 -0.072636 0.03621 0.0 0.078525 0.975816 -0.204 0.105558 -0.020517 0.20617 0.978301 0.0 0.0 0.0 0.0 1.0
Spine2 0.9961 -0.061174 0.063576 0.0 0.072939 0.976398 -0.203292 0.120638 -0.049639 0.207136 0.977052 -0.0 0.0 0.0 0.0 1.0
Neck 0.999175 -0.011375 -0.038999 0.0 0.008079 0.996463 -0.083643 0.135717 0.039812 0.083259 0.995732 -0.0 0.0 0.0 0.0 1.0
Head 0.879664 -0.13474 -0.456109 -0.0 0.083846 0.987944 -0.130143 0.058121 0.468146 0.076239 0.880356 0.015315 0.0 0.0 0.0 1.0
LeftShoulder 0.274967 0.812486 -0.514061 0.076472 0.240554 -0.575803 -0.781399 0.118875 -0.930874 0.0912 -0.353774 1.41E-4 0.0 0.0 0.0 1.0
LeftArm 0.628493 -0.089156 -0.772688 0.0 -0.367194 0.841734 -0.395793 0.15768 0.685685 0.53248 0.496287 0.0 0.0 0.0 0.0 1.0
LeftForeArm -0.14222 -0.989722 -0.014969 -0.0 0.989738 -0.142402 0.011876 0.247139 -0.013885 -0.013126 0.999817 0.0 0.0 0.0 0.0 1.0
LeftHand 0.977899 -0.057886 0.200907 -0.0 0.012848 0.975731 0.218594 0.217978 -0.208685 -0.211182 0.95491 -0.0 0.0 0.0 0.0 1.0
LeftHandThumb1 0.76764 -0.578973 0.274807 -0.025822 0.620222 0.779128 -0.091022 0.022457 -0.161411 0.240314 0.957181 0.02233 0.0 0.0 0.0 1.0
LeftHandThumb2 0.865479 0.49246 -0.091811 5.85E-4 -0.499005 0.863638 -0.071575 0.032685 0.044044 0.107761 0.993201 -0.0 0.0 0.0 0.0 1.0
LeftHandThumb3 0.96502 0.252577 0.070298 -7.16E-4 -0.262112 0.923451 0.280243 0.043834 0.005867 -0.288866 0.957352 0.0 0.0 0.0 0.0 1.0
LeftHandIndex1 0.997331 0.063953 -0.035221 -0.0 -0.07202 0.94095 -0.330795 0.117952 0.011986 0.332449 0.943045 1.1E-5 0.0 0.0 0.0 1.0
LeftHandIndex2 0.996216 0.08039 -0.033026 0.001025 -0.086531 0.882053 -0.463136 0.032736 -0.0081 0.464241 0.885672 0.0 0.0 0.0 0.0 1.0
LeftHandIndex3 0.979147 0.20062 -0.031973 0.001113 -0.197497 0.903159 -0.38118 0.033491 -0.047595 0.379546 0.923948 -0.0 0.0 0.0 0.0 1.0
RightShoulder 0.226083 -0.843584 0.487085 -0.076472 -0.073221 -0.513334 -0.855059 0.118876 0.971352 0.15765 -0.177825 2.89E-4 0.0 0.0 0.0 1.0
RightArm 0.837876 -0.011809 0.545733 0.0 0.252177 0.895056 -0.367806 0.15768 -0.484118 0.445797 0.752924 0.0 0.0 0.0 0.0 1.0
RightForeArm 0.770409 0.637528 0.005185 -0.0 -0.637549 0.770372 0.00768 0.247142 9.02E-4 -0.009223 0.999957 -0.0 0.0 0.0 0.0 1.0
RightHand 0.800807 0.490403 -0.343822 -0.0 0.403525 -0.017572 0.9148 0.218074 0.442579 -0.871318 -0.211962 -0.0 0.0 0.0 0.0 1.0
RightHandThumb1 0.883312 0.386352 -0.265505 0.023287 -0.373191 0.922294 0.10051 0.021062 0.283706 0.010302 0.958856 0.019311 0.0 0.0 0.0 1.0
RightHandThumb2 0.989361 -0.117071 -0.086364 -0.001964 0.113975 0.992679 -0.039969 0.029424 0.090411 0.0297 0.995462 -0.0 0.0 0.0 0.0 1.0
RightHandThumb3 0.961231 0.250138 0.116045 0.00227 -0.272607 0.92535 0.263462 0.044601 -0.04148 -0.284882 0.957665 0.0 0.0 0.0 0.0 1.0
RightHandIndex1 0.987765 -0.140056 -0.068591 0.0 0.14136 0.989852 0.014517 0.120379 0.065862 -0.024035 0.997539 1.0E-6 0.0 0.0 0.0 1.0
RightHandIndex2 0.999998 5.84E-4 0.001872 -0.001048 -5.84E-4 1.0 5.3E-5 0.03546 -0.001872 -5.4E-5 0.999998 0.0 0.0 0.0 0.0 1.0
RightHandIndex3 0.990595 -0.136461 0.009984 -8.66E-4 0.136465 0.990645 2.88E-4 0.031268 -0.00993 0.001077 0.99995 0.0 0.0 0.0 0.0 1.0
LeftUpLeg -0.865297 0.418069 -0.27655 0.075351 -0.338965 -0.081583 0.937255 -0.050357 0.369275 0.904745 0.212304 0.016627 0.0 0.0 0.0 1.0
LeftLeg 0.98663 -0.145688 0.073049 0.0 0.040396 0.652838 0.75642 0.445545 -0.15789 -0.743356 0.649995 -0.0 0.0 0.0 0.0 1.0
LeftFoot 0.979234 0.156926 -0.128355 0.0 -0.200833 0.664373 -0.719913 0.412268 -0.027698 0.730741 0.682092 0.0 0.0 0.0 0.0 1.0
LeftToeBase 0.974393 0.139314 0.176495 -0.0 0.007978 0.763021 -0.646325 0.212811 -0.224712 0.631182 0.74237 0.0 0.0 0.0 0.0 1.0
RightUpLeg -0.859706 -0.313693 -0.403117 -0.075351 -0.015454 -0.772867 0.634379 -0.050357 -0.510556 0.551609 0.659591 0.020532 0.0 0.0 0.0 1.0
RightLeg 0.977997 0.121614 0.169506 0.0 -0.16993 -0.006949 0.985432 0.446001 0.121021 -0.992553 0.01387 0.0 0.0 0.0 0.0 1.0
RightFoot 0.95745 -0.264194 0.116149 0.0 0.23858 0.498133 -0.833632 0.411537 0.162383 0.825872 0.539969 -0.0 0.0 0.0 0.0 1.0
RightToeBase 0.975456 -0.138913 -0.17085 -0.0 -0.003381 0.766357 -0.642405 0.209222 0.22017 0.627216 0.747078 0.0 0.0 0.0 0.0 1.0
Time 0.233333
Hips 0.613229 -0.601958 -0.511465 0.08387 0.788124 0.422813 0.447313 0.427637 -0.05301 -0.677404 0.733699 -0.383723 0.0 0.0 0.0 1.0
Spine 0.996727 -0.006583 -0.08057 0.0 -0.059031 0.621667 -0.781054 0.090471 0.055229 0.783254 0.619244 0.001156 0.0 0.0 0.0 1.0
Spine1 0.995262 -0.090426 0.035728 0.0 0.096095 0.97078 -0.21989 0.105558 -0.0148 0.222281 0.97487 0.0 0.0 0.0 0.0 1.0
Spine2 0.994974 -0.076971 0.064047 0.0 0.089265 0.971623 -0.219046 0.120638 -0.045369 0.223662 0.97361 0.0 0.0 0.0 0.0 1.0
Neck 0.999267 0.006257 -0.037769 0.0 -0.008562 0.998091 -0.061161 0.135717 0.037314 0.061439 0.997413 -0.0 0.0 0.0 0.0 1.0
Head 0.856106 -0.09409 -0.508163 0.0 0.107013 0.99425 -0.003807 0.058121 0.5056 -0.051121 0.861252 0.015315 0.0 0.0 0.0 1.0
LeftShoulder 0.217295 0.795018 -0.56633 0.076472 0.433054 -0.598487 -0.674001 0.118875 -0.874784 -0.098794 -0.474334 1.41E-4 0.0 0.0 0.0 1.0
LeftArm 0.557483 -0.3967 -0.729275 0.0 0.082062 0.900475 -0.427096 0.15768 0.826123 0.178253 0.534553 0.0 0.0 0.0 0.0 1.0
LeftForeArm -0.19178 -0.981315 -0.015563 0.0 0.98133 -0.19197 0.011775 0.247139 -0.014543 -0.013015 0.99981 0.0 0.0 0.0 0.0 1.0
LeftHand 0.97329 -0.22943 -0.00827 0.0 0.208429 0.867949 0.450801 0.217978 -0.09625 -0.440484 0.892586 -0.0 0.0 0.0 0.0 1.0
LeftHandThumb1 0.761592 -0.619819 0.189214 -0.025822 0.633377 0.773699 -0.014912 0.022457 -0.137152 0.131201 0.981823 0.02233 0.0 0.0 0.0 1.0
LeftHandThumb2 0.814755 0.562734 -0.139657 5.85E-4 -0.575648 0.813889 -0.07883 0.032685 0.069305 0.144621 0.987057 -0.0 0.0 0.0 0.0 1.0
LeftHandThumb3 0.956837 0.259654 0.13055 -7.16E-4 -0.28809 0.906622 0.308285 0.043834 -0.038312 -0.332589 0.942293 -0.0 0.0 0.0 0.0 1.0
LeftHandIndex1 0.996111 0.080129 -0.036637 0.0 -0.087787 0.938031 -0.335249 0.117952 0.007503 0.337161 0.941417 1.1E-5 0.0 0.0 0.0 1.0
LeftHandIndex2 0.996178 0.080746 -0.033297 0.001025 -0.086953 0.880909 -0.46523 0.032736 -0.008234 0.466347 0.884563 0.0 0.0 0.0 0.0 1.0
LeftHandIndex3 0.978958 0.201453 -0.032523 0.001113 -0.198215 0.900874 -0.386183 0.033491 -0.048499 0.384503 0.921849 -0.0 0.0 0.0 0.0 1.0
RightShoulder 0.402544 -0.784062 0.472446 -0.076472 -0.044295 -0.532187 -0.845467 0.118876 0.914328 0.31941 -0.248959 2.89E-4 0.0 0.0 0.0 1.0
RightArm 0.778038 -0.024641 0.627734 0.0 0.163575 0.972709 -0.164558 0.15768 -0.606548 0.230714 0.760835 0.0 0.0 0.0 0.0 1.0
RightForeArm 0.770429 0.637505 0.005185 0.0 -0.637526 0.770391 0.007681 0.247142 9.02E-4 -0.009223 0.999957 -0.0 0.0 0.0 0.0 1.0
RightHand 0.863962 0.408557 -0.294364 0.0 0.331726 -0.021976 0.94312 0.218074 0.378849 -0.912468 -0.154516 -0.0 0.0 0.0 0.0 1.0
RightHandThumb1 0.891945 0.335489 -0.30312 0.023287 -0.317087 0.942043 0.109596 0.021062 0.322321 -0.001638 0.946629 0.019311 0.0 0.0 0.0 1.0
RightHandThumb2 0.98887 -0.116952 -0.091975 -0.001964 0.113496 0.992652 -0.04196 0.029424 0.096206 0.031054 0.994877 0.0 0.0 0.0 0.0 1.0
RightHandThumb3 0.930962 0.331649 0.152708 0.00227 -0.362674 0.888272 0.281852 0.044601 -0.04217 -0.317777 0.947227 0.0 0.0 0.0 0.0 1.0
RightHandIndex1 0.981419 -0.170331 -0.088344 0.0 0.177131 0.981261 0.075841 0.120379 0.07377 -0.09008 0.993199 1.0E-6 0.0 0.0 0.0 1.0
RightHandIndex2 0.999998 5.84E-4 0.001872 -0.001048 -5.84E-4 1.0 5.3E-5 0.03546 -0.001872 -5.4E-5 0.999998 0.0 0.0 0.0 0.0 1.0
RightHandIndex3 0.990595 -0.136461 0.009984 -8.66E-4 0.136465 0.990645 2.88E-4 0.031268 -0.00993 0.001077 0.99995 0.0 0.0 0.0 0.0 1.0
LeftUpLeg -0.828026 0.425938 -0.364623 0.075351 -0.387728 0.034774 0.921118 -0.050357 0.405018 0.904084 0.136354 0.016627 0.0 0.0 0.0 1.0
LeftLeg 0.988113 -0.137164 0.069421 0.0 -0.00676 0.412367 0.910993 0.445545 -0.153583 -0.900633 0.406538 -0.0 0.0 0.0 0.0 1.0
LeftFoot 0.93529 0.227382 -0.271166 0.0 -0.342899 0.392866 -0.853274 0.412268 -0.087487 0.891041 0.445413 0.0 0.0 0.0 0.0 1.0
LeftToeBase 0.974849 0.138683 0.17446 0.0 -0.00385 0.793166 -0.608994 0.212811 -0.222832 0.593005 0.773751 0.0 0.0 0.0 0.0 1.0
RightUpLeg -0.869102 -0.180059 -0.460696 -0.075351 -0.155711 -0.78444 0.60034 -0.050357 -0.469485 0.593492 0.653721 0.020532 0.0 0.0 0.0 1.0
RightLeg 0.984969 0.125464 0.118719 0.0 -0.102637 -0.127692 0.986489 0.446001 0.138928 -0.983846 -0.112895 -0.0 0.0 0.0 0.0 1.0
RightFoot 0.982323 -0.132661 -0.132071 -0.0 -0.042111 0.530839 -0.846426 0.411537 0.182396 0.837025 0.515869 0.0 0.0 0.0 0.0 1.0
RightToeBase 0.965099 -0.145842 -0.217519 0.0 -0.086206 0.607381 -0.789719 0.209222 0.247291 0.780909 0.57361 0.0 0.0 0.0 0.0 1.0
Time 0.266667
Hips 0.634271 -0.682546 -0.363086 0.05484 0.772127 0.582941 0.252981 0.485571 0.038987 -0.440807 0.896755 -0.431563 0.0 0.0 0.0 1.0
Spine 0.990859 -0.083521 -0.10594 0.0 -0.031139 0.622493 -0.782006 0.090471 0.13126 0.778156 0.614202 0.001156 0.0 0.0 0.0 1.0
Spine1 0.994933 -0.094874 0.033287 0.0 0.100057 0.966829 -0.235013 0.105558 -0.009886 0.237153 0.971422 0.0 0.0 0.0 0.0 1.0
Spine2 0.995021 -0.079236 0.060448 0.0 0.091308 0.967866 -0.234304 0.120638 -0.039941 0.238657 0.970282 0.0 0.0 0.0 0.0 1.0
Neck 0.999197 0.025817 -0.030647 0.0 -0.026892 0.99902 -0.035168 0.135717 0.029709 0.035964 0.998911 -0.0 0.0 0.0 0.0 1.0
Head 0.866646 -0.060879 -0.495195 -0.0 0.147824 0.979294 0.138316 0.058121 0.476521 -0.193073 0.857701 0.015315 0.0 0.0 0.0 1.0
LeftShoulder 0.233649 0.791922 -0.564152 0.076472 0.536384 -0.588919 -0.604539 0.118875 -0.810987 -0.161352 -0.562375 1.41E-4 0.0 0.0 0.0 1.0
LeftArm 0.468727 -0.487781 -0.736454 0.0 0.340876 0.869017 -0.358627 0.15768 0.814922 -0.082941 0.573605 -0.0 0.0 0.0 0.0 1.0
LeftForeArm -0.250516 -0.967976 -0.016268 0.0 0.967991 -0.250716 0.011615 0.247139 -0.015322 -0.012838 0.9998 0.0 0.0 0.0 0.0 1.0
LeftHand 0.963575 -0.26659 -0.021284 0.0 0.240963 0.830909 0.501525 0.217978 -0.116016 -0.488385 0.864882 -0.0 0.0 0.0 0.0 1.0
LeftHandThumb1 0.757566 -0.629691 0.171999 -0.025822 0.635882 0.771429 0.023487 0.022457 -0.147475 0.091578 0.984817 0.02233 0.0 0.0 0.0 1.0
LeftHandThumb2 0.805644 0.566646 -0.172771 5.85E-4 -0.586002 0.805044 -0.092227 0.032685 0.086828 0.175546 0.980635 -0.0 0.0 0.0 0.0 1.0
LeftHandThumb3 0.955957 0.239301 0.169947 -7.16E-4 -0.283519 0.90265 0.323791 0.043834 -0.075919 -0.357714 0.93074 -0.0 0.0 0.0 0.0 1.0
LeftHandIndex1 0.995454 0.088112 -0.036153 0.0 -0.095124 0.938581 -0.331688 0.117952 0.004707 0.333619 0.942696 1.1E-5 0.0 0.0 0.0 1.0
LeftHandIndex2 0.996518 0.077461 -0.030858 0.001025 -0.083083 0.891185 -0.445966 0.032736 -0.007045 0.446977 0.894518 0.0 0.0 0.0 0.0 1.0
LeftHandIndex3 0.980242 0.195685 -0.028859 0.001113 -0.193206 0.91595 -0.35172 0.033491 -0.042394 0.350346 0.93566 -0.0 0.0 0.0 0.0 1.0
RightShoulder 0.557246 -0.752451 0.351133 -0.076472 -0.053486 -0.454524 -0.889127 0.118876 0.828623 0.476681 -0.293528 2.89E-4 0.0 0.0 0.0 1.0
RightArm 0.731222 -0.025261 0.681671 0.0 0.095917 0.993193 -0.066084 0.15768 -0.675362 0.113706 0.728668 -0.0 0.0 0.0 0.0 1.0
RightForeArm 0.757314 0.653029 0.005343 -0.0 -0.65305 0.757274 0.007867 0.247142 0.001092 -0.009447 0.999955 -0.0 0.0 0.0 0.0 1.0
RightHand 0.922027 0.296602 -0.248784 0.0 0.268111 -0.025675 0.963046 0.218074 0.279253 -0.954656 -0.103196 -0.0 0.0 0.0 0.0 1.0
RightHandThumb1 0.883171 0.336023 -0.327258 0.023287 -0.307463 0.941631 0.137101 0.021062 0.354226 -0.020464 0.934936 0.019311 0.0 0.0 0.0 1.0
RightHandThumb2 0.98877 -0.116932 -0.093065 -0.001964 0.113411 0.992648 -0.042279 0.029424 0.097325 0.031249 0.994762 0.0 0.0 0.0 0.0 1.0
RightHandThumb3 0.947284 0.286925 0.142573 0.00227 -0.31769 0.898866 0.301849 0.044601 -0.041546 -0.331231 0.942635 0.0 0.0 0.0 0.0 1.0
RightHandIndex1 0.981571 -0.165028 -0.096352 0.0 0.178585 0.971612 0.155167 0.120379 0.068009 -0.169515 0.983178 1.0E-6 0.0 0.0 0.0 1.0
RightHandIndex2 0.999998 5.85E-4 0.001872 -0.001048 -5.85E-4 1.0 5.3E-5 0.03546 -0.001872 -5.4E-5 0.999998 0.0 0.0 0.0 0.0 1.0
RightHandIndex3 0.990595 -0.136461 0.009984 -8.66E-4 0.136465 0.990645 2.88E-4 0.031268 -0.00993 0.001077 0.99995 0.0 0.0 0.0 0.0 1.0
LeftUpLeg -0.795882 0.449039 -0.406123 0.075351 -0.426371 0.060556 0.902519 -0.050357 0.42986 0.891458 0.143262 0.016627 0.0 0.0 0.0 1.0
LeftLeg 0.994737 -0.098338 0.028775 0.0 4.45E-4 0.28498 0.958533 0.445545 -0.102461 -0.953476 0.283524 0.0 0.0 0.0 0.0 1.0
LeftFoot 0.920625 0.232475 -0.313694 0.0 -0.364008 0.22041 -0.904941 0.412268 -0.141235 0.947299 0.287538 -0.0 0.0 0.0 0.0 1.0
LeftToeBase 0.97553 0.137905 0.171243 0.0 -0.02197 0.836085 -0.54816 0.212811 -0.218768 0.530985 0.818655 0.0 0.0 0.0 0.0 1.0
