Root_Bone_Name Hips
Num_Keyframes 31
Num_Bones 34
Time_Wrapping_Mode LOOP
Time 0.0
Hips 0.994576 -0.04787848 0.09233873 -0.007582999 0.005557751 0.9109523 0.4124748 0.03637797 -0.1038648 -0.4097246 0.9062769 0.257085 0.0 0.0 0.0 1.0
Spine 0.990736 0.02559609 -0.1333668 0.0 -0.1228494 0.5874883 -0.7998527 0.09047937 0.05787839 0.8088268 0.5851905 1.86265E-9 0.0 0.0 0.0 1.0
Spine1 0.997733 -0.051192 -0.0436742 0.0 0.038734 0.967643 -0.249332 0.1055582 0.05502482 0.2470751 0.9674329 -1.86265E-9 0.0 0.0 0.0 1.0
Spine2 0.998271 -0.05268045 -0.02607656 0.0 0.04449075 0.9670877 -0.2505231 0.120638 0.03841601 0.2489299 0.9677589 1.86265E-9 0.0 0.0 0.0 1.0
Neck 0.9997129 -0.02233099 0.008725245 2.27374E-13 0.02397287 0.9261714 -0.3763416 0.1357164 3.23009E-4 0.3764426 0.9264404 1.86265E-9 0.0 0.0 0.0 1.0
Head 0.992245 -0.09418784 0.08111295 -2.27374E-13 0.12138 0.874827 -0.4689832 0.06010497 -0.02678728 0.4751915 0.8794749 0.0 0.0 0.0 0.0 1.0
LeftShoulder 0.05105081 0.9738436 -0.2214093 0.07647202 0.1012062 -0.2256017 -0.9689488 0.1188749 -0.9935551 0.02705782 -0.1100762 1.40019E-4 0.0 0.0 0.0 1.0
LeftArm 0.8128632 0.531422 -0.2384207 0.0 -0.2241976 -0.09232664 -0.9701608 0.1576816 -0.5375775 0.8420605 0.04409461 1.19209E-7 0.0 0.0 0.0 1.0
LeftForeArm 0.8248193 -0.5653867 -0.00337627 0.0 0.5653963 0.8247916 0.006787319 0.2471371 -0.001052745 -0.007507242 0.9999711 1.19209E-7 0.0 0.0 0.0 1.0
LeftHand 0.9034625 -0.3667416 0.2219378 0.0 -0.2924764 -0.1488676 0.9446138 0.2179778 -0.3133897 -0.9183359 -0.2417593 -1.19209E-7 0.0 0.0 0.0 1.0
LeftHandThumb1 0.7877339 -0.5947305 0.1605331 -0.02564137 0.6115854 0.7862444 -0.08822023 0.01954621 -0.07375095 0.1676735 0.9830804 0.02510381 0.0 0.0 0.0 1.0
LeftHandThumb2 0.9689067 0.2393976 0.06251466 2.98023E-8 -0.2355232 0.9697957 -0.06344762 0.03269053 -0.07581583 0.0467512 0.996025 -1.19209E-7 0.0 0.0 0.0 1.0
LeftHandThumb3 0.9989829 0.02961227 0.0339934 -5.96046E-8 -0.03459283 0.987027 0.1567799 0.04383963 -0.02890971 -0.1577963 0.9870484 0.0 0.0 0.0 0.0 1.0
LeftHandIndex1 0.9958581 0.07412829 -0.052642 0.001385868 -0.0856719 0.9589375 -0.2703658 0.1168601 0.03043862 0.2737557 0.9613174 0.01595199 0.0 0.0 0.0 1.0
LeftHandIndex2 0.9999983 -1.01333E-4 -0.001957521 5.58794E-9 9.97544E-5 0.9999998 -8.20957E-4 0.03275168 0.001957633 8.20737E-4 0.9999979 0.0 0.0 0.0 0.0 1.0
LeftHandIndex3 0.99176 0.1280383 -0.004285365 3.72529E-9 -0.1255846 0.9782748 0.1649454 0.03350973 0.02531156 -0.163048 0.9862939 -1.19209E-7 0.0 0.0 0.0 1.0
RightShoulder 0.003019848 -0.9828877 0.1841827 -0.07647199 -0.009989348 -0.1842041 -0.9828374 0.1188759 0.9999451 0.001128102 -0.01037467 2.88017E-4 0.0 0.0 0.0 1.0
RightArm 0.8603381 -0.4819944 0.1658319 -1.86265E-9 0.2489399 0.1134164 -0.9618562 0.1576796 0.4448011 0.8688019 0.2175643 0.0 0.0 0.0 0.0 1.0
RightForeArm 0.7477795 0.6639242 0.005465881 0.0 -0.6639459 0.7477373 0.00798792 0.2471428 0.001216333 -0.009602245 0.9999524 0.0 0.0 0.0 0.0 1.0
RightHand 0.6117996 0.5953209 -0.5208598 -3.72529E-9 0.5568022 0.143595 0.8181394 0.2180717 0.5618486 -0.7905534 -0.2436243 1.19209E-7 0.0 0.0 0.0 1.0
RightHandThumb1 0.7974989 0.599021 -0.0718992 0.02317732 -0.6033121 0.7924489 -0.08966029 0.01995265 0.003267989 0.1148815 0.9933746 0.02057874 0.0 0.0 0.0 1.0
RightHandThumb2 0.9332608 -0.276959 -0.2287326 0.0 0.2632741 0.9606116 -0.08895412 0.02949172 0.2443602 0.02279815 0.9694153 0.0 0.0 0.0 0.0 1.0
RightHandThumb3 0.9934247 -0.1075916 -0.03912988 0.0 0.1095812 0.9925715 0.05285615 0.0446583 0.03315239 -0.05679652 0.9978358 0.0 0.0 0.0 0.0 1.0
RightHandIndex1 0.9919541 -0.09570238 0.08287325 -0.005173993 0.1119892 0.9686185 -0.2218953 0.1195496 -0.05903663 0.2293911 0.9715421 0.01312101 0.0 0.0 0.0 1.0
RightHandIndex2 0.9999949 0.002437779 -0.001995437 -1.49012E-8 -0.002438053 0.999997 -1.27405E-4 0.03547543 0.001995116 1.32263E-4 0.9999973 1.19209E-7 0.0 0.0 0.0 1.0
RightHandIndex3 0.9916776 -0.1286966 0.003535114 2.23517E-8 0.1236627 0.9598097 0.251938 0.03128028 -0.03581657 -0.249404 0.9677372 -1.19209E-7 0.0 0.0 0.0 1.0
LeftUpLeg -0.5898466 0.8065358 0.03968955 0.07535113 -0.3217149 -0.2798 0.9045664 -0.05014086 0.740668 0.5207797 0.4245361 0.01726812 0.0 0.0 0.0 1.0
LeftLeg 0.9975304 -0.06511275 0.02636875 -7.45058E-9 0.0444474 0.875662 0.4808688 0.4455441 -0.05440088 -0.4785042 0.876401 3.72529E-9 0.0 0.0 0.0 1.0
LeftFoot 0.9991103 0.008200232 0.04137017 0.0 0.01118635 0.8942719 -0.4473997 0.4122687 -0.04066498 0.4474751 0.8933629 0.0 0.0 0.0 0.0 1.0
LeftToeBase 0.9987301 4.05572E-5 0.05037903 0.0 -1.67884E-4 0.9999974 0.002523035 0.2128072 -0.05037873 -0.00252831 0.9987276 -7.45058E-9 0.0 0.0 0.0 1.0
RightUpLeg -0.7042264 -0.7091877 -0.03335842 -0.07535101 0.4293882 -0.462864 0.7754924 -0.05009097 -0.5654132 0.5317996 0.6304903 0.02117292 0.0 0.0 0.0 1.0
RightLeg 0.9803242 0.07456711 0.1827648 0.0 -0.1317312 0.9366935 0.3244223 0.4460003 -0.1470031 -0.3421137 0.9280903 -7.45058E-9 0.0 0.0 0.0 1.0
RightFoot 0.9480689 0.1052917 0.3001289 0.0 0.2472488 0.3496083 -0.9036849 0.4115375 -0.2000774 0.9309597 0.305421 3.72529E-9 0.0 0.0 0.0 1.0
RightToeBase 0.9990972 -0.001322554 -0.04246303 0.0 0.004173143 0.9977371 0.06711328 0.2092205 0.04227818 -0.06723008 0.9968411 7.45058E-9 0.0 0.0 0.0 1.0
Time 0.033333
Hips 0.9883369 -0.0938253 -0.1199464 0.036307 0.1367328 0.8935047 0.4277296 0.05719496 0.06704087 -0.4391418 0.8959125 0.2598661 0.0 0.0 0.0 1.0
Spine 0.9877211 0.1165071 -0.1040808 0.0 -0.1503688 0.5282608 -0.8356602 0.09047937 -0.0423786 0.8410501 0.5392934 1.86265E-9 0.0 0.0 0.0 1.0
Spine1 0.999003 -0.04100883 -0.01766402 0.0 0.03553816 0.969752 -0.2414908 0.1055582 0.02703299 0.2406222 0.9702421 -1.86265E-9 0.0 0.0 0.0 1.0
Spine2 0.9992179 -0.03954103 2.69114E-4 0.0 0.03843595 0.9696478 -0.2414639 0.120638 0.009286788 0.2412852 0.9704101 1.86265E-9 0.0 0.0 0.0 1.0
Neck 0.9989569 -0.04554749 0.003083787 2.27374E-13 0.04346529 0.9282853 -0.3693195 0.1357164 0.01395893 0.3690682 0.9292978 1.86265E-9 0.0 0.0 0.0 1.0
Head 0.96996 -0.2427869 0.01521969 -2.27374E-13 0.2266455 0.8792011 -0.4190903 0.06010497 0.08836852 0.4099503 0.9078166 0.0 0.0 0.0 0.0 1.0
LeftShoulder 0.1438307 0.958838 -0.2448326 0.07647199 0.0962901 -0.2597911 -0.9608521 0.1188749 -0.9849075 0.1146252 -0.1296924 1.40004E-4 0.0 0.0 0.0 1.0
LeftArm 0.7180001 0.5406531 -0.4383717 0.0 -0.4044647 -0.1884798 -0.8949213 0.1576816 -0.5664663 0.8198586 0.08334658 1.19209E-7 0.0 0.0 0.0 1.0
LeftForeArm 0.7532902 -0.6576746 -0.004234729 0.0 0.6576857 0.7532511 0.007893566 0.2471371 -0.002001584 -0.008731253 0.9999603 1.19209E-7 0.0 0.0 0.0 1.0
LeftHand 0.7400604 -0.6069031 0.2897928 0.0 -0.2824545 0.1105722 0.9528863 0.2179778 -0.6103525 -0.7870475 -0.08959233 -1.19209E-7 0.0 0.0 0.0 1.0
LeftHandThumb1 0.7484049 -0.6418762 -0.1669885 -0.02564125 0.5663865 0.7495295 -0.3426538 0.01954615 0.3451042 0.1618636 0.9245018 0.02510357 0.0 0.0 0.0 1.0
LeftHandThumb2 0.9560615 0.2896626 0.04519735 2.98023E-8 -0.2863258 0.9556987 -0.06825423 0.03269053 -0.06296588 0.05231413 0.9966435 -1.19209E-7 0.0 0.0 0.0 1.0
LeftHandThumb3 0.9956804 -0.06999969 0.06100577 -5.96046E-8 0.05731381 0.9802392 0.1893307 0.04383963 -0.07305332 -0.1850162 0.9800166 0.0 0.0 0.0 0.0 1.0
LeftHandIndex1 0.99649 0.06335177 -0.05470881 0.001385823 -0.07587898 0.9596193 -0.2708738 0.1168601 0.03533927 0.2740742 0.9610595 0.01595199 0.0 0.0 0.0 1.0
LeftHandIndex2 0.9999668 0.007900995 -0.002086103 5.58794E-9 -0.007974086 0.999256 -0.03774086 0.03275168 0.001786396 0.03775622 0.9992858 0.0 0.0 0.0 0.0 1.0
LeftHandIndex3 0.9915895 0.1293584 -0.004063964 3.72529E-9 -0.1270764 0.9790884 0.1588627 0.03350973 0.02452919 -0.1570101 0.9872922 -1.19209E-7 0.0 0.0 0.0 1.0
RightShoulder -0.01867939 -0.9788288 0.2038261 -0.07647202 -0.05914473 -0.2024229 -0.9775106 0.1188759 0.9980747 -0.03031458 -0.05411143 2.88E-4 0.0 0.0 0.0 1.0
RightArm 0.8702032 -0.4188405 0.259461 -1.86265E-9 0.3462709 0.1452899 -0.9268164 0.1576796 0.3504909 0.8963615 0.2714639 0.0 0.0 0.0 0.0 1.0
RightForeArm 0.725637 0.6880537 0.005732193 0.0 -0.6880762 0.7255906 0.008278679 0.2471428 0.001536958 -0.009951502 0.9999484 0.0 0.0 0.0 0.0 1.0
RightHand 0.577863 0.6416693 -0.5043172 -3.72529E-9 0.5578516 0.140495 0.8179625 0.2180717 0.5957153 -0.7540052 -0.2767688 1.19209E-7 0.0 0.0 0.0 1.0
RightHandThumb1 0.7966924 0.6000553 -0.07221138 0.02317728 -0.6043748 0.791659 -0.08948001 0.0199526 0.003473841 0.1149308 0.9933674 0.02057886 0.0 0.0 0.0 1.0
RightHandThumb2 0.9320662 -0.2818415 -0.2276368 0.0 0.2680676 0.9591897 -0.08997917 0.02949172 0.2437071 0.02284467 0.969579 0.0 0.0 0.0 0.0 1.0
RightHandThumb3 0.9942852 -0.09973631 -0.03806946 0.0 0.1017501 0.9932749 0.05523917 0.0446583 0.03230413 -0.05879706 0.9977478 0.0 0.0 0.0 0.0 1.0
RightHandIndex1 0.9920685 -0.09510346 0.08218524 -0.005174006 0.1108163 0.9703499 -0.214806 0.1195496 -0.05931963 0.2222101 0.9731922 0.01312101 0.0 0.0 0.0 1.0
RightHandIndex2 0.9999977 -9.12592E-4 -0.001990102 -1.49012E-8 8.73725E-4 0.9998105 -0.01943291 0.03547543 0.002007447 0.01943113 0.9998086 1.19209E-7 0.0 0.0 0.0 1.0
RightHandIndex3 0.9919389 -0.1266476 0.00407315 2.23517E-8 0.1210906 0.9569044 0.2639512 0.03128028 -0.0373264 -0.2613302 0.9645275 -1.19209E-7 0.0 0.0 0.0 1.0
LeftUpLeg -0.6967036 0.7160444 -0.04328326 0.07535107 -0.2710069 -0.2068692 0.9401037 -0.0501408 0.6642044 0.666698 0.3381991 0.01726818 0.0 0.0 0.0 1.0
LeftLeg 0.9996467 -0.01310631 0.02316227 -7.45058E-9 -0.006423725 0.7257522 0.6879255 0.4455441 -0.02582626 -0.6878161 0.7254261 3.72529E-9 0.0 0.0 0.0 1.0
LeftFoot 0.9975619 0.06597877 0.02275239 0.0 -0.03880246 0.7953051 -0.6049683 0.4122687 -0.05801025 0.6026193 0.795914 0.0 0.0 0.0 0.0 1.0
LeftToeBase 0.9986986 -1.91102E-4 0.05098343 0.0 8.11256E-4 0.9999261 -0.01214364 0.2128072 -0.05097724 0.01216927 0.9986266 -7.45058E-9 0.0 0.0 0.0 1.0
RightUpLeg -0.7377219 -0.6512133 -0.1779946 -0.07535107 0.3812253 -0.6194443 0.6862653 -0.05009103 -0.5571658 0.4384181 0.7052503 0.02117286 0.0 0.0 0.0 1.0
RightLeg 0.9703833 0.1482572 0.1907245 0.0 -0.2096156 0.9091992 0.3597449 0.4460003 -0.1200716 -0.3890678 0.9133527 -7.45058E-9 0.0 0.0 0.0 1.0
RightFoot 0.9637797 0.02430392 0.2655885 0.0 0.2286291 0.4374496 -0.8696946 0.4115375 -0.1373184 0.8989133 0.4160498 3.72529E-9 0.0 0.0 0.0 1.0
RightToeBase 0.9987891 0.001510808 -0.04917723 0.0 -0.006054332 0.9957042 -0.09237346 0.2092205 0.04882645 0.0925591 0.9945103 7.45058E-9 0.0 0.0 0.0 1.0
Time 0.06666696
Hips 0.9377621 -0.1299331 -0.3220539 0.07807 0.2498386 0.8965433 0.3657737 0.09285194 0.2412089 -0.4234703 0.8732076 0.267801 0.0 0.0 0.0 1.0
Spine 0.983041 0.1675751 -0.07449336 0.0 -0.1481609 0.4863574 -0.861106 0.09047937 -0.1080697 0.8575394 0.5029374 1.86265E-9 0.0 0.0 0.0 1.0
Spine1 0.999518 -0.03026363 0.006875188 0.0 0.03103438 0.9736217 -0.2260478 0.1055582 1.47191E-4 0.2261523 0.974092 -1.86265E-9 0.0 0.0 0.0 1.0
Spine2 0.999375 -0.0258618 0.02410595 0.0 0.030635 0.9738031 -0.2253202 0.120638 -0.01764726 0.225918 0.9739861 1.86265E-9 0.0 0.0 0.0 1.0
Neck 0.998367 -0.05693949 -0.004508319 2.27374E-13 0.05132391 0.9289363 -0.3666646 0.1357164 0.02506563 0.3658346 0.9303422 1.86265E-9 0.0 0.0 0.0 1.0
Head 0.945057 -0.3220796 -0.05596669 -2.27374E-13 0.2737233 0.8732264 -0.4031764 0.06010497 0.1787265 0.3657052 0.9134095 0.0 0.0 0.0 0.0 1.0
LeftShoulder 0.2744331 0.9248345 -0.2633772 0.07647203 0.07446861 -0.2935102 -0.9530513 0.118875 -0.9587187 0.2419355 -0.1494201 1.40004E-4 0.0 0.0 0.0 1.0
LeftArm 0.7055253 0.5382883 -0.4609556 0.0 -0.4161005 -0.211874 -0.8842912 0.1576816 -0.5736681 0.8156924 0.07449954 1.19209E-7 0.0 0.0 0.0 1.0
LeftForeArm 0.6969227 -0.7171289 -0.004911382 0.0 0.7171406 0.6968749 0.00860687 0.2471371 -0.002749603 -0.009520449 0.9999512 1.19209E-7 0.0 0.0 0.0 1.0
LeftHand 0.7650748 -0.4726977 0.4372843 0.0 -0.2367339 0.4250506 0.8736649 0.2179778 -0.5988461 -0.7719398 0.2132918 -1.19209E-7 0.0 0.0 0.0 1.0
LeftHandThumb1 0.7609403 -0.6434616 -0.08322752 -0.02564115 0.5891743 0.7390004 -0.3267286 0.01954603 0.2717426 0.1995853 0.9414467 0.02510357 0.0 0.0 0.0 1.0
LeftHandThumb2 0.9420356 0.3338439 0.03343045 2.98023E-8 -0.3308523 0.9408758 -0.07272696 0.03269053 -0.05573353 0.0574508 0.9967917 -1.19209E-7 0.0 0.0 0.0 1.0
LeftHandThumb3 0.99804 -0.01147411 0.06151424 -5.96046E-8 -4.29526E-5 0.9829186 0.1840395 0.04383963 -0.0625751 -0.1836813 0.9809925 0.0 0.0 0.0 0.0 1.0
LeftHandIndex1 0.9977305 0.0471172 -0.0480907 0.001385823 -0.05463593 0.9840285 -0.1694149 0.11686 0.03934022 0.1716577 0.9843716 0.01595187 0.0 0.0 0.0 1.0
LeftHandIndex2 0.999961 0.008573179 -0.002110213 5.58794E-9 -0.008652153 0.9991281 -0.04084283 0.03275168 0.001758263 0.04085947 0.9991633 0.0 0.0 0.0 0.0 1.0
LeftHandIndex3 0.991541 0.129728 -0.00400389 3.72529E-9 -0.1274929 0.97931 0.1571563 0.03350973 0.02430858 -0.1553165 0.9875659 -1.19209E-7 0.0 0.0 0.0 1.0
RightShoulder -0.06937832 -0.9703567 0.2315047 -0.07647205 -0.1099564 -0.2232116 -0.968549 0.118876 0.9915122 -0.09265171 -0.09121086 2.88015E-4 0.0 0.0 0.0 1.0
RightArm 0.8976197 -0.3157364 0.3075557 -1.86265E-9 0.3853687 0.2234838 -0.8952914 0.1576796 0.2139425 0.9221517 0.3222783 0.0 0.0 0.0 0.0 1.0
RightForeArm 0.734867 0.6781877 0.005621357 0.0 -0.6782098 0.7348225 0.008159511 0.2471428 0.001402982 -0.009808619 0.9999504 0.0 0.0 0.0 0.0 1.0
RightHand 0.5812599 0.6642799 -0.4699674 -3.72529E-9 0.5559677 0.09751793 0.8254635 0.2180717 0.5941688 -0.741096 -0.3126348 1.19209E-7 0.0 0.0 0.0 1.0
RightHandThumb1 0.7965356 0.5998185 -0.07581275 0.02317738 -0.6045474 0.7916939 -0.08798778 0.01995265 0.007243741 0.1159177 0.993233 0.02057898 0.0 0.0 0.0 1.0
RightHandThumb2 0.9329021 -0.2782156 -0.2286691 0.0 0.2644951 0.9602484 -0.08924752 0.02949172 0.2444097 0.02277753 0.9694033 0.0 0.0 0.0 0.0 1.0
RightHandThumb3 0.9933253 -0.1084483 -0.03928576 0.0 0.1104612 0.9924491 0.05331486 0.0446583 0.03320732 -0.05729854 0.9978048 0.0 0.0 0.0 0.0 1.0
RightHandIndex1 0.9921084 -0.09491277 0.0819293 -0.005173988 0.1104114 0.9709784 -0.2121572 0.1195497 -0.05941517 0.2195291 0.9737947 0.01312077 0.0 0.0 0.0 1.0
RightHandIndex2 0.9999955 -0.002317172 -0.001968071 -1.49012E-8 0.002262101 0.9996178 -0.02752931 0.03547543 0.002031103 0.02752474 0.9996184 1.19209E-7 0.0 0.0 0.0 1.0
RightHandIndex3 0.9920772 -0.1255516 0.004372068 2.23517E-8 0.1197036 0.9552846 0.270375 0.03128028 -0.03812253 -0.2677095 0.9627454 -1.19209E-7 0.0 0.0 0.0 1.0
LeftUpLeg -0.8133371 0.5780571 -0.06571476 0.07535101 -0.2351731 -0.2233638 0.9459589 -0.0501408 0.5321512 0.7848296 0.3176326 0.01726824 0.0 0.0 0.0 1.0
LeftLeg 0.9998712 -0.0110605 -0.01160644 -7.45058E-9 0.01603098 0.6999508 0.7140118 0.4455441 2.26611E-4 -0.7140892 0.7000546 3.72529E-9 0.0 0.0 0.0 1.0
LeftFoot 0.998113 0.05870435 0.01800783 0.0 -0.03037084 0.726856 -0.6861172 0.4122687 -0.05336723 0.6842835 0.7272588 0.0 0.0 0.0 0.0 1.0
LeftToeBase 0.9987225 -1.31726E-5 0.05051457 0.0 5.305E-5 1.0 -7.87944E-4 0.2128072 -0.05051449 7.89642E-4 0.9987233 -7.45058E-9 0.0 0.0 0.0 1.0
RightUpLeg -0.7492962 -0.5847625 -0.3108115 -0.07535101 0.3441353 -0.7448209 0.5716773 -0.05009097 -0.5657979 0.3213956 0.7593417 0.02117292 0.0 0.0 0.0 1.0
RightLeg 0.9810988 0.1703871 0.09172745 0.0 -0.1934517 0.8751728 0.4434485 0.4460003 -0.004719477 -0.4528093 0.8915964 -7.45058E-9 0.0 0.0 0.0 1.0
RightFoot 0.9912964 -0.1303959 0.01811529 0.0 0.08213219 0.5050222 -0.8591905 0.4115375 0.1028863 0.8531989 0.5113371 3.72529E-9 0.0 0.0 0.0 1.0
RightToeBase 0.9985866 0.002611606 -0.05308351 0.0 -0.01216022 0.9835225 -0.1803663 0.2092205 0.05173777 0.1807561 0.982168 7.45058E-9 0.0 0.0 0.0 1.0
Time 0.1
Hips 0.851437 -0.1754429 -0.4942418 0.110775 0.3161752 0.92359 0.2168288 0.144883 0.4184358 -0.3408832 0.8418492 0.281538 0.0 0.0 0.0 1.0
Spine 0.982051 0.1796001 -0.05762108 0.0 -0.1383499 0.4782517 -0.8672562 0.09047937 -0.1282022 0.859661 0.4945153 1.86265E-9 0.0 0.0 0.0 1.0
Spine1 0.999363 -0.02518909 0.02527703 0.0 0.02987093 0.9780169 -0.2063752 0.1055582 -0.01952297 0.2069989 0.978146 -1.86265E-9 0.0 0.0 0.0 1.0
Spine2 0.998923 -0.01822583 0.04266336 0.0 0.02662782 0.9782862 -0.2055413 0.120638 -0.03799079 0.2064559 0.9777184 1.86265E-9 0.0 0.0 0.0 1.0
Neck 0.998413 -0.05465207 -0.01356699 2.27374E-13 0.04588908 0.9292999 -0.3664655 0.1357164 0.03263586 0.3652615 0.930333 1.86265E-9 0.0 0.0 0.0 1.0
Head 0.936209 -0.3244286 -0.135126 -2.27374E-13 0.2511382 0.8865441 -0.3885471 0.06010497 0.2458509 0.3298256 0.9114676 0.0 0.0 0.0 0.0 1.0
LeftShoulder 0.4047591 0.8584231 -0.3150871 0.07647198 0.02792437 -0.3560171 -0.9340623 0.1188749 -0.9139977 0.3692713 -0.1680721 1.40004E-4 0.0 0.0 0.0 1.0
LeftArm 0.5855138 0.5621861 -0.5840557 0.0 -0.6395067 -0.1224538 -0.7589712 0.1576816 -0.498203 0.8178948 0.2878231 1.19209E-7 0.0 0.0 0.0 1.0
LeftForeArm 0.3361377 -0.941767 -0.009239344 0.0 0.9417831 0.3360321 0.01129889 0.2471371 -0.007536206 -0.01249942 0.9998941 1.19209E-7 0.0 0.0 0.0 1.0
LeftHand 0.9158467 0.02580795 0.4006978 0.0 -0.2694693 0.7793308 0.5657117 0.2179778 -0.2976763 -0.6260813 0.7207018 -1.19209E-7 0.0 0.0 0.0 1.0
LeftHandThumb1 0.784538 -0.5878628 0.1972771 -0.02564132 0.6200398 0.7474247 -0.2385535 0.01954603 -0.007213027 0.3094736 0.9508813 0.02510369 0.0 0.0 0.0 1.0
LeftHandThumb2 0.9400192 0.3392982 0.03523692 2.98023E-8 -0.3360786 0.9388621 -0.0747602 0.03269053 -0.05844875 0.05843359 0.996578 -1.19209E-7 0.0 0.0 0.0 1.0
LeftHandThumb3 0.9920949 0.1192019 0.03922836 -5.96046E-8 -0.1238703 0.9802822 0.1539587 0.04383963 -0.0201026 -0.1576008 0.9872987 0.0 0.0 0.0 0.0 1.0
LeftHandIndex1 0.9943987 0.08220107 -0.06643931 0.00138586 -0.1024974 0.9034063 -0.4163531 0.1168601 0.02579702 0.4208306 0.906772 0.01595175 0.0 0.0 0.0 1.0
LeftHandIndex2 0.9997495 0.02219796 -0.00305371 5.58794E-9 -0.02239493 0.9943573 -0.1036929 0.03275168 7.34739E-4 0.1037352 0.9946049 0.0 0.0 0.0 0.0 1.0
LeftHandIndex3 0.989566 0.1440647 -0.002164379 3.72529E-9 -0.1432722 0.9854905 0.09100871 0.03350973 0.01524411 -0.08974902 0.9958478 -1.19209E-7 0.0 0.0 0.0 1.0
RightShoulder -0.09536107 -0.9577734 0.2712485 -0.07647204 -0.1472419 -0.2559209 -0.9554191 0.1188759 0.9844933 -0.1310487 -0.1166195 2.88015E-4 0.0 0.0 0.0 1.0
RightArm 0.9223186 -0.1912114 0.3358106 -1.86265E-9 0.3838869 0.3537666 -0.8529252 0.1576796 0.04429043 0.9155794 0.399689 0.0 0.0 0.0 0.0 1.0
RightForeArm 0.7578645 0.6523903 0.005344289 0.0 -0.6524116 0.7578242 0.007848967 0.2471428 0.001070578 -0.009435128 0.9999544 0.0 0.0 0.0 0.0 1.0
RightHand 0.6132601 0.6638926 -0.4279709 -3.72529E-9 0.5566377 0.02117775 0.8304855 0.2180717 0.5604163 -0.7475289 -0.35656 1.19209E-7 0.0 0.0 0.0 1.0
RightHandThumb1 0.7977972 0.598304 -0.07450841 0.02317726 -0.6028952 0.7928863 -0.08858862 0.0199526 0.006073754 0.1155963 0.9932786 0.02057886 0.0 0.0 0.0 1.0
RightHandThumb2 0.9353107 -0.2686732 -0.2302368 0.0 0.2551721 0.9629635 -0.08711618 0.02949172 0.2451157 0.02273089 0.9692265 0.0 0.0 0.0 0.0 1.0
RightHandThumb3 0.9910761 -0.1266187 -0.04165968 0.0 0.1285463 0.9905701 0.04739296 0.0446583 0.03526603 -0.05232528 0.9980071 0.0 0.0 0.0 0.0 1.0
RightHandIndex1 0.9921523 -0.09469363 0.08164537 -0.005173973 0.1099547 0.9716697 -0.20921 0.1195498 -0.05952147 0.216546 0.9744555 0.01312089 0.0 0.0 0.0 1.0
RightHandIndex2 0.9999922 -0.003399595 -0.001943573 -1.49012E-8 0.003332032 0.9994236 -0.03376428 0.03547543 0.002057217 0.03375756 0.9994274 1.19209E-7 0.0 0.0 0.0 1.0
RightHandIndex3 0.9920992 -0.1253781 0.004419558 2.23517E-8 0.1194837 0.9550232 0.271392 0.03128028 -0.03824743 -0.2687195 0.9624587 -1.19209E-7 0.0 0.0 0.0 1.0
LeftUpLeg -0.8890973 0.4491378 -0.08815507 0.07535104 -0.2334399 -0.2793043 0.931412 -0.05014086 0.3937273 0.8486841 0.3531961 0.01726818 0.0 0.0 0.0 1.0
LeftLeg 0.9957295 -0.05237522 -0.07601355 -7.45058E-9 0.0876012 0.795782 0.5992101 0.4455441 0.02910641 -0.6032994 0.7969869 3.72529E-9 0.0 0.0 0.0 1.0
LeftFoot 0.9985563 0.05269517 0.01042336 0.0 -0.03517852 0.7881752 -0.6144467 0.4122687 -0.04059384 0.6132021 0.788879 0.0 0.0 0.0 0.0 1.0
LeftToeBase 0.9987444 1.55143E-4 0.05008704 0.0 -6.3817E-4 0.9999537 0.009627879 0.2128072 -0.05008318 -0.009647787 0.9986988 -7.45058E-9 0.0 0.0 0.0 1.0
RightUpLeg -0.7725354 -0.5447348 -0.3262648 -0.07535101 0.3254867 -0.7809164 0.5331325 -0.05009103 -0.5452046 0.3056701 0.7806032 0.02117286 0.0 0.0 0.0 1.0
RightLeg 0.9851848 0.1402718 0.09866633 0.0 -0.1699983 0.7228603 0.6697555 0.4460003 0.02262584 -0.6765994 0.7360037 -7.45058E-9 0.0 0.0 0.0 1.0
RightFoot 0.9783865 -0.1759758 -0.1085965 0.0 -0.01510973 0.4629189 -0.8862723 0.4115375 0.206234 0.8687554 0.4502554 3.72529E-9 0.0 0.0 0.0 1.0
RightToeBase 0.998746 0.001781916 -0.05002448 0.0 -0.007368971 0.9937103 -0.1117258 0.2092205 0.04951073 0.1119541 0.9924806 7.45058E-9 0.0 0.0 0.0 1.0
Time 0.133333
Hips 0.7495112 -0.2496261 -0.6131225 0.127643 0.3141367 0.9493743 -0.002511081 0.20781 0.5827099 -0.1907225 0.7899831 0.303728 0.0 0.0 0.0 1.0
Spine 0.984642 0.1654481 -0.05573879 0.0 -0.1331416 0.5050914 -0.8527338 0.09047937 -0.1129301 0.8470594 0.5193619 1.86265E-9 0.0 0.0 0.0 1.0
Spine1 0.998907 -0.03165812 0.03438012 0.0 0.03769888 0.9805969 -0.192373 0.1055582 -0.02762289 0.1934589 0.980719 -1.86265E-9 0.0 0.0 0.0 1.0
Spine2 0.998259 -0.02285966 0.05436983 0.0 0.03290588 0.9808903 -0.1917565 0.120638 -0.04894736 0.1932117 0.9799353 1.86265E-9 0.0 0.0 0.0 1.0
Neck 0.998771 -0.04429364 -0.02221797 2.27374E-13 0.03321392 0.9311208 -0.3631979 0.1357164 0.03677491 0.3620139 0.9314471 1.86265E-9 0.0 0.0 0.0 1.0
Head 0.9313109 -0.2883116 -0.2225669 -2.27374E-13 0.2028361 0.9180906 -0.3405394 0.06010497 0.302518 0.2720034 0.9135082 0.0 0.0 0.0 0.0 1.0
LeftShoulder 0.4489859 0.8055964 -0.386558 0.076472 -0.005356373 -0.4301803 -0.9027274 0.1188749 -0.8935239 0.4073822 -0.1888296 1.39989E-4 0.0 0.0 0.0 1.0
LeftArm 0.5857596 0.4898904 -0.645673 0.0 -0.7943588 0.1888833 -0.5773368 0.1576816 -0.1608749 0.8510759 0.4997888 1.19209E-7 0.0 0.0 0.0 1.0
LeftForeArm 0.2062607 -0.9784374 -0.01079663 0.0 0.9784537 0.2061345 0.01173825 0.2471371 -0.0092596 -0.01298512 0.9998732 1.19209E-7 0.0 0.0 0.0 1.0
LeftHand 0.9803833 0.1565375 0.1197692 0.0 -0.1508038 0.9870004 -0.05558114 0.2179778 -0.1269128 0.03642919 0.9912438 -1.19209E-7 0.0 0.0 0.0 1.0
LeftHandThumb1 0.7763904 -0.5057264 0.3761106 -0.02564137 0.6084685 0.7569979 -0.23816 0.01954609 -0.1642712 0.413756 0.8954448 0.02510369 0.0 0.0 0.0 1.0
LeftHandThumb2 0.9458455 0.3219797 0.04129291 2.98023E-8 -0.3184099 0.9449798 -0.07501981 0.03269053 -0.06317595 0.05780894 0.9963269 -1.19209E-7 0.0 0.0 0.0 1.0
LeftHandThumb3 0.9756761 0.2185588 0.01700463 -5.96046E-8 -0.2188771 0.9668841 0.1312551 0.04383963 0.01224553 -0.1317843 0.9912026 0.0 0.0 0.0 0.0 1.0
LeftHandIndex1 0.9935899 0.08779764 -0.07120793 0.001385845 -0.1109709 0.8776236 -0.466327 0.11686 0.02155136 0.4712395 0.8817416 0.01595187 0.0 0.0 0.0 1.0
LeftHandIndex2 0.9986792 0.05076948 -0.0078886 5.58794E-9 -0.05119863 0.9705379 -0.2354486 0.03275168 -0.004297376 0.2355416 0.9718549 0.0 0.0 0.0 0.0 1.0
LeftHandIndex3 0.9849421 0.1728767 -0.001396671 3.72529E-9 -0.1727797 0.9840475 -0.04239506 0.03350973 -0.005954705 0.04199803 0.9991005 -1.19209E-7 0.0 0.0 0.0 1.0
RightShoulder -0.05313969 -0.9441656 0.3251578 -0.07647199 -0.1544681 -0.3139265 -0.936798 0.1188759 0.9865674 -0.1000077 -0.1291616 2.88E-4 0.0 0.0 0.0 1.0
RightArm 0.9217044 -0.07756363 0.3800603 -1.86265E-9 0.3615608 0.5266478 -0.7693611 0.1576796 -0.1404835 0.8465363 0.5134581 0.0 0.0 0.0 0.0 1.0
RightForeArm 0.7772341 0.6291901 0.005111791 0.0 -0.6292102 0.7771979 0.00756947 0.2471428 7.89775E-4 -0.009099636 0.9999574 0.0 0.0 0.0 0.0 1.0
RightHand 0.6574544 0.6479273 -0.3846359 -3.72529E-9 0.5525424 -0.06750228 0.8307475 0.2180717 0.5122998 -0.7587061 -0.4023871 1.19209E-7 0.0 0.0 0.0 1.0
RightHandThumb1 0.7976461 0.6001044 -0.06028696 0.02317735 -0.6030551 0.7920328 -0.09490699 0.0199526 -0.009204913 0.1120585 0.9936597 0.02057874 0.0 0.0 0.0 1.0
RightHandThumb2 0.9333838 -0.2790772 -0.2256372 0.0 0.2656226 0.9599994 -0.08857879 0.02949172 0.2413324 0.02274373 0.9701753 0.0 0.0 0.0 0.0 1.0
RightHandThumb3 0.9933399 -0.1084345 -0.03895812 0.0 0.1103553 0.9925781 0.05109665 0.0446583 0.03312842 -0.05505565 0.9979336 0.0 0.0 0.0 0.0 1.0
RightHandIndex1 0.9922156 -0.09436656 0.08125268 -0.005173986 0.1092989 0.972617 -0.2051087 0.1195496 -0.05967231 0.212393 0.9753608 0.01312089 0.0 0.0 0.0 1.0
RightHandIndex2 0.9999902 -0.00383278 -0.001931652 -1.49012E-8 0.003760208 0.9993349 -0.03626058 0.03547543 0.002069324 0.03625301 0.9993399 1.19209E-7 0.0 0.0 0.0 1.0
RightHandIndex3 0.9918352 -0.1274705 0.003853731 2.23517E-8 0.1221272 0.9580905 0.259125 0.03128028 -0.03672305 -0.2565382 0.9658361 -1.19209E-7 0.0 0.0 0.0 1.0
LeftUpLeg -0.9079115 0.4012145 -0.1213134 0.07535098 -0.2586855 -0.3086227 0.9153491 -0.0501408 0.32983 0.8624266 0.3840131 0.01726824 0.0 0.0 0.0 1.0
LeftLeg 0.9936951 -0.09847545 -0.05359798 -7.45058E-9 0.1121079 0.8788449 0.4637429 0.4455441 0.001437018 -0.4668224 0.8843535 3.72529E-9 0.0 0.0 0.0 1.0
LeftFoot 0.9949721 0.09587917 -0.02892781 0.0 -0.09622518 0.8352156 -0.5414444 0.4122687 -0.02775229 0.5415159 0.8402271 0.0 0.0 0.0 0.0 1.0
LeftToeBase 0.9987131 -8.48528E-5 0.05070287 0.0 3.55996E-4 0.999986 -0.005338848 0.2128072 -0.05070162 0.005350113 0.9987004 -7.45058E-9 0.0 0.0 0.0 1.0
RightUpLeg -0.8115264 -0.4961406 -0.308649 -0.07535101 0.259747 -0.7794815 0.5700374 -0.05009103 -0.5234085 0.3824316 0.7614543 0.02117289 0.0 0.0 0.0 1.0
RightLeg 0.9785794 0.1091615 0.1745474 0.0 -0.2057632 0.4912205 0.8463874 0.4460003 0.006651568 -0.8641594 0.5031672 -7.45058E-9 0.0 0.0 0.0 1.0
RightFoot 0.9875671 -0.157199 3.30186E-4 0.0 0.05670444 0.3542705 -0.9334236 0.4115375 0.1466164 0.9218332 0.358781 3.72529E-9 0.0 0.0 0.0 1.0
RightToeBase 0.9990053 -2.89602E-4 -0.0445834 0.0 9.83616E-4 0.9998778 0.01554585 0.2092205 0.04457349 -0.01557434 0.9988844 7.45058E-9 0.0 0.0 0.0 1.0
Time 0.166667
Hips 0.6625201 -0.3594905 -0.6571411 0.124351 0.2488487 0.9331108 -0.2595747 0.2710189 0.7065002 0.008444605 0.707663 0.3370661 0.0 0.0 0.0 1.0
Spine 0.989334 0.1324642 -0.06058865 0.0 -0.1244841 0.5528789 -0.8239098 0.09047937 -0.07564042 0.8226647 0.5634716 1.86265E-9 0.0 0.0 0.0 1.0
Spine1 0.998102 -0.04968089 0.03637799 0.0 0.05577411 0.9797649 -0.1922239 0.1055582 -0.02609201 0.193888 0.980677 -1.86265E-9 0.0 0.0 0.0 1.0
Spine2 0.9973809 -0.03961358 0.06051865 0.0 0.05056092 0.9801514 -0.1916962 0.120638 -0.05172368 0.1942541 0.9795863 1.86265E-9 0.0 0.0 0.0 1.0
Neck 0.999027 -0.03302932 -0.02922702 2.27374E-13 0.0206224 0.9356129 -0.3524251 0.1357164 0.03898551 0.3514792 0.9353842 1.86265E-9 0.0 0.0 0.0 1.0
Head 0.9120699 -0.261317 -0.3159779 -2.27374E-13 0.1831432 0.9490962 -0.2562704 0.06010497 0.3668614 0.1758673 0.9135005 0.0 0.0 0.0 0.0 1.0
LeftShoulder 0.3827458 0.8053082 -0.4527528 0.076472 0.05612699 -0.509434 -0.8586772 0.118875 -0.9221482 0.3032436 -0.240183 1.40019E-4 0.0 0.0 0.0 1.0
LeftArm 0.6382811 0.3092033 -0.7049757 0.0 -0.7278672 0.540548 -0.4219214 0.1576816 0.2506138 0.7824331 0.57008 1.19209E-7 0.0 0.0 0.0 1.0
LeftForeArm -0.06354528 -0.9978799 -0.01403252 0.0 0.997897 -0.06371458 0.01197013 0.2471371 -0.01283883 -0.01324234 0.9998303 1.19209E-7 0.0 0.0 0.0 1.0
LeftHand 0.944487 0.2110902 0.2517652 0.0 -0.1837351 0.9746211 -0.1278876 0.2179778 -0.2723716 0.07453008 0.9593011 -1.19209E-7 0.0 0.0 0.0 1.0
LeftHandThumb1 0.785989 -0.5033972 0.3589048 -0.02564128 0.6043974 0.7478163 -0.2747257 0.01954609 -0.1300986 0.4328519 0.892028 0.02510381 0.0 0.0 0.0 1.0
LeftHandThumb2 0.9304004 0.36595 0.02088567 2.98023E-8 -0.3632962 0.9282236 -0.08010265 0.03269053 -0.04870027 0.0669398 0.9965675 -1.19209E-7 0.0 0.0 0.0 1.0
LeftHandThumb3 0.9685807 0.2472045 0.02723014 -5.96046E-8 -0.2485602 0.9585485 0.1392897 0.04383963 0.008331694 -0.1416815 0.9898775 0.0 0.0 0.0 0.0 1.0
LeftHandIndex1 0.993237 0.09171788 -0.07118949 0.001385801 -0.1142548 0.8811187 -0.458884 0.1168602 0.02063854 0.4639139 0.8856399 0.01595199 0.0 0.0 0.0 1.0
LeftHandIndex2 0.9962392 0.08454069 -0.01898078 5.58794E-9 -0.08521634 0.9163916 -0.3911073 0.03275168 -0.01567062 0.3912539 0.9201494 0.0 0.0 0.0 0.0 1.0
LeftHandIndex3 0.9803077 0.1974373 -0.003851309 3.72529E-9 -0.1955936 0.9681006 -0.1566066 0.03350973 -0.02719148 0.154276 0.9876541 -1.19209E-7 0.0 0.0 0.0 1.0
RightShoulder 0.06200235 -0.9092095 0.411697 -0.07647198 -0.1238639 -0.4163115 -0.9007458 0.1188759 0.9903604 0.004853923 -0.1384304 2.88015E-4 0.0 0.0 0.0 1.0
RightArm 0.8901952 -0.01855614 0.4552037 -1.86265E-9 0.3239488 0.7283236 -0.6038231 0.1576796 -0.3203312 0.6849813 0.6543613 0.0 0.0 0.0 0.0 1.0
RightForeArm 0.7734935 0.6337833 0.005156361 0.0 -0.6338043 0.7734555 0.007625032 0.2471428 8.44408E-4 -0.009166025 0.9999575 0.0 0.0 0.0 0.0 1.0
RightHand 0.7027679 0.6164824 -0.3550601 -3.72529E-9 0.5016451 -0.07552523 0.8617705 0.2180717 0.5044498 -0.7837396 -0.3623317 1.19209E-7 0.0 0.0 0.0 1.0
RightHandThumb1 0.8616968 0.4989806 -0.09217083 0.02317751 -0.5051145 0.8608119 -0.06212754 0.01995277 0.04834136 0.1000919 0.9938035 0.02057886 0.0 0.0 0.0 1.0
RightHandThumb2 0.9473356 -0.1810153 -0.2641771 0.0 0.1676976 0.9831828 -0.07232019 0.02949172 0.2728257 0.0242098 0.9617582 0.0 0.0 0.0 0.0 1.0
RightHandThumb3 0.9948991 -0.09427896 -0.0358827 0.0 0.09608325 0.993993 0.0524075 0.0446583 0.03072632 -0.05558789 0.9979811 0.0 0.0 0.0 0.0 1.0
RightHandIndex1 0.9852012 -0.1678573 0.03466473 -0.005173999 0.1710015 0.9763733 -0.1321151 0.1195496 -0.01166921 0.1360878 0.9906279 0.01312089 0.0 0.0 0.0 1.0
RightHandIndex2 0.9999949 0.002437282 -0.001995467 -1.49012E-8 -0.002437558 0.9999971 -1.27397E-4 0.03547543 0.001995146 1.32255E-4 0.9999973 1.19209E-7 0.0 0.0 0.0 1.0
RightHandIndex3 0.9916775 -0.1286956 0.003535315 2.23517E-8 0.1236617 0.9598094 0.251939 0.03128028 -0.03581666 -0.249405 0.9677369 -1.19209E-7 0.0 0.0 0.0 1.0
LeftUpLeg -0.8912212 0.4122996 -0.1890159 0.07535101 -0.2970942 -0.2157886 0.9301628 -0.0501408 0.342737 0.8851234 0.3148279 0.01726818 0.0 0.0 0.0 1.0
LeftLeg 0.9918083 -0.1247131 -0.02766744 -7.45058E-9 0.1189505 0.8226158 0.5560108 0.4455441 -0.04658224 -0.5547377 0.8307235 3.72529E-9 0.0 0.0 0.0 1.0
LeftFoot 0.98821 0.1339616 -0.07411887 0.0 -0.1517267 0.7922779 -0.5909972 0.4122687 -0.02044816 0.595284 0.803252 0.0 0.0 0.0 0.0 1.0
LeftToeBase 0.9986553 -4.99934E-4 0.05183448 0.0 0.002195839 0.999464 -0.032666 0.2128072 -0.0517903 0.03273588 0.9981225 -7.45058E-9 0.0 0.0 0.0 1.0
RightUpLeg -0.8381949 -0.3985269 -0.3722917 -0.07535101 0.114798 -0.7962792 0.5939391 -0.05009103 -0.5331526 0.4551006 0.7132001 0.02117292 0.0 0.0 0.0 1.0
RightLeg 0.9900498 0.1190185 0.07507996 0.0 -0.1069587 0.2897464 0.9511162 0.4460003 0.09144633 -0.9496648 0.2995987 -7.45058E-9 0.0 0.0 0.0 1.0
RightFoot 0.9811907 -0.1873856 -0.04638201 0.0 0.08705073 0.6439568 -0.7600925 0.4115375 0.1722986 0.7417598 0.6481552 3.72529E-9 0.0 0.0 0.0 1.0
RightToeBase 0.9990984 -0.001345384 -0.04241881 0.0 0.004239105 0.9976625 0.06820223 0.2092205 0.04222788 -0.06832081 0.996769 7.45058E-9 0.0 0.0 0.0 1.0
Time 0.2
Hips 0.6170856 -0.4890705 -0.6164539 0.107804 0.1500022 0.8421445 -0.5179689 0.3297269 0.7724664 0.2271615 0.5930374 0.378813 0.0 0.0 0.0 1.0
Spine 0.995074 0.07386006 -0.06612286 0.0 -0.09734598 0.6018998 -0.792615 0.09047937 -0.01874328 0.7951479 0.6061248 1.86265E-9 0.0 0.0 0.0 1.0
Spine1 0.996701 -0.07263581 0.03621019 0.0 0.07852518 0.9758159 -0.2039998 0.1055582 -0.0205168 0.2061702 0.978301 -1.86265E-9 0.0 0.0 0.0 1.0
Spine2 0.9961 -0.06117348 0.06357638 0.0 0.07293901 0.9763961 -0.2032999 0.120638 -0.04963913 0.2071443 0.9770502 1.86265E-9 0.0 0.0 0.0 1.0
Neck 0.999175 -0.02093638 -0.03481316 2.27374E-13 0.008079564 0.9422628 -0.3347778 0.1357164 0.03981218 0.3342202 0.9416538 1.86265E-9 0.0 0.0 0.0 1.0
Head 0.8796642 -0.2465116 -0.4067218 -2.27374E-13 0.2003641 0.967677 -0.1531524 0.06010497 0.4313291 0.05323027 0.9006228 0.0 0.0 0.0 0.0 1.0
LeftShoulder 0.2749628 0.8124883 -0.5140609 0.07647199 0.2405457 -0.5758 -0.7814038 0.1188749 -0.9308781 0.09120201 -0.3537639 1.39959E-4 0.0 0.0 0.0 1.0
LeftArm 0.6284996 -0.08916044 -0.7726824 0.0 -0.3671889 0.841733 -0.3957996 0.1576816 0.6856822 0.5324803 0.4962902 1.19209E-7 0.0 0.0 0.0 1.0
LeftForeArm -0.1422107 -0.9897228 -0.01497562 0.0 0.9897398 -0.1423925 0.01187126 0.2471371 -0.01388169 -0.01313372 0.9998172 1.19209E-7 0.0 0.0 0.0 1.0
LeftHand 0.9763783 -0.09639081 0.1933777 0.0 0.02348637 0.9370214 0.3484816 0.2179778 -0.2147896 -0.3357083 0.9171503 -1.19209E-7 0.0 0.0 0.0 1.0
LeftHandThumb1 0.7940165 -0.5567201 0.2441335 -0.0256413 0.6058578 0.7575977 -0.2428635 0.01954603 -0.04974796 0.3407477 0.9388376 0.02510381 0.0 0.0 0.0 1.0
LeftHandThumb2 0.8845228 0.4658227 -0.02507316 2.98023E-8 -0.4660632 0.880105 -0.09055513 0.03269053 -0.02011573 0.0917837 0.9955758 -1.19209E-7 0.0 0.0 0.0 1.0
LeftHandThumb3 0.9611625 0.2649786 0.07715862 -5.96046E-8 -0.2744867 0.9469101 0.1673868 0.04383963 -0.02870828 -0.1820647 0.982868 0.0 0.0 0.0 0.0 1.0
LeftHandIndex1 0.9918639 0.1048542 -0.07218194 0.001385838 -0.1262282 0.8834671 -0.4511663 0.11686 0.0164637 0.4566067 0.8895162 0.01595199 0.0 0.0 0.0 1.0
LeftHandIndex2 0.9946784 0.09967056 -0.02608842 5.58794E-9 -0.1004453 0.8817939 -0.4608154 0.03275168 -0.02292509 0.4609834 0.887113 0.0 0.0 0.0 0.0 1.0
LeftHandIndex3 0.9773294 0.2116171 -0.006622076 3.72529E-9 -0.2077457 0.9524814 -0.2227586 0.03350973 -0.04083207 0.2190844 0.9748515 -1.19209E-7 0.0 0.0 0.0 1.0
RightShoulder 0.2260817 -0.8435836 0.487087 -0.07647201 -0.07321263 -0.5133346 -0.8550599 0.1188759 0.9713531 0.1576524 -0.1778165 2.8803E-4 0.0 0.0 0.0 1.0
RightArm 0.8378803 -0.01180656 0.5457278 -1.86265E-9 0.2521704 0.8950583 -0.3678039 0.1576796 -0.4841161 0.4457909 0.7529291 0.0 0.0 0.0 0.0 1.0
RightForeArm 0.7704176 0.6375184 0.005193423 0.0 -0.6375391 0.7703796 0.0076694 0.2471428 8.88478E-4 -0.009219658 0.9999563 0.0 0.0 0.0 0.0 1.0
RightHand 0.7632874 0.5618474 -0.3189361 -3.72529E-9 0.4432813 -0.09632123 0.891193 0.2180717 0.469994 -0.8216147 -0.3225772 1.19209E-7 0.0 0.0 0.0 1.0
RightHandThumb1 0.9513687 0.2850823 -0.1167308 0.02317733 -0.2923186 0.955008 -0.05008506 0.01995265 0.0972006 0.08177188 0.9919001 0.02057874 0.0 0.0 0.0 1.0
RightHandThumb2 0.9459017 -0.004112683 -0.3244268 0.0 -0.007180639 0.9994094 -0.03360546 0.02949172 0.3243736 0.03411725 0.9453129 0.0 0.0 0.0 0.0 1.0
RightHandThumb3 0.96804 0.2491048 0.0290757 0.0 -0.2505924 0.9560627 0.1521436 0.0446583 0.0101016 -0.1545671 0.9879313 0.0 0.0 0.0 0.0 1.0
RightHandIndex1 0.9771838 -0.2123327 0.00508849 -0.005173984 0.2119345 0.9732191 -0.08904703 0.1195496 0.01395539 0.08809392 0.9960138 0.01312089 0.0 0.0 0.0 1.0
RightHandIndex2 0.9999949 0.002437282 -0.001995467 -1.49012E-8 -0.002437558 0.9999971 -1.27397E-4 0.03547543 0.001995146 1.32255E-4 0.9999973 1.19209E-7 0.0 0.0 0.0 1.0
RightHandIndex3 0.9916775 -0.1286956 0.003535315 2.23517E-8 0.1236617 0.9598094 0.251939 0.03128028 -0.03581666 -0.249405 0.9677369 -1.19209E-7 0.0 0.0 0.0 1.0
LeftUpLeg -0.865291 0.4180567 -0.276577 0.07535101 -0.3342444 -0.07003529 0.9398999 -0.0501408 0.3735787 0.9057176 0.2003499 0.01726818 0.0 0.0 0.0 1.0
LeftLeg 0.9866331 -0.145684 0.07304708 -7.45058E-9 0.04039585 0.6528279 0.7564299 0.4455441 -0.1578876 -0.7433462 0.6500022 3.72529E-9 0.0 0.0 0.0 1.0
LeftFoot 0.9792337 0.1569175 -0.1283656 0.0 -0.2008346 0.6643822 -0.7199027 0.4122687 -0.02768153 0.7307368 0.6820968 0.0 0.0 0.0 0.0 1.0
LeftToeBase 0.9986543 -5.07667E-4 0.05185835 0.0 0.00223268 0.9994461 -0.03321165 0.2128072 -0.05181271 0.03328273 0.9981029 -7.45058E-9 0.0 0.0 0.0 1.0
RightUpLeg -0.8597038 -0.3136778 -0.4031279 -0.07535101 -0.02198465 -0.765765 0.6427469 -0.05009109 -0.510321 0.5614362 0.6514475 0.02117286 0.0 0.0 0.0 1.0
RightLeg 0.9779962 0.1216206 0.1695124 0.0 -0.1699354 -0.006949987 0.9854407 0.4460003 0.1210282 -0.9925418 0.01387086 -7.45058E-9 0.0 0.0 0.0 1.0
RightFoot 0.9574491 -0.2641998 0.1161423 0.0 0.2385788 0.4981347 -0.8336315 0.4115375 0.1623909 0.8258683 0.5399718 3.72529E-9 0.0 0.0 0.0 1.0
RightToeBase 0.9989496 2.56026E-4 -0.04582769 0.0 -9.07457E-4 0.9998972 -0.01419413 0.2092205 0.04581942 0.01422065 0.9988489 7.45058E-9 0.0 0.0 0.0 1.0
Time 0.233333
Hips 0.6132292 -0.6084355 -0.5037422 0.08387002 0.05300971 0.6679863 -0.742283 0.3837229 0.7881239 0.4284865 0.4418818 0.4276371 0.0 0.0 0.0 1.0
Spine 0.996727 -0.006582529 -0.08056995 0.0 -0.05832101 0.6316105 -0.7730884 0.09047937 0.05597775 0.7752572 0.6291596 1.86265E-9 0.0 0.0 0.0 1.0
Spine1 0.995262 -0.09042588 0.03572784 0.0 0.09609513 0.9707799 -0.2198898 0.1055582 -0.01480015 0.2222813 0.97487 -1.86265E-9 0.0 0.0 0.0 1.0
Spine2 0.994974 -0.07697067 0.06404748 0.0 0.08926478 0.971621 -0.2190539 0.120638 -0.04536914 0.2236702 0.9736081 1.86265E-9 0.0 0.0 0.0 1.0
Neck 0.9992669 -0.003572883 -0.03811666 2.27374E-13 -0.008561341 0.9495653 -0.3134525 0.1357164 0.03731417 0.3135488 0.9488389 1.86265E-9 0.0 0.0 0.0 1.0
Head 0.856106 -0.2204668 -0.4674153 -2.27374E-13 0.2323101 0.9720811 -0.03301099 0.06010497 0.4616439 -0.08032435 0.8834211 0.0 0.0 0.0 0.0 1.0
LeftShoulder 0.2172905 0.7950199 -0.5663294 0.07647198 0.4330468 -0.5984854 -0.6740077 0.1188751 -0.8747896 -0.09879145 -0.4743254 1.40049E-4 0.0 0.0 0.0 1.0
LeftArm 0.5574873 -0.3967056 -0.7292688 0.0 0.08206699 0.9004716 -0.4271007 0.1576816 0.8261206 0.178254 0.5345575 1.19209E-7 0.0 0.0 0.0 1.0
LeftForeArm -0.1917707 -0.9813162 -0.0155695 0.0 0.9813321 -0.1919605 0.01177121 0.2471371 -0.01453998 -0.01302146 0.9998103 1.19209E-7 0.0 0.0 0.0 1.0
LeftHand 0.9705498 -0.2380311 -0.03707516 0.0 0.2169016 0.7964841 0.5644168 0.2179778 -0.1048191 -0.5558367 0.824656 -1.19209E-7 0.0 0.0 0.0 1.0
LeftHandThumb1 0.7859759 -0.5973113 0.1595652 -0.02564129 0.6179045 0.7676318 -0.1701025 0.01954615 -0.02088319 0.2322922 0.9724226 0.02510369 0.0 0.0 0.0 1.0
LeftHandThumb2 0.8390328 0.5389316 -0.07467822 2.98023E-8 -0.5440298 0.8328962 -0.1015647 0.03269053 0.007462695 0.1258432 0.9920218 -1.19209E-7 0.0 0.0 0.0 1.0
LeftHandThumb3 0.9503494 0.2795865 0.1366301 -5.96046E-8 -0.3024492 0.9331822 0.1941501 0.04383963 -0.07321911 -0.225834 0.9714101 0.0 0.0 0.0 0.0 1.0
LeftHandIndex1 0.9899299 0.1209251 -0.07358663 0.001385815 -0.1412229 0.8792744 -0.4548978 0.11686 0.009694248 0.4607091 0.8874983 0.01595199 0.0 0.0 0.0 1.0
LeftHandIndex2 0.9946265 0.1001236 -0.02632458 5.58794E-9 -0.1009015 0.8806478 -0.4629023 0.03275168 -0.02316473 0.4630713 0.8860182 0.0 0.0 0.0 0.0 1.0
LeftHandIndex3 0.9770831 0.2127459 -0.006887555 3.72529E-9 -0.20868 0.9510282 -0.2280323 0.03350973 -0.04196264 0.2242439 0.9736296 -1.19209E-7 0.0 0.0 0.0 1.0
RightShoulder 0.4025421 -0.7840616 0.4724481 -0.07647198 -0.04428692 -0.5321863 -0.8454685 0.1188759 0.9143294 0.3194131 -0.2489512 2.87985E-4 0.0 0.0 0.0 1.0
RightArm 0.7780426 -0.02463897 0.6277294 -1.86265E-9 0.1635684 0.9727101 -0.1645554 0.1576796 -0.6065454 0.2307073 0.7608398 0.0 0.0 0.0 0.0 1.0
RightForeArm 0.7704374 0.6374953 0.005193443 0.0 -0.6375166 0.7703989 0.007669955 0.2471428 8.88567E-4 -0.009220127 0.9999564 0.0 0.0 0.0 0.0 1.0
RightHand 0.831992 0.4782623 -0.2811657 -3.72529E-9 0.3730359 -0.1071338 0.9216114 0.2180717 0.410649 -0.8716587 -0.2675436 1.19209E-7 0.0 0.0 0.0 1.0
RightHandThumb1 0.96025 0.2325404 -0.1544202 0.0231774 -0.240584 0.9699838 -0.03535834 0.01995271 0.1415629 0.07110384 0.9873725 0.02057886 0.0 0.0 0.0 1.0
RightHandThumb2 0.9440212 -0.004216053 -0.3298585 0.0 -0.007819332 0.9993517 -0.03515142 0.02949172 0.3297932 0.03576317 0.9433746 0.0 0.0 0.0 0.0 1.0
RightHandThumb3 0.9421118 0.3308891 0.05420979 0.0 -0.3350255 0.9224105 0.1921394 0.0446583 0.01357324 -0.1991784 0.9798691 0.0 0.0 0.0 0.0 1.0
RightHandIndex1 0.9694079 -0.2448156 -0.01770867 -0.005173993 0.2442874 0.9693114 -0.02756631 0.1195496 0.02391389 0.02239702 0.9994632 0.01312101 0.0 0.0 0.0 1.0
RightHandIndex2 0.9999949 0.002437282 -0.001995467 -1.49012E-8 -0.002437558 0.9999971 -1.27397E-4 0.03547543 0.001995146 1.32255E-4 0.9999973 1.19209E-7 0.0 0.0 0.0 1.0
