Time 0.0
Torso -4.37114E-8 0.0 -1.0 0.4279383 -1.0 0.0 4.37114E-8 0.1635676 0.0 0.9999999 0.0 4.43401 0.0 0.0 0.0 1.0
Shoulder_R -1.0 0.0 -1.50996E-7 0.0 -1.46432E-7 -0.2440076 0.9697734 2.262324 -3.68441E-8 0.9697737 0.2440074 0.0 0.0 0.0 0.0 1.0
Upper_Arm_R 0.9894027 0.1120126 0.09238787 -5.68434E-14 -0.01414482 0.7076205 -0.7064511 0.9121926 -0.144507 0.6976577 0.7017061 0.0 0.0 0.0 0.0 1.0
Lower_Arm_R 0.9983364 -0.02917754 -0.04973058 -1.45519E-11 0.03798511 0.9817075 0.1865675 0.9987809 0.0433773 -0.1881461 0.9811828 0.0 0.0 0.0 0.0 1.0
Hand_R 0.9925402 -0.03362193 -0.1171903 0.0 0.09214357 0.8363009 0.5404724 0.9134414 0.07983464 -0.5472391 0.8331602 0.0 0.0 0.0 0.0 1.0
Shoulder_L 1.0 -1.8355E-9 -2.50903E-7 0.0 2.39928E-7 -0.2856004 0.9583488 2.262324 -7.34169E-8 -0.9583489 -0.2856007 0.0 0.0 0.0 0.0 1.0
Upper_Arm_L 0.9875639 0.1199231 -0.1016663 0.0 -0.09019154 0.9618109 0.2584286 0.899246 0.1287753 -0.2460453 0.9606657 0.0 0.0 0.0 0.0 1.0
Lower_Arm_L 0.9923761 -0.0420838 0.1158383 0.0 0.08870751 0.896394 -0.4342912 1.107731 -0.08556014 0.4412559 0.8932931 0.0 0.0 0.0 0.0 1.0
Hand_L 1.0 -1.18072E-7 8.86905E-8 0.0 -9.36787E-8 -0.04294044 0.9990776 0.9252045 -1.14155E-7 -0.9990777 -0.0429404 0.0 0.0 0.0 0.0 1.0
Head -0.9500929 0.3119671 4.22637E-5 0.0 0.3119633 0.9500811 0.004961179 2.262324 0.00150757 0.004726765 -0.9999877 0.0 0.0 0.0 0.0 1.0
Upper_Leg_R -0.9985627 0.03402684 -0.04140896 0.0 -0.04668929 -0.9316571 0.3603289 0.0 -0.02631857 0.3617427 0.9319169 0.0 0.0 0.0 0.0 1.0
Lower_Leg_R -0.9956589 0.08088452 -0.046053 0.0 0.07845778 0.9955465 0.05226658 1.772406 0.05007546 0.04842634 -0.9975708 0.0 0.0 0.0 0.0 1.0
Foot_R 0.08709863 0.9957255 -0.03072297 0.0 0.9924802 -0.08939447 -0.0836143 2.167972 -0.08600338 -0.02320926 -0.9960245 -2.98023E-8 0.0 0.0 0.0 1.0
Upper_Leg_L 0.9972928 -0.07046478 -0.02102333 -8.46148E-16 -0.05454749 -0.9006416 0.4311256 -8.70228E-4 -0.04931381 -0.4288127 -0.9020505 0.0 0.0 0.0 0.0 1.0
Lower_Leg_L -0.9818353 -0.187439 0.02942606 2.91038E-11 -0.186743 0.9820938 0.02486995 1.755893 -0.03356077 0.01892316 -0.9992574 1.19209E-7 0.0 0.0 0.0 1.0
Foot_L 0.06263983 -0.9979542 0.01280498 -2.98023E-8 -0.9973325 -0.06307226 -0.03674313 2.18906 0.03747559 -0.01046924 -0.9992425 0.0 0.0 0.0 0.0 1.0
Time 1.0
Torso -4.37114E-8 0.0 -1.0 0.0 -1.0 0.0 4.37114E-8 -8.46148E-16 0.0 0.9999999 0.0 4.018998 0.0 0.0 0.0 1.0
Shoulder_R -1.0 0.0 -1.50996E-7 0.0 -1.46432E-7 -0.2440076 0.9697734 2.262324 -3.68441E-8 0.9697737 0.2440074 0.0 0.0 0.0 0.0 1.0
Upper_Arm_R 1.0 1.5944E-7 3.7379E-5 -5.68434E-14 -6.28108E-6 0.9864885 0.1638298 0.9121926 -3.68479E-5 -0.1638299 0.9864886 0.0 0.0 0.0 0.0 1.0
Lower_Arm_R 1.0 2.04219E-5 -2.61752E-5 -1.45519E-11 -3.05164E-6 0.8416295 0.5400552 0.9987809 3.30587E-5 -0.5400552 0.8416297 0.0 0.0 0.0 0.0 1.0
Hand_R 1.0 2.45557E-6 -5.70371E-6 0.0 6.0438E-7 0.8756493 0.4829476 0.9134414 6.18036E-6 -0.4829478 0.8756492 0.0 0.0 0.0 0.0 1.0
Shoulder_L 1.0 -1.8355E-9 -2.50903E-7 0.0 2.39928E-7 -0.2856004 0.9583488 2.262324 -7.34169E-8 -0.9583489 -0.2856007 0.0 0.0 0.0 0.0 1.0
Upper_Arm_L 1.0 1.34069E-7 2.3026E-7 0.0 3.11433E-9 0.858246 -0.5132384 0.899246 -2.66429E-7 0.5132384 0.858246 0.0 0.0 0.0 0.0 1.0
Lower_Arm_L 1.0 -3.5864E-8 -5.17053E-8 0.0 -2.8434E-10 0.8191023 -0.5736475 1.107731 6.29252E-8 0.5736475 0.8191022 0.0 0.0 0.0 0.0 1.0
Hand_L 1.0 1.72069E-7 2.54296E-7 0.0 -4.84956E-8 0.9063331 -0.4225636 0.9252045 -3.03187E-7 0.4225637 0.9063332 0.0 0.0 0.0 0.0 1.0
Head -0.5186371 0.8549883 0.003259399 0.0 0.8549931 0.5186258 0.003740464 2.262324 0.001507643 0.004726707 -0.9999877 0.0 0.0 0.0 0.0 1.0
Upper_Leg_R -0.8435007 0.5287947 -0.09424846 0.0 -0.5371286 -0.8304141 0.1480108 0.0 -7.08187E-7 0.175468 0.984495 0.0 0.0 0.0 0.0 1.0
Lower_Leg_R -0.9246104 -0.3807349 0.01168427 0.0 -0.3755218 0.9059492 -0.1955498 1.772406 0.06386732 -0.1851951 -0.9806241 0.0 0.0 0.0 0.0 1.0
Foot_R 0.5535793 0.8308933 -0.0562632 0.0 0.8285918 -0.5563061 -0.06291787 2.167972 -0.08357764 -0.01178921 -0.9964315 -2.98023E-8 0.0 0.0 0.0 1.0
Upper_Leg_L 0.8184333 -0.5653558 0.1026636 -8.46148E-16 -0.5746013 -0.8054533 0.1451837 -8.70228E-4 6.10651E-4 -0.1778139 -0.9840676 0.0 0.0 0.0 0.0 1.0
Lower_Leg_L -0.8437335 -0.5367152 0.007099606 2.91038E-11 -0.5275354 0.8267154 -0.1955699 1.755893 0.09909599 -0.1687541 -0.980664 1.19209E-7 0.0 0.0 0.0 1.0
Foot_L -0.6577923 -0.753196 -0.00235437 -2.98023E-8 -0.7526083 0.6573964 -0.03756447 2.18906 0.02984115 -0.0229377 -0.9992913 0.0 0.0 0.0 0.0 1.0
