Root_Bone_Name Torso
Num_Keyframes 5
Num_Bones 16
Time 0.0
Torso -2.8213E-7 0.0 -1.0 0.0 -1.0 0.0 2.8213E-7 0.0 0.0 0.9999999 0.0 1.061726 0.0 0.0 0.0 1.0
Shoulder_R -0.9440187 -0.3199205 -0.08049633 -1.49012E-8 -1.63913E-7 -0.2440075 0.9697734 0.5655811 -0.3298922 0.9154842 0.2303476 0.0 0.0 0.0 0.0 1.0
Upper_Arm_R -0.05654804 0.1660234 -0.9844992 -1.49012E-8 0.8471681 0.5297655 0.04067855 0.2280482 0.5283074 -0.831736 -0.1706071 0.0 0.0 0.0 0.0 1.0
Lower_Arm_R 0.992209 -0.1245794 -0.00109607 0.0 0.06373042 0.5150993 -0.854758 0.2496953 0.1070498 0.8480287 0.5190257 -5.96046E-8 0.0 0.0 0.0 1.0
Hand_R 0.9959801 -0.05429813 -0.0712401 2.98023E-8 0.0225303 0.9216141 -0.387453 0.2283605 0.08669389 0.3842905 0.9191328 0.0 0.0 0.0 0.0 1.0
Shoulder_L 0.9031508 0.4114419 0.1226146 -1.49012E-8 2.23517E-7 -0.2855999 0.958349 0.5655811 0.4293236 -0.8655335 -0.2579399 0.0 0.0 0.0 0.0 1.0
Upper_Arm_L 0.514588 0.2124717 0.8306957 0.0 -0.6888613 0.6793194 0.2529731 0.2248114 -0.5105579 -0.7024109 0.495933 0.0 0.0 0.0 0.0 1.0
Lower_Arm_L 0.9213407 -0.2547677 -0.2936403 0.0 -0.3504007 -0.2170748 -0.911097 0.2769328 0.1683763 0.9423227 -0.2892706 0.0 0.0 0.0 0.0 1.0
Hand_L 0.9950091 0.07995638 0.05970021 -2.98023E-8 -0.09845549 0.8840101 0.4569822 0.2313012 -0.01623696 -0.4605792 0.8874701 0.0 0.0 0.0 0.0 1.0
Head -0.9743466 0.2250521 -4.05604E-4 -1.49012E-8 0.2250473 0.9743353 0.00494485 0.5655811 0.001508042 0.004726718 -0.9999877 0.0 0.0 0.0 0.0 1.0
Upper_Leg_R -0.8964784 -0.4362129 0.07774867 1.49012E-8 0.4430881 -0.8825699 0.157306 0.0 2.03361E-6 0.1754679 0.984495 3.55271E-15 0.0 0.0 0.0 1.0
Lower_Leg_R -0.1863755 0.9822235 -0.0223862 2.98023E-8 0.9667017 0.179268 -0.1826228 0.4431015 -0.1753633 -0.05567719 -0.9829281 -1.49012E-8 0.0 0.0 0.0 1.0
Foot_R -0.287889 0.9576423 -0.006369017 2.23517E-8 0.9539745 0.2861908 -0.08959337 0.541993 -0.08397567 -0.03186882 -0.9959581 -7.45058E-9 0.0 0.0 0.0 1.0
Upper_Leg_L 0.4008662 0.9015807 -0.1626608 0.0 0.9161365 -0.3943788 0.07183017 -2.17676E-4 6.1003E-4 -0.1778142 -0.9840683 3.55271E-15 0.0 0.0 0.0 1.0
Lower_Leg_L -0.7336325 -0.679469 0.01024047 -2.98023E-8 -0.6680343 0.7183604 -0.1941335 0.4389734 0.1245514 -0.1492636 -0.9809216 -1.76951E-8 0.0 0.0 0.0 1.0
Foot_L 0.06263983 -0.9979541 0.01280504 1.49012E-8 -0.9973323 -0.06307226 -0.03674319 0.547265 0.03747566 -0.0104693 -0.9992426 7.45058E-9 0.0 0.0 0.0 1.0
Time 0.2
Torso -2.8213E-7 0.0 -1.0 0.0 -1.0 0.0 2.8213E-7 0.0 0.0 0.9999999 0.0 0.9363774 0.0 0.0 0.0 1.0
Shoulder_R -0.896889 -0.2278135 -0.3790662 -1.49012E-8 -0.2945528 -0.3316472 0.8962415 0.5655811 -0.3298922 0.9154841 0.2303477 0.0 0.0 0.0 0.0 1.0
Upper_Arm_R -0.05654804 0.1660234 -0.9844992 -1.49012E-8 0.8471681 0.5297655 0.04067855 0.2280482 0.5283074 -0.831736 -0.1706071 0.0 0.0 0.0 0.0 1.0
Lower_Arm_R 0.992209 -0.1245794 -0.00109607 0.0 0.06373042 0.5150993 -0.854758 0.2496953 0.1070498 0.8480287 0.5190257 -5.96046E-8 0.0 0.0 0.0 1.0
Hand_R 0.9959801 -0.05429813 -0.0712401 2.98023E-8 0.0225303 0.9216141 -0.387453 0.2283605 0.08669389 0.3842905 0.9191328 0.0 0.0 0.0 0.0 1.0
Shoulder_L 0.6863554 0.1270453 0.7160835 -1.49012E-8 -0.5870243 -0.4844702 0.6486072 0.5655811 0.4293236 -0.8655335 -0.2579401 0.0 0.0 0.0 0.0 1.0
Upper_Arm_L 0.514588 0.2124717 0.8306957 0.0 -0.6888613 0.6793194 0.2529731 0.2248114 -0.5105579 -0.7024109 0.495933 0.0 0.0 0.0 0.0 1.0
Lower_Arm_L 0.9483059 -0.09297468 -0.303433 0.0 -0.2693399 0.2698915 -0.9244535 0.2769328 0.1678448 0.9583915 0.230898 0.0 0.0 0.0 0.0 1.0
Hand_L 0.9950091 0.07995638 0.05970021 -2.98023E-8 -0.09845549 0.8840101 0.4569822 0.2313012 -0.01623696 -0.4605792 0.8874701 0.0 0.0 0.0 0.0 1.0
Head -0.9743466 0.2250521 -4.05604E-4 -1.49012E-8 0.2250473 0.9743353 0.00494485 0.5655811 0.001508042 0.004726718 -0.9999877 0.0 0.0 0.0 0.0 1.0
Upper_Leg_R -0.8865874 0.4553849 -0.0811635 1.49012E-8 -0.4625617 -0.8728325 0.15557 0.0 -3.38463E-7 0.1754665 0.9844953 3.55271E-15 0.0 0.0 0.0 1.0
Lower_Leg_R -0.1863755 0.9822235 -0.0223862 2.98023E-8 0.9667017 0.179268 -0.1826228 0.4431015 -0.1753633 -0.05567719 -0.9829281 -1.49012E-8 0.0 0.0 0.0 1.0
Foot_R -0.287889 0.9576423 -0.006369017 2.23517E-8 0.9539745 0.2861908 -0.08959337 0.541993 -0.08397567 -0.03186882 -0.9959581 -7.45058E-9 0.0 0.0 0.0 1.0
Upper_Leg_L 0.8998452 0.4293554 -0.07702352 0.0 0.436209 -0.8854583 0.1602668 -2.17676E-4 6.09979E-4 -0.1778138 -0.9840684 3.55271E-15 0.0 0.0 0.0 1.0
Lower_Leg_L -0.7336325 -0.679469 0.01024047 -2.98023E-8 -0.6680343 0.7183604 -0.1941335 0.4389734 0.1245514 -0.1492636 -0.9809216 -1.76951E-8 0.0 0.0 0.0 1.0
Foot_L 0.06263983 -0.9979541 0.01280504 1.49012E-8 -0.9973323 -0.06307226 -0.03674319 0.547265 0.03747566 -0.0104693 -0.9992426 7.45058E-9 0.0 0.0 0.0 1.0
Time 0.4
Torso -2.8213E-7 0.0 -1.0 0.0 -1.0 0.0 2.8213E-7 0.0 0.0 0.9999999 0.0 1.059013 0.0 0.0 0.0 1.0
Shoulder_R -0.3030034 0.1284114 -0.9442985 -1.49012E-8 -0.8940694 -0.381313 0.2350328 0.5655811 -0.3298923 0.9154841 0.2303478 0.0 0.0 0.0 0.0 1.0
Upper_Arm_R -0.05654804 0.1660234 -0.9844992 -1.49012E-8 0.8471681 0.5297655 0.04067855 0.2280482 0.5283074 -0.831736 -0.1706071 0.0 0.0 0.0 0.0 1.0
Lower_Arm_R 0.992209 -0.1245794 -0.00109607 0.0 0.06373042 0.5150993 -0.854758 0.2496953 0.1070498 0.8480287 0.5190257 -5.96046E-8 0.0 0.0 0.0 1.0
Hand_R 0.9959801 -0.05429813 -0.0712401 2.98023E-8 0.0225303 0.9216141 -0.387453 0.2283605 0.08669389 0.3842905 0.9191328 0.0 0.0 0.0 0.0 1.0
Shoulder_L 0.1583941 -0.2090153 0.9649995 -1.49012E-8 -0.8891527 -0.4551534 0.04736012 0.5655811 0.4293238 -0.8655334 -0.2579401 0.0 0.0 0.0 0.0 1.0
Upper_Arm_L 0.514588 0.2124717 0.8306957 0.0 -0.6888613 0.6793194 0.2529731 0.2248114 -0.5105579 -0.7024109 0.495933 0.0 0.0 0.0 0.0 1.0
Lower_Arm_L 0.9213407 -0.2547677 -0.2936403 0.0 -0.3504007 -0.2170748 -0.911097 0.2769328 0.1683763 0.9423227 -0.2892706 0.0 0.0 0.0 0.0 1.0
Hand_L 0.9950091 0.07995638 0.05970021 -2.98023E-8 -0.09845549 0.8840101 0.4569822 0.2313012 -0.01623696 -0.4605792 0.8874701 0.0 0.0 0.0 0.0 1.0
Head -0.9101536 0.4142706 5.85591E-4 -1.49012E-8 0.4142682 0.9101415 0.004926721 0.5655811 0.001508024 0.004726665 -0.9999877 0.0 0.0 0.0 0.0 1.0
Upper_Leg_R 0.3059013 0.9372941 -0.1670474 1.49012E-8 -0.9520644 0.3011555 -0.05367646 0.0 -8.32665E-6 0.1754626 0.9844961 3.55271E-15 0.0 0.0 0.0 1.0
Lower_Leg_R -0.1863755 0.9822235 -0.0223862 2.98023E-8 0.9667017 0.179268 -0.1826228 0.4431015 -0.1753633 -0.05567719 -0.9829281 -1.49012E-8 0.0 0.0 0.0 1.0
Foot_R -0.287889 0.9576423 -0.006369017 2.23517E-8 0.9539745 0.2861908 -0.08959337 0.541993 -0.08397567 -0.03186882 -0.9959581 -7.45058E-9 0.0 0.0 0.0 1.0
Upper_Leg_L 0.8948743 -0.4391084 0.07989819 0.0 -0.4463179 -0.8806626 0.1588525 -2.17676E-4 6.10196E-4 -0.1778131 -0.9840686 3.55271E-15 0.0 0.0 0.0 1.0
Lower_Leg_L -0.2137557 -0.976721 0.01801005 -2.98023E-8 -0.9605821 0.2067979 -0.1857843 0.4389734 0.177735 -0.05701256 -0.9824254 -1.76951E-8 0.0 0.0 0.0 1.0
Foot_L 0.06263983 -0.9979541 0.01280504 1.49012E-8 -0.9973323 -0.06307226 -0.03674319 0.547265 0.03747566 -0.0104693 -0.9992426 7.45058E-9 0.0 0.0 0.0 1.0
Time 0.6
Torso -2.8213E-7 0.0 -1.0 0.0 -1.0 0.0 2.8213E-7 0.0 0.0 0.9999999 0.0 0.8376175 0.0 0.0 0.0 1.0
Shoulder_R -0.3030034 0.1284114 -0.9442985 -1.49012E-8 -0.8940694 -0.381313 0.2350328 0.5655811 -0.3298923 0.9154841 0.2303478 0.0 0.0 0.0 0.0 1.0
Upper_Arm_R -0.4690474 0.8291566 -0.3041283 -1.49012E-8 0.6940255 0.5590137 0.4536876 0.2280482 0.5461899 0.001728103 -0.8376599 0.0 0.0 0.0 0.0 1.0
Lower_Arm_R 0.992209 -0.1245794 -0.00109607 0.0 0.06373042 0.5150993 -0.854758 0.2496953 0.1070498 0.8480287 0.5190257 -5.96046E-8 0.0 0.0 0.0 1.0
Hand_R 0.9959801 -0.05429813 -0.0712401 2.98023E-8 0.0225303 0.9216141 -0.387453 0.2283605 0.08669389 0.3842905 0.9191328 0.0 0.0 0.0 0.0 1.0
Shoulder_L 0.1583941 -0.2090153 0.9649995 -1.49012E-8 -0.8891527 -0.4551534 0.04736012 0.5655811 0.4293238 -0.8655334 -0.2579401 0.0 0.0 0.0 0.0 1.0
Upper_Arm_L 0.6628744 0.6444283 0.3811955 0.0 -0.6648313 0.7407719 -0.09620968 0.2248114 -0.3443792 -0.1896557 0.9194746 0.0 0.0 0.0 0.0 1.0
Lower_Arm_L 0.9213407 -0.2547677 -0.2936403 0.0 -0.3504007 -0.2170748 -0.911097 0.2769328 0.1683763 0.9423227 -0.2892706 0.0 0.0 0.0 0.0 1.0
Hand_L 0.9950091 0.07995638 0.05970021 -2.98023E-8 -0.09845549 0.8840101 0.4569822 0.2313012 -0.01623696 -0.4605792 0.8874701 0.0 0.0 0.0 0.0 1.0
Head -0.9101536 0.4142706 5.85591E-4 -1.49012E-8 0.4142682 0.9101415 0.004926721 0.5655811 0.001508024 0.004726665 -0.9999877 0.0 0.0 0.0 0.0 1.0
Upper_Leg_R -0.8977282 0.433714 -0.07730576 1.49012E-8 -0.44055 -0.8838025 0.1575139 0.0 -9.32817E-6 0.1754587 0.9844967 3.55271E-15 0.0 0.0 0.0 1.0
Lower_Leg_R -0.1863755 0.9822235 -0.0223862 2.98023E-8 0.9667017 0.179268 -0.1826228 0.4431015 -0.1753633 -0.05567719 -0.9829281 -1.49012E-8 0.0 0.0 0.0 1.0
Foot_R 0.3419352 0.9386251 -0.04541454 2.23517E-8 0.9358296 -0.3445151 -0.07437528 0.541993 -0.08545652 -0.01706875 -0.9961958 -7.45058E-9 0.0 0.0 0.0 1.0
Upper_Leg_L 0.7646903 0.6342117 -0.1141231 0.0 0.6443976 -0.7524348 0.136359 -2.17676E-4 6.09815E-4 -0.1778132 -0.9840685 3.55271E-15 0.0 0.0 0.0 1.0
Lower_Leg_L -0.2137557 -0.976721 0.01801005 -2.98023E-8 -0.9605821 0.2067979 -0.1857843 0.4389734 0.177735 -0.05701256 -0.9824254 -1.76951E-8 0.0 0.0 0.0 1.0
Foot_L 0.3344046 -0.9422686 0.0174246 1.49012E-8 -0.94168 -0.3348188 -0.03369344 0.547265 0.03758236 -0.005141157 -0.9992802 7.45058E-9 0.0 0.0 0.0 1.0
Time 0.8
Torso -2.8213E-7 0.0 -1.0 0.0 -1.0 0.0 2.8213E-7 0.0 0.0 0.9999999 0.0 1.061726 0.0 0.0 0.0 1.0
Shoulder_R -0.9440187 -0.3199205 -0.08049633 -1.49012E-8 -1.63913E-7 -0.2440075 0.9697734 0.5655811 -0.3298922 0.9154842 0.2303476 0.0 0.0 0.0 0.0 1.0
Upper_Arm_R -0.05654804 0.1660234 -0.9844992 -1.49012E-8 0.8471681 0.5297655 0.04067855 0.2280482 0.5283074 -0.831736 -0.1706071 0.0 0.0 0.0 0.0 1.0
Lower_Arm_R 0.992209 -0.1245794 -0.00109607 0.0 0.06373042 0.5150993 -0.854758 0.2496953 0.1070498 0.8480287 0.5190257 -5.96046E-8 0.0 0.0 0.0 1.0
Hand_R 0.9959801 -0.05429813 -0.0712401 2.98023E-8 0.0225303 0.9216141 -0.387453 0.2283605 0.08669389 0.3842905 0.9191328 0.0 0.0 0.0 0.0 1.0
Shoulder_L 0.9031508 0.4114419 0.1226146 -1.49012E-8 2.23517E-7 -0.2855999 0.958349 0.5655811 0.4293236 -0.8655335 -0.2579399 0.0 0.0 0.0 0.0 1.0
Upper_Arm_L 0.514588 0.2124717 0.8306957 0.0 -0.6888613 0.6793194 0.2529731 0.2248114 -0.5105579 -0.7024109 0.495933 0.0 0.0 0.0 0.0 1.0
Lower_Arm_L 0.9213407 -0.2547677 -0.2936403 0.0 -0.3504007 -0.2170748 -0.911097 0.2769328 0.1683763 0.9423227 -0.2892706 0.0 0.0 0.0 0.0 1.0
Hand_L 0.9950091 0.07995638 0.05970021 -2.98023E-8 -0.09845549 0.8840101 0.4569822 0.2313012 -0.01623696 -0.4605792 0.8874701 0.0 0.0 0.0 0.0 1.0
Head -0.9743466 0.2250521 -4.05604E-4 -1.49012E-8 0.2250473 0.9743353 0.00494485 0.5655811 0.001508042 0.004726718 -0.9999877 0.0 0.0 0.0 0.0 1.0
Upper_Leg_R -0.8964784 -0.4362129 0.07774867 1.49012E-8 0.4430881 -0.8825699 0.157306 0.0 2.03361E-6 0.1754679 0.984495 3.55271E-15 0.0 0.0 0.0 1.0
Lower_Leg_R -0.1863755 0.9822235 -0.0223862 2.98023E-8 0.9667017 0.179268 -0.1826228 0.4431015 -0.1753633 -0.05567719 -0.9829281 -1.49012E-8 0.0 0.0 0.0 1.0
Foot_R -0.287889 0.9576423 -0.006369017 2.23517E-8 0.9539745 0.2861908 -0.08959337 0.541993 -0.08397567 -0.03186882 -0.9959581 -7.45058E-9 0.0 0.0 0.0 1.0
Upper_Leg_L 0.4008662 0.9015807 -0.1626608 0.0 0.9161365 -0.3943788 0.07183017 -2.17676E-4 6.1003E-4 -0.1778142 -0.9840683 3.55271E-15 0.0 0.0 0.0 1.0
Lower_Leg_L -0.7336325 -0.679469 0.01024047 -2.98023E-8 -0.6680343 0.7183604 -0.1941335 0.4389734 0.1245514 -0.1492636 -0.9809216 -1.76951E-8 0.0 0.0 0.0 1.0
Foot_L 0.06263983 -0.9979541 0.01280504 1.49012E-8 -0.9973323 -0.06307226 -0.03674319 0.547265 0.03747566 -0.0104693 -0.9992426 7.45058E-9 0.0 0.0 0.0 1.0
