Root_Bone_Name Hips
Num_Keyframes 3
Num_Bones 28
Time_Wrapping_Mode LOOP
Time 0.0
Hips 1.0 0.0 0.0 -5.30556E-4 0.0 0.0 -1.0 -0.006861079 0.0 1.0 0.0 1.089459 0.0 0.0 0.0 1.0
Spine 1.0 0.0 0.0 0.0 0.0 1.0 0.0 0.08270144 0.0 0.0 1.0 0.0 0.0 0.0 0.0 1.0
Spine1 1.0 0.0 0.0 0.0 0.0 1.0 0.0 0.0960958 0.0 0.0 1.0 -4.65661E-10 0.0 0.0 0.0 1.0
Spine2 1.0 0.0 0.0 0.0 0.0 1.0 0.0 0.152944 0.0 0.0 1.0 0.0 0.0 0.0 0.0 1.0
Neck 1.0 -4.64518E-11 1.75383E-11 0.0 1.85351E-11 0.7980353 -0.6026106 0.1584063 1.39962E-11 0.6026107 0.7980353 0.0 0.0 0.0 0.0 1.0
Head 1.0 -2.13977E-11 0.0 0.0 -3.51241E-12 0.921288 0.3888808 0.07431257 -8.32117E-12 -0.3888808 0.9212881 5.96046E-8 0.0 0.0 0.0 1.0
LeftShoulder 0.05217865 0.9735615 0.2223852 0.05690826 0.222385 -0.2284245 0.9478222 0.1443802 0.9735615 -7.87988E-7 -0.2284245 -0.01454709 0.0 0.0 0.0 1.0
LeftArm 0.9883561 0.03444982 0.148207 2.98023E-8 -0.01191302 0.9885626 -0.1503403 0.1790588 -0.1516911 0.1468242 0.9774622 0.0 0.0 0.0 0.0 1.0
LeftForeArm 0.9850096 0.01367627 0.1719571 7.45058E-9 0.01641572 0.9848965 -0.1723647 0.2785367 -0.1717172 0.1726037 0.9699077 0.0 0.0 0.0 0.0 1.0
LeftHand 0.9751793 0.1047023 -0.1950971 0.0 -0.06379952 0.9766322 0.2052293 0.2080489 0.2120261 -0.1876883 0.9590714 0.0 0.0 0.0 0.0 1.0
LeftHandIndex1 0.9982805 -0.05069193 -0.02943473 7.45058E-9 0.05130847 0.9984707 0.02058236 0.1217248 0.02834633 -0.02205722 0.9993547 0.0 0.0 0.0 0.0 1.0
LeftHandIndex2 0.9930449 -0.08711617 0.07919963 0.0 0.09355696 0.9922628 -0.08161816 0.03641254 -0.07147656 0.08846018 0.9935119 0.0 0.0 0.0 0.0 1.0
LeftHandIndex3 0.9914758 0.1297433 0.01195173 1.49012E-8 -0.1296684 0.9915338 -0.006847527 0.04258013 -0.01273895 0.005239405 0.9999052 1.19209E-7 0.0 0.0 0.0 1.0
RightShoulder 0.05217865 -0.9735615 -0.2223852 -0.05584715 -0.222385 -0.2284245 0.9478222 0.1443802 -0.9735615 -7.87988E-7 -0.2284245 -0.01454709 0.0 0.0 0.0 1.0
RightArm 0.9883561 -0.03444982 -0.148207 -2.98023E-8 0.01191302 0.9885626 -0.1503403 0.1790588 0.1516911 0.1468242 0.9774622 0.0 0.0 0.0 0.0 1.0
RightForeArm 0.9850096 -0.01367627 -0.1719571 -7.45058E-9 -0.01641572 0.9848965 -0.1723647 0.2785367 0.1717172 0.1726037 0.9699077 0.0 0.0 0.0 0.0 1.0
RightHand 0.9751793 -0.1047023 0.1950971 0.0 0.06379952 0.9766322 0.2052293 0.2080489 -0.2120261 -0.1876883 0.9590714 0.0 0.0 0.0 0.0 1.0
RightHandIndex1 0.9982805 0.05069193 0.02943473 -7.45058E-9 -0.05130847 0.9984707 0.02058236 0.1217248 -0.02834633 -0.02205722 0.9993547 0.0 0.0 0.0 0.0 1.0
RightHandIndex2 0.9930449 0.08711617 -0.07919963 0.0 -0.09355696 0.9922628 -0.08161816 0.03641254 0.07147656 0.08846018 0.9935119 0.0 0.0 0.0 0.0 1.0
RightHandIndex3 0.9914758 -0.1297433 -0.01195173 -1.49012E-8 0.1296684 0.9915338 -0.006847527 0.04258013 0.01273895 0.005239405 0.9999052 1.19209E-7 0.0 0.0 0.0 1.0
LeftUpLeg 1.0 0.0 -8.74228E-8 0.08783358 0.0 -1.0 0.0 -0.06948018 -8.74228E-8 0.0 -1.0 -0.005024686 0.0 0.0 0.0 1.0
LeftLeg 1.0 1.30065E-8 8.64498E-8 0.0 0.0 0.9888708 -0.1487771 0.4013815 -8.74228E-8 0.1487771 0.9888707 0.0 0.0 0.0 0.0 1.0
LeftFoot 1.0 0.0 0.0 0.0 0.0 0.8532885 0.521439 0.4440998 0.0 -0.521439 0.8532886 0.0 0.0 0.0 0.0 1.0
LeftToeBase 1.0 0.0 0.0 0.0 0.0 0.4519347 0.892051 0.1699878 0.0 -0.892051 0.4519348 1.86265E-9 0.0 0.0 0.0 1.0
RightUpLeg 1.0 0.0 -8.74228E-8 -0.08677246 0.0 -1.0 0.0 -0.06948018 -8.74228E-8 0.0 -1.0 -0.005024686 0.0 0.0 0.0 1.0
RightLeg 1.0 1.30065E-8 8.64498E-8 0.0 0.0 0.9888708 -0.1487771 0.4013815 -8.74228E-8 0.1487771 0.9888707 0.0 0.0 0.0 0.0 1.0
RightFoot 1.0 0.0 0.0 0.0 0.0 0.8532885 0.521439 0.4440998 0.0 -0.521439 0.8532886 0.0 0.0 0.0 0.0 1.0
RightToeBase 1.0 0.0 0.0 0.0 0.0 0.4519347 0.892051 0.1699878 0.0 -0.892051 0.4519348 1.86265E-9 0.0 0.0 0.0 1.0
Time 1.0
Hips 1.0 0.0 0.0 -5.30556E-4 0.0 0.0 -1.0 -0.006861079 0.0 1.0 0.0 1.089459 0.0 0.0 0.0 1.0
Spine 1.0 0.0 0.0 0.0 0.0 1.0 0.0 0.08270144 0.0 0.0 1.0 0.0 0.0 0.0 0.0 1.0
Spine1 1.0 0.0 0.0 0.0 0.0 1.0 0.0 0.0960958 0.0 0.0 1.0 -4.65661E-10 0.0 0.0 0.0 1.0
Spine2 1.0 0.0 0.0 0.0 0.0 1.0 0.0 0.152944 0.0 0.0 1.0 0.0 0.0 0.0 0.0 1.0
Neck 1.0 -4.64518E-11 1.75383E-11 0.0 1.85351E-11 0.7980353 -0.6026106 0.1584063 1.39962E-11 0.6026107 0.7980353 0.0 0.0 0.0 0.0 1.0
Head 1.0 -2.13979E-11 0.0 0.0 -1.47712E-11 0.3951186 0.9186301 0.07431257 -1.96567E-11 -0.91863 0.3951188 5.96046E-8 0.0 0.0 0.0 1.0
LeftShoulder 0.05217865 0.9735615 0.2223852 0.05690826 0.222385 -0.2284245 0.9478222 0.1443802 0.9735615 -7.87988E-7 -0.2284245 -0.01454709 0.0 0.0 0.0 1.0
LeftArm 0.9792508 0.1998974 0.03329403 2.98023E-8 -0.06912386 0.4839211 -0.8723776 0.1790588 -0.1904976 0.851975 0.4876977 0.0 0.0 0.0 0.0 1.0
LeftForeArm 0.9850096 0.01367627 0.1719571 7.45058E-9 0.01641572 0.9848965 -0.1723647 0.2785367 -0.1717172 0.1726037 0.9699077 0.0 0.0 0.0 0.0 1.0
LeftHand 0.9751793 0.1047023 -0.1950971 0.0 -0.06379952 0.9766322 0.2052293 0.2080489 0.2120261 -0.1876883 0.9590714 0.0 0.0 0.0 0.0 1.0
LeftHandIndex1 0.9982805 -0.05069193 -0.02943473 7.45058E-9 0.05130847 0.9984707 0.02058236 0.1217248 0.02834633 -0.02205722 0.9993547 0.0 0.0 0.0 0.0 1.0
LeftHandIndex2 0.9930449 -0.08711617 0.07919963 0.0 0.09355696 0.9922628 -0.08161816 0.03641254 -0.07147656 0.08846018 0.9935119 0.0 0.0 0.0 0.0 1.0
LeftHandIndex3 0.9914758 0.1297433 0.01195173 1.49012E-8 -0.1296684 0.9915338 -0.006847527 0.04258013 -0.01273895 0.005239405 0.9999052 1.19209E-7 0.0 0.0 0.0 1.0
RightShoulder 0.05217865 -0.9735615 -0.2223852 -0.05584715 -0.222385 -0.2284245 0.9478222 0.1443802 -0.9735615 -7.87988E-7 -0.2284245 -0.01454709 0.0 0.0 0.0 1.0
RightArm 0.9790943 0.2009815 -0.03131671 -2.98023E-8 -0.06949728 0.4752311 0.8771121 0.1790588 0.1911659 -0.856599 0.4792636 0.0 0.0 0.0 0.0 1.0
RightForeArm 0.9850096 -0.01367627 -0.1719571 -7.45058E-9 -0.01641572 0.9848965 -0.1723647 0.2785367 0.1717172 0.1726037 0.9699077 0.0 0.0 0.0 0.0 1.0
RightHand 0.9751793 -0.1047023 0.1950971 0.0 0.06379952 0.9766322 0.2052293 0.2080489 -0.2120261 -0.1876883 0.9590714 0.0 0.0 0.0 0.0 1.0
RightHandIndex1 0.9982805 0.05069193 0.02943473 -7.45058E-9 -0.05130847 0.9984707 0.02058236 0.1217248 -0.02834633 -0.02205722 0.9993547 0.0 0.0 0.0 0.0 1.0
RightHandIndex2 0.9930449 0.08711617 -0.07919963 0.0 -0.09355696 0.9922628 -0.08161816 0.03641254 0.07147656 0.08846018 0.9935119 0.0 0.0 0.0 0.0 1.0
RightHandIndex3 0.9914758 -0.1297433 -0.01195173 -1.49012E-8 0.1296684 0.9915338 -0.006847527 0.04258013 0.01273895 0.005239405 0.9999052 1.19209E-7 0.0 0.0 0.0 1.0
LeftUpLeg 1.0 0.0 -8.74228E-8 0.08783358 -6.14081E-8 -0.7117563 -0.7024265 -0.06948018 -6.22237E-8 0.7024265 -0.7117563 -0.005024686 0.0 0.0 0.0 1.0
LeftLeg 1.0 1.30065E-8 8.64498E-8 0.0 0.0 0.9888708 -0.1487771 0.4013815 -8.74228E-8 0.1487771 0.9888707 0.0 0.0 0.0 0.0 1.0
LeftFoot 1.0 0.0 0.0 0.0 0.0 0.8532885 0.521439 0.4440998 0.0 -0.521439 0.8532886 0.0 0.0 0.0 0.0 1.0
LeftToeBase 1.0 0.0 0.0 0.0 0.0 0.4519347 0.892051 0.1699878 0.0 -0.892051 0.4519348 1.86265E-9 0.0 0.0 0.0 1.0
RightUpLeg 1.0 -7.10543E-15 -8.74228E-8 -0.08677246 6.51444E-8 -0.6668796 0.7451655 -0.06948018 -5.83005E-8 -0.7451655 -0.6668796 -0.005024686 0.0 0.0 0.0 1.0
RightLeg 1.0 1.30065E-8 8.64498E-8 0.0 0.0 0.9888708 -0.1487771 0.4013815 -8.74228E-8 0.1487771 0.9888707 0.0 0.0 0.0 0.0 1.0
RightFoot 1.0 0.0 0.0 0.0 0.0 0.8532885 0.521439 0.4440998 0.0 -0.521439 0.8532886 0.0 0.0 0.0 0.0 1.0
RightToeBase 1.0 0.0 0.0 0.0 0.0 0.4519347 0.892051 0.1699878 0.0 -0.892051 0.4519348 1.86265E-9 0.0 0.0 0.0 1.0
Time 2.0
Hips 1.0 0.0 0.0 -5.30556E-4 0.0 0.0 -1.0 -0.006861079 0.0 1.0 0.0 1.089459 0.0 0.0 0.0 1.0
Spine 1.0 0.0 0.0 0.0 0.0 1.0 0.0 0.08270144 0.0 0.0 1.0 0.0 0.0 0.0 0.0 1.0
Spine1 1.0 0.0 0.0 0.0 0.0 1.0 0.0 0.0960958 0.0 0.0 1.0 -4.65661E-10 0.0 0.0 0.0 1.0
Spine2 1.0 0.0 0.0 0.0 0.0 1.0 0.0 0.152944 0.0 0.0 1.0 0.0 0.0 0.0 0.0 1.0
Neck 1.0 -4.64518E-11 1.75383E-11 0.0 1.85351E-11 0.7980353 -0.6026106 0.1584063 1.39962E-11 0.6026107 0.7980353 0.0 0.0 0.0 0.0 1.0
Head 1.0 -2.13977E-11 0.0 0.0 -3.51241E-12 0.921288 0.3888808 0.07431257 -8.32117E-12 -0.3888808 0.9212881 5.96046E-8 0.0 0.0 0.0 1.0
LeftShoulder 0.05217865 0.9735615 0.2223852 0.05690826 0.222385 -0.2284245 0.9478222 0.1443802 0.9735615 -7.87988E-7 -0.2284245 -0.01454709 0.0 0.0 0.0 1.0
LeftArm 0.9883561 0.03444982 0.148207 2.98023E-8 -0.01191302 0.9885626 -0.1503403 0.1790588 -0.1516911 0.1468242 0.9774622 0.0 0.0 0.0 0.0 1.0
LeftForeArm 0.9850096 0.01367627 0.1719571 7.45058E-9 0.01641572 0.9848965 -0.1723647 0.2785367 -0.1717172 0.1726037 0.9699077 0.0 0.0 0.0 0.0 1.0
LeftHand 0.9751793 0.1047023 -0.1950971 0.0 -0.06379952 0.9766322 0.2052293 0.2080489 0.2120261 -0.1876883 0.9590714 0.0 0.0 0.0 0.0 1.0
LeftHandIndex1 0.9982805 -0.05069193 -0.02943473 7.45058E-9 0.05130847 0.9984707 0.02058236 0.1217248 0.02834633 -0.02205722 0.9993547 0.0 0.0 0.0 0.0 1.0
LeftHandIndex2 0.9930449 -0.08711617 0.07919963 0.0 0.09355696 0.9922628 -0.08161816 0.03641254 -0.07147656 0.08846018 0.9935119 0.0 0.0 0.0 0.0 1.0
LeftHandIndex3 0.9914758 0.1297433 0.01195173 1.49012E-8 -0.1296684 0.9915338 -0.006847527 0.04258013 -0.01273895 0.005239405 0.9999052 1.19209E-7 0.0 0.0 0.0 1.0
RightShoulder 0.05217865 -0.9735615 -0.2223852 -0.05584715 -0.222385 -0.2284245 0.9478222 0.1443802 -0.9735615 -7.87988E-7 -0.2284245 -0.01454709 0.0 0.0 0.0 1.0
RightArm 0.9883561 -0.03444982 -0.148207 -2.98023E-8 0.01191302 0.9885626 -0.1503403 0.1790588 0.1516911 0.1468242 0.9774622 0.0 0.0 0.0 0.0 1.0
RightForeArm 0.9850096 -0.01367627 -0.1719571 -7.45058E-9 -0.01641572 0.9848965 -0.1723647 0.2785367 0.1717172 0.1726037 0.9699077 0.0 0.0 0.0 0.0 1.0
RightHand 0.9751793 -0.1047023 0.1950971 0.0 0.06379952 0.9766322 0.2052293 0.2080489 -0.2120261 -0.1876883 0.9590714 0.0 0.0 0.0 0.0 1.0
RightHandIndex1 0.9982805 0.05069193 0.02943473 -7.45058E-9 -0.05130847 0.9984707 0.02058236 0.1217248 -0.02834633 -0.02205722 0.9993547 0.0 0.0 0.0 0.0 1.0
RightHandIndex2 0.9930449 0.08711617 -0.07919963 0.0 -0.09355696 0.9922628 -0.08161816 0.03641254 0.07147656 0.08846018 0.9935119 0.0 0.0 0.0 0.0 1.0
RightHandIndex3 0.9914758 -0.1297433 -0.01195173 -1.49012E-8 0.1296684 0.9915338 -0.006847527 0.04258013 0.01273895 0.005239405 0.9999052 1.19209E-7 0.0 0.0 0.0 1.0
LeftUpLeg 1.0 0.0 -8.74228E-8 0.08783358 0.0 -1.0 0.0 -0.06948018 -8.74228E-8 0.0 -1.0 -0.005024686 0.0 0.0 0.0 1.0
LeftLeg 1.0 1.30065E-8 8.64498E-8 0.0 0.0 0.9888708 -0.1487771 0.4013815 -8.74228E-8 0.1487771 0.9888707 0.0 0.0 0.0 0.0 1.0
LeftFoot 1.0 0.0 0.0 0.0 0.0 0.8532885 0.521439 0.4440998 0.0 -0.521439 0.8532886 0.0 0.0 0.0 0.0 1.0
LeftToeBase 1.0 0.0 0.0 0.0 0.0 0.4519347 0.892051 0.1699878 0.0 -0.892051 0.4519348 1.86265E-9 0.0 0.0 0.0 1.0
RightUpLeg 1.0 0.0 -8.74228E-8 -0.08677246 0.0 -1.0 0.0 -0.06948018 -8.74228E-8 0.0 -1.0 -0.005024686 0.0 0.0 0.0 1.0
RightLeg 1.0 1.30065E-8 8.64498E-8 0.0 0.0 0.9888708 -0.1487771 0.4013815 -8.74228E-8 0.1487771 0.9888707 0.0 0.0 0.0 0.0 1.0
RightFoot 1.0 0.0 0.0 0.0 0.0 0.8532885 0.521439 0.4440998 0.0 -0.521439 0.8532886 0.0 0.0 0.0 0.0 1.0
RightToeBase 1.0 0.0 0.0 0.0 0.0 0.4519347 0.892051 0.1699878 0.0 -0.892051 0.4519348 1.86265E-9 0.0 0.0 0.0 1.0
