Root_Bone_Name Hips
Num_Keyframes 456
Num_Bones 57
Time 0.0
Hips 0.9950081 0.09901822 -0.01243025 -0.001226998 -0.09426323 0.9734259 0.2087022 1.01563 0.03276525 -0.2064888 0.9779 -0.01472801 0.0 0.0 0.0 1.0
Spine 0.999709 0.00991529 0.02200921 8.86303E-10 -0.008040192 0.9964575 -0.0837071 0.08859503 -0.02276124 0.08350572 0.9962473 0.001027007 0.0 0.0 0.0 1.0
Spine1 0.999445 -0.006984154 0.03257809 8.79027E-10 0.01020843 0.9949467 -0.09987996 0.103361 -0.0317159 0.100157 0.9944662 0.001198469 0.0 0.0 0.0 1.0
Spine2 0.999482 -0.006662524 0.03147305 -9.91122E-10 0.009787791 0.994918 -0.1002149 0.1181269 -0.0306454 0.1004711 0.9944679 0.001369673 0.0 0.0 0.0 1.0
Neck 0.998237 -0.05934892 3.71767E-4 -6.753E-11 0.05934911 0.9981648 -0.01199629 0.1328931 3.40882E-4 0.0119972 0.9999279 0.001540865 0.0 0.0 0.0 1.0
Head 0.9951329 -0.004703947 0.09842932 -5.91172E-10 0.008415055 0.9992681 -0.03732217 0.05086422 -0.09818169 0.03796882 0.994444 0.013521 0.0 0.0 0.0 1.0
HeadTop_End 1.0 2.62714E-15 0.0 -2.80897E-9 0.0 1.0 0.0 0.2417381 0.0 0.0 1.0 0.06426 0.0 0.0 0.0 1.0
LeftShoulder -0.2102226 0.1646355 0.9636918 0.07388096 -0.001390356 0.9856673 -0.1686933 0.1179856 -0.9776524 -0.03680301 -0.2069808 0.00166604 0.0 0.0 0.0 1.0
LeftArm 0.914369 -0.3834578 -0.1299517 -0.001734316 0.126953 0.5763161 -0.8073055 -0.03000689 0.3844604 0.7216784 0.5756473 0.1468321 0.0 0.0 0.0 1.0
LeftForeArm 0.4369287 -0.03295575 -0.898893 -0.003392364 -0.1148382 0.9891079 -0.09208319 -0.03346705 0.8921358 0.143461 0.4283849 0.2525435 0.0 0.0 0.0 1.0
LeftHand 0.9707586 -0.2304587 -0.06721418 -0.001444884 0.2393026 0.9512187 0.1947262 0.007421851 0.01905903 -0.2051167 0.9785519 0.2252732 0.0 0.0 0.0 1.0
LeftHandThumb1 0.8700008 -0.3191445 -0.375827 -0.02355197 0.418047 0.8816103 0.21909 -0.02040589 0.2614116 -0.3477217 0.9004185 0.01928395 0.0 0.0 0.0 1.0
LeftHandThumb2 0.9978924 -0.02144333 0.06123948 0.002511084 0.01209318 0.988739 0.1491554 -0.01632512 -0.06374824 -0.1481003 0.9869158 0.02422181 0.0 0.0 0.0 1.0
LeftHandThumb3 0.9967663 0.06236439 -0.05067164 9.92656E-4 -0.05086086 0.977855 0.2030115 -0.02965069 0.06221014 -0.1997778 0.9778647 0.03139845 0.0 0.0 0.0 1.0
LeftHandThumb4 1.0 -2.98024E-8 -2.98023E-8 0.002567232 0.0 1.0 0.0 -0.02090371 5.96046E-8 -2.98024E-8 0.9999999 0.02690247 0.0 0.0 0.0 1.0
LeftHandIndex1 0.9965 -0.06148624 0.05663688 -0.02738574 0.07419576 0.962657 -0.2603586 -0.002068758 -0.03851342 0.2636495 0.9638496 0.1141922 0.0 0.0 0.0 1.0
LeftHandIndex2 0.9981979 0.0599878 0.001496375 0.001943141 -0.03209196 0.5547486 -0.8313987 -0.00165379 -0.05070394 0.8298513 0.5556748 0.03395742 0.0 0.0 0.0 1.0
LeftHandIndex3 0.9974411 0.07025671 -0.01326639 0.00184983 -0.03840304 0.3699284 -0.9282658 -3.649E-4 -0.06030941 0.9263992 0.3716799 0.03260469 0.0 0.0 0.0 1.0
LeftHandIndex4 1.0 -3.70682E-14 -2.98023E-8 0.001114026 0.0 1.0 0.0 0.004409075 0.0 5.96045E-8 0.9999999 0.02012056 0.0 0.0 0.0 1.0
LeftHandMiddle1 0.9971253 0.04166709 0.06327955 0.009229533 -0.009131669 0.8952038 -0.4455639 -0.004790783 -0.0752134 0.4437055 0.8930107 0.1421444 0.0 0.0 0.0 1.0
LeftHandMiddle2 0.9981538 0.06045036 0.005832858 0.001498416 -0.02807444 0.5444538 -0.8383205 -0.001305103 -0.05385248 0.8366099 0.5451456 0.02765268 0.0 0.0 0.0 1.0
LeftHandMiddle3 0.9961139 0.08382965 -0.0270234 0.001502812 -0.03250677 0.06475069 -0.9973714 6.68406E-4 -0.08185954 0.9943742 0.06722402 0.02800184 0.0 0.0 0.0 1.0
LeftHandMiddle4 1.0 7.45056E-9 -1.49012E-8 8.76382E-4 0.0 1.0 0.0 0.00597024 1.49012E-8 5.96045E-8 1.0 0.01614219 0.0 0.0 0.0 1.0
LeftHandRing1 0.9900942 0.0953559 0.1030476 0.03668378 -4.55975E-4 0.7361487 -0.6768193 -0.00626421 -0.140397 0.6700687 0.7289007 0.1266219 0.0 0.0 0.0 1.0
LeftHandRing2 0.9984882 0.03159931 0.04496858 7.61539E-4 0.008044806 0.7253516 -0.6883311 -9.36508E-4 -0.05436882 0.6876518 0.7240015 0.02940333 0.0 0.0 0.0 1.0
LeftHandRing3 0.9977201 0.06648886 0.01157829 4.43071E-4 4.23324E-4 0.1653885 -0.9862282 -0.003770709 -0.06748819 0.9839843 0.1649833 0.01845163 0.0 0.0 0.0 1.0
LeftHandRing4 1.0 5.06947E-14 0.0 1.8838E-4 0.0 1.0 0.0 3.64423E-4 2.98023E-8 -1.00958E-13 0.9999999 0.005266368 0.0 0.0 0.0 1.0
RightShoulder 0.02938269 -0.3389814 -0.9403344 -0.07388107 -0.005121815 0.9406756 -0.3392655 0.1179854 0.9995548 0.01478473 0.02590343 0.001416017 0.0 0.0 0.0 1.0
RightArm 0.8677472 -0.04612081 0.4948603 0.001736014 0.3704125 0.7238781 -0.5820602 -0.03000689 -0.3313737 0.6883838 0.6452271 0.1468322 0.0 0.0 0.0 1.0
RightForeArm -0.4436499 0.03098627 0.8956649 0.00325427 0.1168295 0.992874 0.02351992 -0.03346729 -0.8885528 0.1150747 -0.4441085 0.2525464 0.0 0.0 0.0 1.0
RightHand 0.8493817 0.4338017 0.3006106 0.001526114 -0.3636808 0.8938383 -0.2622796 0.007421732 -0.3824743 0.1134493 0.9169747 0.2251984 0.0 0.0 0.0 1.0
RightHandThumb1 0.8523155 0.3781338 0.3613481 0.02362886 -0.3536521 0.9256573 -0.1344933 -0.01968086 -0.385341 -0.01316084 0.9226801 0.02127498 0.0 0.0 0.0 1.0
RightHandThumb2 0.971467 0.1985019 -0.1298066 -0.003461003 -0.183288 0.9756727 0.1202899 -0.01574481 0.1505266 -0.09306569 0.9842153 0.02520016 0.0 0.0 0.0 1.0
RightHandThumb3 0.8336953 0.3608935 -0.4179814 -0.004131496 -0.4127966 0.9100474 -0.0376014 -0.03116775 0.3668126 0.2038895 0.9076771 0.03180808 0.0 0.0 0.0 1.0
RightHandThumb4 1.0 -1.01368E-13 0.0 -0.003651798 0.0 1.0 0.0 -0.01938951 0.0 -2.98023E-8 1.0 0.02721965 0.0 0.0 0.0 1.0
RightHandIndex1 0.9765924 0.179842 0.1179987 0.02065891 -0.134928 0.9394264 -0.3150757 -0.003132224 -0.1675149 0.2917792 0.9417025 0.1152318 0.0 0.0 0.0 1.0
RightHandIndex2 0.9968451 -0.05721228 0.05500385 -0.003469646 0.07927321 0.7509485 -0.6555852 -2.58803E-4 -0.003797531 0.6578777 0.7531149 0.03331029 0.0 0.0 0.0 1.0
RightHandIndex3 0.9959564 -0.04730424 0.07637572 -0.003502905 0.07961813 0.8585743 -0.5064695 -1.17779E-4 -0.04161614 0.5105027 0.8588684 0.03337783 0.0 0.0 0.0 1.0
RightHandIndex4 1.0 -4.88101E-14 -2.98023E-8 -0.00235343 0.0 0.9999999 0.0 -0.005001783 0.0 1.01882E-13 1.0 0.01768231 0.0 0.0 0.0 1.0
RightHandMiddle1 0.9971825 -0.0677084 0.03226533 -0.01676022 0.07469448 0.8575016 -0.5090289 -0.01016104 0.006797954 0.5100057 0.8601428 0.1452912 0.0 0.0 0.0 1.0
RightHandMiddle2 0.9968804 -0.05704658 0.05454189 -0.002693817 0.0789248 0.7205956 -0.688849 0.002990007 -6.15418E-6 0.6910049 0.72285 0.02752256 0.0 0.0 0.0 1.0
RightHandMiddle3 0.9939085 -0.07145996 0.08390351 -0.002699271 0.1087645 0.513082 -0.8514209 1.16587E-4 0.0177931 0.8553599 0.517729 0.02611262 0.0 0.0 0.0 1.0
RightHandMiddle4 1.0 -7.4506E-9 0.0 -0.001644537 0.0 1.0 0.0 -7.08699E-4 -1.49012E-8 1.10911E-13 1.0 0.01545078 0.0 0.0 0.0 1.0
RightHandRing1 0.9917713 -0.09686195 -0.08371306 -0.04111859 0.0223627 0.7749046 -0.6316821 -0.01096153 0.1260557 0.6246123 0.7706936 0.1209639 0.0 0.0 0.0 1.0
RightHandRing2 0.9987849 -0.02610517 0.0418098 -0.00147301 0.04613323 0.7937914 -0.6064385 0.001183033 -0.01735708 0.6076308 0.79403 0.02795839 0.0 0.0 0.0 1.0
RightHandRing3 0.9975823 -0.04623157 0.05187756 -0.001306146 0.06624702 0.407393 -0.9108471 -0.004269361 0.02097535 0.9120826 0.4094709 0.02122992 0.0 0.0 0.0 1.0
RightHandRing4 0.9999999 -1.49011E-8 -2.98023E-8 -5.07623E-4 0.0 1.0 0.0 9.53674E-5 2.98023E-8 1.01095E-13 1.0 0.008834958 0.0 0.0 0.0 1.0
LeftUpLeg -0.2148576 -0.3222236 -0.9219591 0.07776496 0.005713116 0.9435749 -0.3311099 -0.04921389 0.9766286 -0.07640871 -0.2008934 0.01603299 0.0 0.0 0.0 1.0
LeftLeg 0.4062541 0.553843 -0.7267843 -0.007776374 -0.1966832 0.8297362 0.5223544 -0.4556345 0.8923414 -0.06926246 0.4460148 0.01204696 0.0 0.0 0.0 1.0
LeftFoot 0.9705209 -0.17115 -0.1696996 -0.002914868 0.1160554 0.9489416 -0.2933266 -0.4212197 0.2112381 0.2649848 0.9408302 0.04299005 0.0 0.0 0.0 1.0
LeftToeBase 0.9989181 -7.26022E-6 0.0465271 -0.002458617 2.63726E-6 1.0 9.9422E-5 -0.133055 -0.04652713 -9.91916E-5 0.9989175 -0.1660214 0.0 0.0 0.0 1.0
LeftToe_End 0.9999999 0.0 1.86265E-9 0.0123394 0.0 1.0 0.0 -8.43994E-4 -1.86265E-9 0.0 0.9999999 -0.07734535 0.0 0.0 0.0 1.0
RightUpLeg -0.7500316 -0.01993825 0.6611019 -0.07776501 0.02369704 0.9980931 0.05698634 -0.04921412 -0.660978 0.05840766 -0.7481291 0.01786699 0.0 0.0 0.0 1.0
RightLeg 0.869866 -0.2747928 0.4096606 0.007769834 0.04932314 0.87476 0.4820403 -0.4556345 -0.4908157 -0.3991051 0.7744773 0.02209619 0.0 0.0 0.0 1.0
RightFoot 0.9682049 0.07470475 0.2387438 0.002904914 0.004568811 0.9489288 -0.3154564 -0.4212198 -0.2501168 0.3065167 0.9184176 0.03137688 0.0 0.0 0.0 1.0
RightToeBase 0.9991524 -0.001909289 -0.04112129 0.002188645 7.87327E-4 0.9996276 -0.02728311 -0.1330536 0.04115808 0.02722763 0.998781 -0.1615488 0.0 0.0 0.0 1.0
RightToe_End 1.0 0.0 -1.86265E-9 -0.01192809 0.0 1.0 0.0 -8.43471E-4 3.72529E-9 0.0 1.0 -0.07652335 0.0 0.0 0.0 1.0
Time 0.0133332
Hips 0.9911811 0.1093353 -0.07486996 0.006085001 -0.09660581 0.9829428 0.1564923 1.02688 0.09070299 -0.1478792 0.9848381 -0.016057 0.0 0.0 0.0 1.0
Spine 0.999543 -0.01330146 0.02714974 -9.76343E-10 0.01460221 0.998727 -0.04828836 0.08859503 -0.02647287 0.04866274 0.9984645 0.001027007 0.0 0.0 0.0 1.0
Spine1 0.999076 -0.003165235 0.04287218 4.13365E-10 0.006864523 0.9962354 -0.0864163 0.1033609 -0.04243728 0.08663071 0.9953364 0.001198439 0.0 0.0 0.0 1.0
Spine2 0.999147 -0.003870978 0.04111584 -5.97993E-11 0.007448439 0.9961612 -0.08721608 0.118127 -0.04062041 0.08744791 0.9953405 0.001369665 0.0 0.0 0.0 1.0
Neck 0.997374 -0.07234487 -0.003344926 -6.753E-11 0.07237897 0.9973099 0.01153539 0.1328931 0.002501403 -0.0117472 0.9999278 0.001540867 0.0 0.0 0.0 1.0
Head 0.994996 -0.02454126 0.09685589 -5.91172E-10 0.02232274 0.9994651 0.0239229 0.05086422 -0.09739112 -0.0216411 0.995011 0.013521 0.0 0.0 0.0 1.0
HeadTop_End 1.0 2.62714E-15 0.0 -2.80897E-9 0.0 1.0 0.0 0.2417381 0.0 0.0 1.0 0.06426 0.0 0.0 0.0 1.0
LeftShoulder -0.2521989 0.1070571 0.9617357 0.07388105 -0.008274331 0.9935864 -0.1127725 0.1179854 -0.9676399 -0.03639881 -0.2496957 0.001666039 0.0 0.0 0.0 1.0
LeftArm 0.8522018 -0.5120381 -0.1075559 -0.001734316 0.2313545 0.5531586 -0.8003063 -0.03000677 0.4692827 0.6571392 0.5898654 0.1468321 0.0 0.0 0.0 1.0
LeftForeArm 0.439007 -0.0329266 -0.8978806 -0.003392332 -0.1147133 0.9890964 -0.09235939 -0.03346705 0.8911297 0.1435454 0.4304436 0.2525435 0.0 0.0 0.0 1.0
LeftHand 0.9544576 -0.298337 0.002450701 -0.00144485 0.2942756 0.9427526 0.156906 0.00742197 -0.04912131 -0.149039 0.9876102 0.2252731 0.0 0.0 0.0 1.0
LeftHandThumb1 0.8700315 -0.3192789 -0.375641 -0.02355194 0.4181131 0.881576 0.2190996 -0.02040613 0.2612022 -0.3476836 0.9004944 0.01928383 0.0 0.0 0.0 1.0
LeftHandThumb2 0.9978923 -0.02144366 0.06123909 0.002511084 0.01209356 0.988739 0.1491554 -0.01632535 -0.063748 -0.1481003 0.9869158 0.02422181 0.0 0.0 0.0 1.0
LeftHandThumb3 0.9967836 0.06222598 -0.05049953 9.92596E-4 -0.05076424 0.9778754 0.2029376 -0.02965057 0.06201011 -0.1997213 0.9778889 0.03139839 0.0 0.0 0.0 1.0
LeftHandThumb4 1.0 -2.98024E-8 -2.98023E-8 0.002567232 0.0 1.0 0.0 -0.02090371 5.96046E-8 -2.98024E-8 0.9999999 0.02690247 0.0 0.0 0.0 1.0
LeftHandIndex1 0.996501 -0.06132768 0.05677741 -0.02738574 0.07413579 0.9622818 -0.2617575 -0.002068758 -0.03858289 0.2650509 0.9634621 0.1141922 0.0 0.0 0.0 1.0
LeftHandIndex2 0.9981931 0.06007093 0.001455799 0.001943171 -0.03209795 0.5535364 -0.8322065 -0.00165391 -0.05079725 0.830655 0.5544651 0.03395754 0.0 0.0 0.0 1.0
LeftHandIndex3 0.9974346 0.07033049 -0.01332449 0.001849815 -0.0383965 0.3685763 -0.9288042 -3.6478E-4 -0.06041217 0.9269327 0.3703314 0.03260452 0.0 0.0 0.0 1.0
LeftHandIndex4 1.0 -3.70682E-14 -2.98023E-8 0.001114026 0.0 1.0 0.0 0.004409075 0.0 5.96045E-8 0.9999999 0.02012056 0.0 0.0 0.0 1.0
LeftHandMiddle1 0.9971192 0.04183279 0.06327361 0.009229492 -0.009173301 0.8945544 -0.4468655 -0.004790545 -0.07529531 0.444998 0.8923604 0.1421446 0.0 0.0 0.0 1.0
LeftHandMiddle2 0.9981495 0.06053716 0.005799793 0.001498416 -0.02807097 0.5432314 -0.8391132 -0.001305223 -0.05394822 0.8373978 0.5439249 0.02765268 0.0 0.0 0.0 1.0
LeftHandMiddle3 0.9961058 0.08389004 -0.02709796 0.001502797 -0.03246587 0.06329888 -0.9974658 6.68168E-4 -0.08196217 0.9944624 0.06577595 0.02800196 0.0 0.0 0.0 1.0
LeftHandMiddle4 1.0 7.45056E-9 -1.49012E-8 8.76382E-4 0.0 1.0 0.0 0.00597024 1.49012E-8 5.96045E-8 1.0 0.01614219 0.0 0.0 0.0 1.0
LeftHandRing1 0.9900946 0.09551685 0.1029048 0.03668371 -4.66248E-4 0.7351605 -0.677893 -0.00626421 -0.1404018 0.6711306 0.7279226 0.1266217 0.0 0.0 0.0 1.0
LeftHandRing2 0.9984844 0.03168482 0.0450089 7.61598E-4 0.008089405 0.7243547 -0.6893795 -9.36508E-4 -0.05444533 0.6886981 0.7230005 0.02940339 0.0 0.0 0.0 1.0
LeftHandRing3 0.9977145 0.06657681 0.01157216 4.43071E-4 5.00644E-4 0.1639619 -0.9864666 -0.003770709 -0.06757325 0.9842174 0.1635538 0.01845163 0.0 0.0 0.0 1.0
LeftHandRing4 1.0 5.06947E-14 0.0 1.8838E-4 0.0 1.0 0.0 3.64423E-4 2.98023E-8 -1.00958E-13 0.9999999 0.005266368 0.0 0.0 0.0 1.0
RightShoulder 0.02841192 -0.3596157 -0.9326676 -0.07388102 -0.004987318 0.9329809 -0.359889 0.1179854 0.9995839 0.01487664 0.02471429 0.001416016 0.0 0.0 0.0 1.0
RightArm 0.8540405 -0.04862043 0.5179287 0.001736023 0.3851347 0.728375 -0.5666927 -0.030007 -0.3496937 0.6834514 0.6407868 0.146832 0.0 0.0 0.0 1.0
RightForeArm -0.4656204 0.03057469 0.8844565 0.003254241 0.1153945 0.9929681 0.02642338 -0.03346729 -0.8774292 0.1143646 -0.4658745 0.2525465 0.0 0.0 0.0 1.0
RightHand 0.857969 0.3993399 0.3231355 0.00152606 -0.3319247 0.911045 -0.2445884 0.007421613 -0.3920648 0.1025927 0.9141988 0.2251984 0.0 0.0 0.0 1.0
RightHandThumb1 0.8523142 0.3781272 0.3613577 0.02362891 -0.3536957 0.9256577 -0.1343727 -0.01968086 -0.3853036 -0.01328292 0.922694 0.02127504 0.0 0.0 0.0 1.0
RightHandThumb2 0.971467 0.1985019 -0.1298066 -0.003461003 -0.183288 0.9756727 0.1202899 -0.01574481 0.1505266 -0.09306569 0.9842153 0.02520016 0.0 0.0 0.0 1.0
RightHandThumb3 0.8336953 0.3608936 -0.4179816 -0.004131496 -0.4127967 0.9100471 -0.03760094 -0.03116775 0.3668128 0.203889 0.9076778 0.03180811 0.0 0.0 0.0 1.0
RightHandThumb4 1.0 -1.01368E-13 0.0 -0.003651798 0.0 1.0 0.0 -0.01938951 0.0 -2.98023E-8 1.0 0.02721965 0.0 0.0 0.0 1.0
RightHandIndex1 0.9766312 0.1798208 0.1177049 0.02065894 -0.1346312 0.9387793 -0.3171233 -0.003132343 -0.1675241 0.2938657 0.9410522 0.1152316 0.0 0.0 0.0 1.0
RightHandIndex2 0.996827 -0.05731714 0.0552243 -0.003469646 0.07950547 0.7495085 -0.6572033 -2.58803E-4 -0.003722042 0.6595094 0.751687 0.03331029 0.0 0.0 0.0 1.0
RightHandIndex3 0.9959346 -0.04744755 0.07657346 -0.003502876 0.07993232 0.8574553 -0.5083114 -1.17779E-4 -0.04154027 0.5123652 0.8577622 0.03337795 0.0 0.0 0.0 1.0
RightHandIndex4 1.0 -4.88101E-14 -2.98023E-8 -0.00235343 0.0 0.9999999 0.0 -0.005001783 0.0 1.01882E-13 1.0 0.01768231 0.0 0.0 0.0 1.0
RightHandMiddle1 0.9971551 -0.06795395 0.03260399 -0.01676022 0.07506402 0.856382 -0.5108573 -0.01016104 0.006793305 0.511852 0.8590462 0.1452912 0.0 0.0 0.0 1.0
RightHandMiddle2 0.9968638 -0.05714704 0.05473322 -0.002693817 0.07912958 0.7190859 -0.6904015 0.002990007 9.65297E-5 0.6925676 0.7213531 0.02752256 0.0 0.0 0.0 1.0
RightHandMiddle3 0.9938856 -0.07151418 0.08412726 -0.002699286 0.1089452 0.5112035 -0.852527 1.16706E-4 0.01796161 0.8564792 0.5158691 0.02611285 0.0 0.0 0.0 1.0
RightHandMiddle4 1.0 -7.4506E-9 0.0 -0.001644537 0.0 1.0 0.0 -7.08699E-4 -1.49012E-8 1.10911E-13 1.0 0.01545078 0.0 0.0 0.0 1.0
RightHandRing1 0.9918354 -0.09706227 -0.08271242 -0.04111855 0.02286837 0.7734625 -0.6334288 -0.01096129 0.1254571 0.6263654 0.7693674 0.120964 0.0 0.0 0.0 1.0
RightHandRing2 0.9987795 -0.02615389 0.04190895 -0.00147301 0.04626543 0.7926229 -0.6079548 0.001183033 -0.01731759 0.6091518 0.7928647 0.02795839 0.0 0.0 0.0 1.0
RightHandRing3 0.9975752 -0.04623953 0.052021 -0.001306176 0.06633911 0.4055582 -0.9116585 -0.004269481 0.02105716 0.9128994 0.4076419 0.02122986 0.0 0.0 0.0 1.0
RightHandRing4 0.9999999 -1.49011E-8 -2.98023E-8 -5.07623E-4 0.0 1.0 0.0 9.53674E-5 2.98023E-8 1.01095E-13 1.0 0.008834958 0.0 0.0 0.0 1.0
LeftUpLeg -0.2128886 -0.3188351 -0.9235923 0.07776501 -0.001309108 0.9453533 -0.3260454 -0.04921389 0.9770761 -0.06820225 -0.2016722 0.01603302 0.0 0.0 0.0 1.0
LeftLeg 0.4582059 0.4903664 -0.7413415 -0.007776367 -0.2153527 0.8704468 0.4426578 -0.4556345 0.8623633 -0.04317857 0.5044448 0.01204697 0.0 0.0 0.0 1.0
LeftFoot 0.974564 -0.1340161 -0.1796249 -0.002914876 0.08178623 0.9589028 -0.2716916 -0.4212197 0.208654 0.25009 0.9454725 0.04299004 0.0 0.0 0.0 1.0
LeftToeBase 0.998918 -6.87107E-6 0.0465268 -0.002458617 2.24831E-6 1.0 9.94094E-5 -0.133055 -0.04652682 -9.91971E-5 0.9989176 -0.1660214 0.0 0.0 0.0 1.0
LeftToe_End 0.9999999 0.0 1.86265E-9 0.0123394 0.0 1.0 0.0 -8.43994E-4 -1.86265E-9 0.0 0.9999999 -0.07734535 0.0 0.0 0.0 1.0
RightUpLeg -0.7590531 -0.01821393 0.6507741 -0.07776501 0.007417805 0.9993011 0.03662062 -0.04921389 -0.6509863 0.03262429 -0.7583883 0.01786699 0.0 0.0 0.0 1.0
RightLeg 0.8474689 -0.2321925 0.47737 0.007769857 0.02346981 0.9147764 0.4032798 -0.4556345 -0.5303249 -0.330564 0.7806934 0.02209623 0.0 0.0 0.0 1.0
RightFoot 0.9680478 0.07343264 0.2397745 0.002904937 -0.009561778 0.9662766 -0.2573262 -0.4212198 -0.2505845 0.2468108 0.9361057 0.03137688 0.0 0.0 0.0 1.0
RightToeBase 0.9991516 -0.00230628 -0.04110987 0.002188645 9.50974E-4 0.9994563 -0.03295694 -0.1330535 0.04116356 0.03288992 0.99861 -0.1615488 0.0 0.0 0.0 1.0
RightToe_End 1.0 0.0 -1.86265E-9 -0.01192809 0.0 1.0 0.0 -8.43471E-4 3.72529E-9 0.0 1.0 -0.07652335 0.0 0.0 0.0 1.0
Time 0.02666676
Hips 0.9834089 0.1154222 -0.139946 0.014638 -0.1012304 0.9893458 0.1046242 1.035573 0.1505311 -0.08872157 0.984616 -0.018951 0.0 0.0 0.0 1.0
Spine 0.998943 -0.03532434 0.02940834 -4.502E-11 0.036054 0.9990451 -0.0246619 0.08859515 -0.0285091 0.02569611 0.9992632 0.001027003 0.0 0.0 0.0 1.0
Spine1 0.9986339 -0.002133761 0.05221135 1.80535E-10 0.006028928 0.9971986 -0.0745605 0.103361 -0.05190601 0.07477349 0.9958482 0.001198454 0.0 0.0 0.0 1.0
Spine2 0.998754 -0.003895457 0.04974727 -5.25461E-10 0.007671751 0.9970826 -0.07594595 0.1181269 -0.04930628 0.07623302 0.9958701 0.001369665 0.0 0.0 0.0 1.0
Neck 0.996258 -0.08620118 -0.006288158 -6.753E-11 0.08638374 0.995469 0.0397454 0.1328931 0.002833567 -0.04013989 0.9991897 0.001540865 0.0 0.0 0.0 1.0
Head 0.9937139 -0.05920626 0.09500667 -5.91172E-10 0.04846377 0.9925661 0.1116441 0.05086422 -0.1009104 -0.106338 0.989196 0.013521 0.0 0.0 0.0 1.0
HeadTop_End 1.0 2.62714E-15 0.0 -2.80897E-9 0.0 1.0 0.0 0.2417381 0.0 0.0 1.0 0.06426 0.0 0.0 0.0 1.0
LeftShoulder -0.2926405 0.05564902 0.9546022 0.07388099 -0.0157231 0.9978907 -0.06299255 0.1179855 -0.9560933 -0.03344348 -0.2911482 0.00166604 0.0 0.0 0.0 1.0
LeftArm 0.7742946 -0.6252582 -0.09756594 -0.001734375 0.3262903 0.5265623 -0.7850264 -0.03000689 0.5422182 0.5760077 0.6117305 0.1468321 0.0 0.0 0.0 1.0
LeftForeArm 0.4210398 -0.03316548 -0.9064363 -0.003392332 -0.1158787 0.9891763 -0.09001866 -0.03346705 0.8996094 0.1429381 0.4126397 0.2525435 0.0 0.0 0.0 1.0
LeftHand 0.9265611 -0.3724733 0.05243003 -0.001444824 0.3658069 0.924753 0.1049662 0.007421851 -0.08758193 -0.07807834 0.993093 0.2252732 0.0 0.0 0.0 1.0
LeftHandThumb1 0.8700243 -0.3192472 -0.3756844 -0.02355198 0.4180975 0.8815842 0.2190973 -0.02040589 0.2612513 -0.3476927 0.9004762 0.01928383 0.0 0.0 0.0 1.0
LeftHandThumb2 0.9978923 -0.02144303 0.06123978 0.002511084 0.01209278 0.9887394 0.1491558 -0.01632512 -0.0637486 -0.1481009 0.9869152 0.02422184 0.0 0.0 0.0 1.0
LeftHandThumb3 0.9967794 0.06225689 -0.0505383 9.92656E-4 -0.05078578 0.9778702 0.2029539 -0.02965057 0.06205514 -0.1997336 0.9778835 0.03139845 0.0 0.0 0.0 1.0
LeftHandThumb4 1.0 -2.98024E-8 -2.98023E-8 0.002567232 0.0 1.0 0.0 -0.02090371 5.96046E-8 -2.98024E-8 0.9999999 0.02690247 0.0 0.0 0.0 1.0
LeftHandIndex1 0.9965102 -0.06100039 0.05696964 -0.02738574 0.07398543 0.9615139 -0.264607 -0.002068877 -0.03863592 0.2678986 0.9626722 0.1141922 0.0 0.0 0.0 1.0
LeftHandIndex2 0.9981829 0.06024031 0.001373634 0.001943141 -0.03210921 0.551063 -0.8338459 -0.001653671 -0.05098811 0.8322857 0.5519966 0.03395748 0.0 0.0 0.0 1.0
LeftHandIndex3 0.9974226 0.0704807 -0.01344255 0.00184983 -0.03838228 0.365819 -0.9298943 -3.649E-4 -0.06062213 0.9280129 0.3675815 0.0326044 0.0 0.0 0.0 1.0
LeftHandIndex4 1.0 -3.70682E-14 -2.98023E-8 0.001114026 0.0 1.0 0.0 0.004409075 0.0 5.96045E-8 0.9999999 0.02012056 0.0 0.0 0.0 1.0
LeftHandMiddle1 0.9971054 0.04217129 0.0632616 0.009229522 -0.009258223 0.8932248 -0.4495148 -0.004790783 -0.07546343 0.447628 0.89103 0.1421446 0.0 0.0 0.0 1.0
LeftHandMiddle2 0.9981387 0.06071416 0.005732998 0.001498446 -0.028063 0.5407407 -0.8407206 -0.001304984 -0.05414373 0.8389952 0.5414378 0.0276528 0.0 0.0 0.0 1.0
LeftHandMiddle3 0.9960923 0.08401223 -0.02725058 0.001502797 -0.03238247 0.06033977 -0.9976521 6.68406E-4 -0.08217073 0.9946365 0.06282443 0.02800184 0.0 0.0 0.0 1.0
LeftHandMiddle4 1.0 7.45056E-9 -1.49012E-8 8.76382E-4 0.0 1.0 0.0 0.00597024 1.49012E-8 5.96045E-8 1.0 0.01614219 0.0 0.0 0.0 1.0
LeftHandRing1 0.9900935 0.0958456 0.1026016 0.03668371 -4.95885E-4 0.7331395 -0.680078 -0.00626421 -0.1404037 0.673291 0.7259242 0.1266215 0.0 0.0 0.0 1.0
LeftHandRing2 0.9984751 0.03186065 0.04508945 7.61569E-4 0.00817866 0.7223206 -0.6915099 -9.36508E-4 -0.05460104 0.6908235 0.7209587 0.02940333 0.0 0.0 0.0 1.0
LeftHandRing3 0.9977027 0.06675595 0.01155831 4.43012E-4 6.57947E-4 0.1610492 -0.9869466 -0.003770709 -0.06774607 0.9846861 0.1606353 0.01845157 0.0 0.0 0.0 1.0
LeftHandRing4 1.0 5.06947E-14 0.0 1.8838E-4 0.0 1.0 0.0 3.64423E-4 2.98023E-8 -1.00958E-13 0.9999999 0.005266368 0.0 0.0 0.0 1.0
RightShoulder 0.02474997 -0.3704059 -0.9285406 -0.07388096 -0.00577869 0.9287555 -0.3706465 0.1179855 0.9996773 0.01453922 0.02084623 0.001416019 0.0 0.0 0.0 1.0
RightArm 0.8374975 -0.04959264 0.5441849 0.001736008 0.4042626 0.7262688 -0.5559713 -0.030007 -0.3676527 0.6856186 0.6282969 0.1468321 0.0 0.0 0.0 1.0
RightForeArm -0.48838 0.030124 0.8721122 0.00325427 0.1138362 0.9930633 0.02944615 -0.03346729 -0.8651744 0.1136587 -0.4884221 0.2525464 0.0 0.0 0.0 1.0
RightHand 0.86883 0.3538896 0.3462589 0.001526056 -0.2889683 0.9303383 -0.225762 0.007421851 -0.4020322 0.09609108 0.9105692 0.2251984 0.0 0.0 0.0 1.0
RightHandThumb1 0.8523117 0.3781117 0.3613795 0.02362887 -0.3537935 0.9256598 -0.1340994 -0.01968086 -0.3852192 -0.01355921 0.9227255 0.02127492 0.0 0.0 0.0 1.0
RightHandThumb2 0.9714669 0.1985015 -0.1298062 -0.003461003 -0.1832877 0.9756725 0.1202899 -0.01574492 0.1505261 -0.0930658 0.9842155 0.02520016 0.0 0.0 0.0 1.0
RightHandThumb3 0.8336953 0.3608936 -0.4179816 -0.004131496 -0.4127967 0.9100471 -0.03760094 -0.03116775 0.3668128 0.203889 0.9076778 0.03180811 0.0 0.0 0.0 1.0
RightHandThumb4 1.0 -1.01368E-13 0.0 -0.003651798 0.0 1.0 0.0 -0.01938951 0.0 -2.98023E-8 1.0 0.02721965 0.0 0.0 0.0 1.0
RightHandIndex1 0.9767224 0.1796995 0.1171361 0.02065888 -0.1339604 0.9374887 -0.3212003 -0.003132463 -0.1675332 0.2980318 0.9397396 0.1152316 0.0 0.0 0.0 1.0
RightHandIndex2 0.9967906 -0.05752485 0.05566704 -0.003469586 0.07996976 0.746622 -0.6604243 -2.58684E-4 -0.003571451 0.6627567 0.7488259 0.03331041 0.0 0.0 0.0 1.0
RightHandIndex3 0.9958906 -0.04773208 0.07696944 -0.003502935 0.08055913 0.8552091 -0.5119839 -1.1754E-4 -0.04138699 0.51608 0.8555402 0.03337783 0.0 0.0 0.0 1.0
RightHandIndex4 1.0 -4.88101E-14 -2.98023E-8 -0.00235343 0.0 0.9999999 0.0 -0.005001783 0.0 1.01882E-13 1.0 0.01768231 0.0 0.0 0.0 1.0
RightHandMiddle1 0.9970987 -0.06844024 0.0333105 -0.01676019 0.07581519 0.8541341 -0.514497 -0.01016092 0.006760664 0.5155305 0.8568438 0.1452912 0.0 0.0 0.0 1.0
RightHandMiddle2 0.9968317 -0.05734716 0.05511691 -0.002693817 0.07953918 0.7160596 -0.6934926 0.002989888 3.02836E-4 0.6956792 0.7183523 0.02752233 0.0 0.0 0.0 1.0
RightHandMiddle3 0.9938399 -0.07162089 0.08457415 -0.002699256 0.1093046 0.5074503 -0.8547209 1.16706E-4 0.01829867 0.8586996 0.5121531 0.02611274 0.0 0.0 0.0 1.0
RightHandMiddle4 1.0 -7.4506E-9 0.0 -0.001644537 0.0 1.0 0.0 -7.08699E-4 -1.49012E-8 1.10911E-13 1.0 0.01545078 0.0 0.0 0.0 1.0
RightHandRing1 0.9919558 -0.09746635 -0.08077508 -0.04111864 0.02385055 0.7705727 -0.6369052 -0.01096129 0.1243201 0.6298556 0.7666976 0.1209639 0.0 0.0 0.0 1.0
RightHandRing2 0.9987679 -0.02624956 0.0421074 -0.00147301 0.04652849 0.7902797 -0.6109778 0.001183033 -0.01723871 0.6121849 0.7905268 0.02795839 0.0 0.0 0.0 1.0
RightHandRing3 0.9975587 -0.04625371 0.0523105 -0.001306176 0.06652395 0.401855 -0.9132838 -0.004269361 0.02122158 0.9145348 0.4039511 0.0212298 0.0 0.0 0.0 1.0
RightHandRing4 0.9999999 -1.49011E-8 -2.98023E-8 -5.07623E-4 0.0 1.0 0.0 9.53674E-5 2.98023E-8 1.01095E-13 1.0 0.008834958 0.0 0.0 0.0 1.0
LeftUpLeg -0.2119536 -0.3147696 -0.9252 0.07776502 -0.002975264 0.9469133 -0.321475 -0.04921401 0.9772751 -0.0653851 -0.2016381 0.016033 0.0 0.0 0.0 1.0
LeftLeg 0.4854668 0.4289114 -0.7618111 -0.007776359 -0.2180235 0.903249 0.3696052 -0.4556344 0.8466327 -0.0133384 0.5320096 0.01204698 0.0 0.0 0.0 1.0
LeftFoot 0.9762356 -0.1158054 -0.1831766 -0.002914883 0.06909975 0.9674682 -0.2433737 -0.4212197 0.2054016 0.2249327 0.9524783 0.04299003 0.0 0.0 0.0 1.0
LeftToeBase 0.998918 -6.87107E-6 0.0465268 -0.002458617 2.24831E-6 1.0 9.94094E-5 -0.133055 -0.04652682 -9.91971E-5 0.9989176 -0.1660214 0.0 0.0 0.0 1.0
LeftToe_End 0.9999999 0.0 1.86265E-9 0.0123394 0.0 1.0 0.0 -8.43994E-4 -1.86265E-9 0.0 0.9999999 -0.07734535 0.0 0.0 0.0 1.0
RightUpLeg -0.7668191 -0.01783048 0.6416165 -0.07776501 -0.01289165 0.9998398 0.01237824 -0.04921412 -0.6417353 0.001220373 -0.7669259 0.01786699 0.0 0.0 0.0 1.0
RightLeg 0.819473 -0.1903273 0.5405913 0.007769842 0.002206281 0.9442882 0.3291129 -0.4556346 -0.5731131 -0.2685066 0.7742382 0.02209622 0.0 0.0 0.0 1.0
RightFoot 0.9685202 0.0717741 0.2383649 0.002904929 -0.02175473 0.978273 -0.2061751 -0.4212198 -0.2479838 0.1944989 0.9490395 0.03137688 0.0 0.0 0.0 1.0
RightToeBase 0.9991522 -0.002143686 -0.04111351 0.002188645 8.51832E-4 0.9995061 -0.03141344 -0.1330536 0.04116056 0.0313518 0.9986601 -0.1615488 0.0 0.0 0.0 1.0
RightToe_End 1.0 0.0 -1.86265E-9 -0.01192809 0.0 1.0 0.0 -8.43471E-4 3.72529E-9 0.0 1.0 -0.07652335 0.0 0.0 0.0 1.0
Time 0.03999996
Hips 0.9712541 0.1163003 -0.2077019 0.024926 -0.1070501 0.9927158 0.05527329 1.038784 0.2126173 -0.03144991 0.9766291 -0.024584 0.0 0.0 0.0 1.0
Spine 0.99868 -0.04359569 0.02715413 -3.77031E-9 0.04414106 0.9988289 -0.01982021 0.08859515 -0.02625825 0.02099267 0.9994348 0.001027003 0.0 0.0 0.0 1.0
Spine1 0.9982879 -0.008675268 0.05785019 8.79027E-10 0.01252836 0.9977021 -0.06657813 0.1033609 -0.05713971 0.06718887 0.9961029 0.001198439 0.0 0.0 0.0 1.0
Spine2 0.998453 -0.01128357 0.05443796 -1.92244E-9 0.01500998 0.9975357 -0.06853692 0.118127 -0.05353045 0.06924808 0.9961619 0.001369673 0.0 0.0 0.0 1.0
Neck 0.994629 -0.1032828 -0.006748041 -6.753E-11 0.1035005 0.9920361 0.07176809 0.1328931 -7.18107E-4 -0.07208107 0.9973978 0.001540865 0.0 0.0 0.0 1.0
Head 0.988492 -0.1174227 0.09537005 -5.91172E-10 0.09240232 0.9678551 0.2339212 0.05086422 -0.119772 -0.2224168 0.967567 0.013521 0.0 0.0 0.0 1.0
HeadTop_End 1.0 2.62714E-15 0.0 -2.80897E-9 0.0 1.0 0.0 0.2417381 0.0 0.0 1.0 0.06426 0.0 0.0 0.0 1.0
LeftShoulder -0.3222367 0.02242504 0.9463943 0.07388102 -0.02237056 0.99926 -0.03129466 0.1179854 -0.946395 -0.03125563 -0.3214967 0.001666047 0.0 0.0 0.0 1.0
LeftArm 0.6907908 -0.717108 -0.09253933 -0.001734495 0.4160855 0.4989201 -0.7602308 -0.03000689 0.5913373 0.4866565 0.6430281 0.1468321 0.0 0.0 0.0 1.0
LeftForeArm 0.3641125 -0.03383189 -0.9307409 -0.003392334 -0.1191905 0.9894308 -0.0825935 -0.03346705 0.9236966 0.1410089 0.3562317 0.2525435 0.0 0.0 0.0 1.0
LeftHand 0.9160764 -0.3917043 0.08585856 -0.001444794 0.386257 0.9194555 0.07353478 0.00742197 -0.107747 -0.03420002 0.9935898 0.2252732 0.0 0.0 0.0 1.0
LeftHandThumb1 0.8700197 -0.3192269 -0.3757131 -0.02355199 0.4180876 0.8815897 0.2190956 -0.02040577 0.2612838 -0.3476984 0.9004645 0.01928383 0.0 0.0 0.0 1.0
LeftHandThumb2 0.9978923 -0.02144591 0.06123671 0.002511084 0.01209628 0.9887393 0.1491533 -0.01632524 -0.06374589 -0.1480981 0.9869161 0.02422181 0.0 0.0 0.0 1.0
LeftHandThumb3 0.9967777 0.06228334 -0.05055329 9.92596E-4 -0.05080778 0.9778662 0.2029692 -0.02965069 0.06207591 -0.1997465 0.9778798 0.03139839 0.0 0.0 0.0 1.0
LeftHandThumb4 1.0 -2.98024E-8 -2.98023E-8 0.002567232 0.0 1.0 0.0 -0.02090371 5.96046E-8 -2.98024E-8 0.9999999 0.02690247 0.0 0.0 0.0 1.0
LeftHandIndex1 0.99653 -0.06039546 0.05726832 -0.02738578 0.07369387 0.9600783 -0.26985 -0.002068639 -0.03868434 0.2731341 0.9611977 0.1141923 0.0 0.0 0.0 1.0
LeftHandIndex2 0.9981643 0.060552 0.001222044 0.001943141 -0.03212793 0.5464979 -0.8368439 -0.00165379 -0.05134049 0.835267 0.5474409 0.03395748 0.0 0.0 0.0 1.0
LeftHandIndex3 0.9973995 0.07075612 -0.01366213 0.00184983 -0.03835505 0.36073 -0.9318817 -3.649E-4 -0.06100792 0.9299824 0.3625062 0.03260469 0.0 0.0 0.0 1.0
LeftHandIndex4 1.0 -3.70682E-14 -2.98023E-8 0.001114026 0.0 1.0 0.0 0.004409075 0.0 5.96045E-8 0.9999999 0.02012056 0.0 0.0 0.0 1.0
LeftHandMiddle1 0.9970803 0.04279344 0.06323681 0.009229463 -0.009412307 0.8907571 -0.454383 -0.004790783 -0.07577315 0.4524612 0.8885595 0.1421446 0.0 0.0 0.0 1.0
LeftHandMiddle2 0.9981201 0.06103968 0.005608842 0.001498416 -0.02804668 0.536141 -0.8436621 -0.001305223 -0.05450404 0.8419185 0.5368447 0.0276528 0.0 0.0 0.0 1.0
LeftHandMiddle3 0.9960655 0.08423617 -0.02753311 0.001502812 -0.03222785 0.05489008 -0.9979715 6.68287E-4 -0.08255409 0.9949325 0.05738882 0.02800196 0.0 0.0 0.0 1.0
LeftHandMiddle4 1.0 7.45056E-9 -1.49012E-8 8.76382E-4 0.0 1.0 0.0 0.00597024 1.49012E-8 5.96045E-8 1.0 0.01614219 0.0 0.0 0.0 1.0
LeftHandRing1 0.9900907 0.09644879 0.1020649 0.03668377 -5.33487E-4 0.7293989 -0.6840881 -0.00626421 -0.1404254 0.6772555 0.7222226 0.1266218 0.0 0.0 0.0 1.0
LeftHandRing2 0.9984581 0.03218389 0.04523638 7.61509E-4 0.008344952 0.7185584 -0.695416 -9.36508E-4 -0.05488628 0.6947205 0.7171821 0.02940327 0.0 0.0 0.0 1.0
LeftHandRing3 0.9976805 0.06708717 0.01153143 4.43041E-4 9.49037E-4 0.1556783 -0.9878073 -0.003770709 -0.06806442 0.985527 0.1552535 0.01845169 0.0 0.0 0.0 1.0
LeftHandRing4 1.0 5.06947E-14 0.0 1.8838E-4 0.0 1.0 0.0 3.64423E-4 2.98023E-8 -1.00958E-13 0.9999999 0.005266368 0.0 0.0 0.0 1.0
RightShoulder 0.0230615 -0.3708225 -0.9284168 -0.07388096 -0.006876376 0.9285824 -0.3710599 0.1179852 0.9997103 0.01494133 0.01886461 0.001416015 0.0 0.0 0.0 1.0
RightArm 0.8155646 -0.05162191 0.5763577 0.001736034 0.4305441 0.7196141 -0.5447806 -0.03000689 -0.3866329 0.6924517 0.6091176 0.146832 0.0 0.0 0.0 1.0
RightForeArm -0.5069751 0.02973777 0.8614485 0.003254212 0.1124809 0.9931414 0.03191275 -0.03346717 -0.8545908 0.1130753 -0.5068431 0.2525465 0.0 0.0 0.0 1.0
RightHand 0.8782455 0.2950301 0.3763539 0.001526056 -0.2346085 0.9516072 -0.1985059 0.007421732 -0.4167056 0.08604112 0.9049608 0.2251984 0.0 0.0 0.0 1.0
RightHandThumb1 0.8523074 0.3780828 0.3614205 0.02362892 -0.3539791 0.9256647 -0.1335801 -0.01968098 -0.3850585 -0.01408394 0.9227841 0.02127492 0.0 0.0 0.0 1.0
RightHandThumb2 0.9714668 0.1985013 -0.1298059 -0.003460944 -0.1832874 0.9756726 0.1202899 -0.01574481 0.1505257 -0.09306598 0.9842153 0.02520013 0.0 0.0 0.0 1.0
RightHandThumb3 0.8336953 0.3608935 -0.4179814 -0.004131496 -0.4127966 0.9100474 -0.0376014 -0.03116775 0.3668126 0.2038895 0.9076771 0.03180808 0.0 0.0 0.0 1.0
RightHandThumb4 1.0 -1.01368E-13 0.0 -0.003651798 0.0 1.0 0.0 -0.01938951 0.0 -2.98023E-8 1.0 0.02721965 0.0 0.0 0.0 1.0
RightHandIndex1 0.9768919 0.1794369 0.1161197 0.02065891 -0.1327109 0.9351183 -0.3285443 -0.003132343 -0.1675385 0.3055419 0.9373236 0.1152316 0.0 0.0 0.0 1.0
RightHandIndex2 0.9967239 -0.0578956 0.05646828 -0.003469616 0.08080664 0.7413749 -0.6662081 -2.58684E-4 -0.003293663 0.6685891 0.7436244 0.03331017 0.0 0.0 0.0 1.0
RightHandIndex3 0.9958094 -0.04824157 0.07768771 -0.003502905 0.08168928 0.8511118 -0.5185896 -1.17898E-4 -0.04110342 0.522763 0.8514862 0.03337771 0.0 0.0 0.0 1.0
RightHandIndex4 1.0 -4.88101E-14 -2.98023E-8 -0.00235343 0.0 0.9999999 0.0 -0.005001783 0.0 1.01882E-13 1.0 0.01768231 0.0 0.0 0.0 1.0
RightHandMiddle1 0.9969948 -0.06931178 0.03459259 -0.01676019 0.07717352 0.850035 -0.5210415 -0.01016104 0.006709389 0.5221456 0.8528293 0.1452912 0.0 0.0 0.0 1.0
RightHandMiddle2 0.9967724 -0.05770411 0.05581189 -0.002693862 0.08027618 0.7105587 -0.699044 0.002990007 6.80104E-4 0.7012677 0.712898 0.02752256 0.0 0.0 0.0 1.0
RightHandMiddle3 0.9937577 -0.07180924 0.08538158 -0.002699271 0.1099495 0.5006436 -0.8586433 1.16587E-4 0.01891276 0.8626702 0.5054138 0.02611274 0.0 0.0 0.0 1.0
RightHandMiddle4 1.0 -7.4506E-9 0.0 -0.001644537 0.0 1.0 0.0 -7.08699E-4 -1.49012E-8 1.10911E-13 1.0 0.01545078 0.0 0.0 0.0 1.0
RightHandRing1 0.9921676 -0.0981859 -0.0772266 -0.04111855 0.0256734 0.7652982 -0.643163 -0.01096141 0.122251 0.6361421 0.761825 0.120964 0.0 0.0 0.0 1.0
RightHandRing2 0.9987488 -0.02642025 0.0424647 -0.00147301 0.04700084 0.7860423 -0.6163841 0.001183033 -0.01709405 0.617609 0.7862999 0.02795839 0.0 0.0 0.0 1.0
RightHandRing3 0.99753 -0.04627746 0.0528383 -0.001306176 0.06685986 0.3950991 -0.9162017 -0.004269481 0.02152312 0.9174725 0.3972172 0.0212298 0.0 0.0 0.0 1.0
RightHandRing4 0.9999999 -1.49011E-8 -2.98023E-8 -5.07623E-4 0.0 1.0 0.0 9.53674E-5 2.98023E-8 1.01095E-13 1.0 0.008834958 0.0 0.0 0.0 1.0
LeftUpLeg -0.2140533 -0.3115875 -0.9257938 0.07776499 0.009953879 0.9470155 -0.3210318 -0.04921389 0.9767712 -0.07793312 -0.1996104 0.016033 0.0 0.0 0.0 1.0
LeftLeg 0.4910201 0.3860273 -0.7809493 -0.0077764 -0.2048703 0.9224876 0.3271779 -0.4556345 0.8467161 -6.57633E-4 0.5320448 0.012047 0.0 0.0 0.0 1.0
LeftFoot 0.9733915 -0.1424708 -0.1794759 -0.002914876 0.1009769 0.9697657 -0.2221656 -0.4212197 0.2057019 0.1981311 0.9583477 0.04299003 0.0 0.0 0.0 1.0
LeftToeBase 0.998918 -6.87107E-6 0.0465268 -0.002458617 2.24831E-6 1.0 9.94094E-5 -0.133055 -0.04652682 -9.91971E-5 0.9989176 -0.1660214 0.0 0.0 0.0 1.0
LeftToe_End 0.9999999 0.0 1.86265E-9 0.0123394 0.0 1.0 0.0 -8.43994E-4 -1.86265E-9 0.0 0.9999999 -0.07734535 0.0 0.0 0.0 1.0
RightUpLeg -0.7687405 -0.01203035 0.6394489 -0.077765 -0.04269187 0.9985574 -0.03253732 -0.04921412 -0.6381354 -0.0523119 -0.768146 0.017867 0.0 0.0 0.0 1.0
RightLeg 0.7978706 -0.1712341 0.5779967 0.007769849 -0.009031797 0.9553063 0.2954809 -0.4556345 -0.6027598 -0.2409762 0.7606642 0.02209622 0.0 0.0 0.0 1.0
RightFoot 0.9623478 0.08092671 0.2594973 0.002904929 -0.03371571 0.9828181 -0.1814671 -0.4212198 -0.2697244 0.165885 0.948542 0.03137689 0.0 0.0 0.0 1.0
RightToeBase 0.9991516 -0.00186719 -0.04113191 0.002188645 0.001058173 0.9998055 -0.01968178 -0.1330536 0.04116071 0.01962158 0.9989586 -0.1615488 0.0 0.0 0.0 1.0
RightToe_End 1.0 0.0 -1.86265E-9 -0.01192809 0.0 1.0 0.0 -8.43471E-4 3.72529E-9 0.0 1.0 -0.07652335 0.0 0.0 0.0 1.0
Time 0.05333316
Hips 0.9558502 0.1148954 -0.2704632 0.036316 -0.1133462 0.9933248 0.02139539 1.036618 0.2711161 0.01020514 0.9624932 -0.032371 0.0 0.0 0.0 1.0
Spine 0.9992089 -0.03320525 0.02186148 -3.77031E-9 0.03390844 0.9988924 -0.03262287 0.08859503 -0.020754 0.03333836 0.9992288 0.001026996 0.0 0.0 0.0 1.0
Spine1 0.998004 -0.02300613 0.05880509 1.81035E-9 0.02682974 0.9975194 -0.06508206 0.1033611 -0.05716191 0.06652994 0.9961455 0.001198446 0.0 0.0 0.0 1.0
Spine2 0.9982 -0.02564904 0.05421202 -5.97993E-11 0.02927803 0.9973069 -0.06724288 0.1181269 -0.05234131 0.06870908 0.9962627 0.00136965 0.0 0.0 0.0 1.0
Neck 0.9924361 -0.1226742 -0.004764776 -6.753E-11 0.1225404 0.9875014 0.09911417 0.1328931 -0.007453539 -0.09894823 0.9950648 0.001540865 0.0 0.0 0.0 1.0
Head 0.977347 -0.1840158 0.1045499 -5.91172E-10 0.1393492 0.9313091 0.3365191 0.05086422 -0.1592931 -0.3143269 0.935855 0.013521 0.0 0.0 0.0 1.0
HeadTop_End 1.0 2.62714E-15 0.0 -2.80897E-9 0.0 1.0 0.0 0.2417381 0.0 0.0 1.0 0.06426 0.0 0.0 0.0 1.0
LeftShoulder -0.3245648 0.01560246 0.9457349 0.073881 -0.02380308 0.9994126 -0.02465694 0.1179855 -0.9455643 -0.03051417 -0.3240027 0.001666032 0.0 0.0 0.0 1.0
LeftArm 0.6242839 -0.7773547 -0.0773839 -0.001734494 0.5011846 0.4745309 -0.7236255 -0.03000689 0.5992342 0.4129644 0.6858413 0.1468322 0.0 0.0 0.0 1.0
LeftForeArm 0.2886384 -0.03452199 -0.9568163 -0.003392334 -0.1227201 0.9897732 -0.07273156 -0.03346705 0.9495406 0.1384137 0.2814502 0.2525435 0.0 0.0 0.0 1.0
LeftHand 0.9409347 -0.3205773 0.1089607 -0.001444852 0.3124507 0.9460922 0.08535035 0.00742197 -0.1304482 -0.04626426 0.9903753 0.2252731 0.0 0.0 0.0 1.0
LeftHandThumb1 0.8700398 -0.3193159 -0.37559 -0.02355191 0.4181314 0.8815669 0.2191019 -0.02040613 0.2611451 -0.3476735 0.9005139 0.01928389 0.0 0.0 0.0 1.0
LeftHandThumb2 0.9978936 -0.02147226 0.06121546 0.002511144 0.01212687 0.9887422 0.1491328 -0.01632512 -0.06372854 -0.1480762 0.9869205 0.02422178 0.0 0.0 0.0 1.0
LeftHandThumb3 0.9967901 0.06212893 -0.0505003 9.92596E-4 -0.05067263 0.977892 0.2028787 -0.02965057 0.0619885 -0.1996684 0.9779006 0.03139839 0.0 0.0 0.0 1.0
LeftHandThumb4 1.0 -2.98024E-8 -2.98023E-8 0.002567232 0.0 1.0 0.0 -0.02090371 5.96046E-8 -2.98024E-8 0.9999999 0.02690247 0.0 0.0 0.0 1.0
LeftHandIndex1 0.9965565 -0.05955726 0.05768992 -0.02738574 0.07329636 0.9580427 -0.2770935 -0.002068758 -0.0387665 0.2803675 0.9591098 0.1141922 0.0 0.0 0.0 1.0
LeftHandIndex2 0.9981387 0.06098196 0.001007825 0.001943141 -0.03215194 0.5401526 -0.8409527 -0.001653671 -0.05182731 0.839354 0.5411081 0.03395742 0.0 0.0 0.0 1.0
LeftHandIndex3 0.9973685 0.07113615 -0.01396731 0.0018498 -0.03831314 0.3536697 -0.9345856 -3.6478E-4 -0.06154299 0.9326613 0.3554647 0.03260469 0.0 0.0 0.0 1.0
LeftHandIndex4 1.0 -3.70682E-14 -2.98023E-8 0.001114026 0.0 1.0 0.0 0.004409075 0.0 5.96045E-8 0.9999999 0.02012056 0.0 0.0 0.0 1.0
LeftHandMiddle1 0.9970458 0.04365417 0.06319689 0.009229504 -0.009622969 0.887299 -0.461095 -0.004790664 -0.0762032 0.4591247 0.8850979 0.1421447 0.0 0.0 0.0 1.0
LeftHandMiddle2 0.998093 0.06148946 0.005433068 0.001498431 -0.02802163 0.5297451 -0.8476931 -0.001305103 -0.05500241 0.8459245 0.5304576 0.02765256 0.0 0.0 0.0 1.0
LeftHandMiddle3 0.9960278 0.08454344 -0.02792536 0.001502797 -0.03200967 0.04734626 -0.998365 6.68287E-4 -0.08308307 0.9952941 0.0498644 0.02800184 0.0 0.0 0.0 1.0
LeftHandMiddle4 1.0 7.45056E-9 -1.49012E-8 8.76382E-4 0.0 1.0 0.0 0.00597024 1.49012E-8 5.96045E-8 1.0 0.01614219 0.0 0.0 0.0 1.0
LeftHandRing1 0.9900865 0.09728418 0.1013107 0.03668383 -5.92782E-4 0.7241833 -0.6896071 -0.006264329 -0.1404553 0.6827115 0.7170616 0.1266219 0.0 0.0 0.0 1.0
LeftHandRing2 0.9984343 0.03263253 0.04543731 7.61539E-4 0.008577837 0.7133194 -0.700786 -9.36508E-4 -0.05527982 0.700078 0.711923 0.02940351 0.0 0.0 0.0 1.0
LeftHandRing3 0.9976497 0.06754354 0.01149176 4.43012E-4 0.001355859 0.1482322 -0.9889519 -0.003770709 -0.06850079 0.9866431 0.1477923 0.01845169 0.0 0.0 0.0 1.0
LeftHandRing4 1.0 5.06947E-14 0.0 1.8838E-4 0.0 1.0 0.0 3.64423E-4 2.98023E-8 -1.00958E-13 0.9999999 0.005266368 0.0 0.0 0.0 1.0
RightShoulder 0.03087977 -0.3702232 -0.92843 -0.07388096 -0.006678842 0.9287745 -0.3705837 0.1179855 0.9995009 0.01764435 0.02620771 0.001416015 0.0 0.0 0.0 1.0
RightArm 0.7908157 -0.06216749 0.6088883 0.001736019 0.4619965 0.7131602 -0.5272202 -0.03000689 -0.4014593 0.6982388 0.592699 0.1468321 0.0 0.0 0.0 1.0
RightForeArm -0.5100475 0.02967189 0.8596355 0.003254242 0.1122706 0.9931517 0.03233311 -0.03346729 -0.8527883 0.1130031 -0.5098863 0.2525465 0.0 0.0 0.0 1.0
RightHand 0.8770427 0.2527482 0.4085515 0.001526119 -0.1971567 0.964867 -0.1736707 0.007421732 -0.4380926 0.07176799 0.8960601 0.2251984 0.0 0.0 0.0 1.0
RightHandThumb1 0.8522996 0.3780444 0.3614785 0.02362895 -0.3542352 0.9256693 -0.1328679 -0.01968074 -0.384839 -0.01480515 0.922865 0.02127504 0.0 0.0 0.0 1.0
RightHandThumb2 0.9714668 0.1985015 -0.1298058 -0.003460944 -0.1832875 0.975673 0.1202904 -0.01574492 0.1505259 -0.0930665 0.9842147 0.02520016 0.0 0.0 0.0 1.0
RightHandThumb3 0.8336953 0.3608935 -0.4179814 -0.004131496 -0.4127966 0.9100474 -0.0376014 -0.03116775 0.3668126 0.2038895 0.9076771 0.03180808 0.0 0.0 0.0 1.0
