Root_Bone_Name Torso
Num_Keyframes 2
Num_Bones 16
Time_Wrapping_Mode CLAMP
Time 0.0
Torso -2.8213E-7 0.0 -1.0 0.0 -1.0 0.0 2.8213E-7 0.0 0.0 0.9999999 0.0 1.061726 0.0 0.0 0.0 1.0
Shoulder_R -0.9440187 -0.3199205 -0.08049633 -1.49012E-8 -1.63913E-7 -0.2440075 0.9697734 0.5655811 -0.3298922 0.9154842 0.2303476 0.0 0.0 0.0 0.0 1.0
Upper_Arm_R -0.05654804 0.1660234 -0.9844992 -1.49012E-8 0.8471681 0.5297655 0.04067855 0.2280482 0.5283074 -0.831736 -0.1706071 0.0 0.0 0.0 0.0 1.0
Lower_Arm_R 0.9327053 0.02978939 -0.359407 0.0 -0.04672024 0.9981654 -0.03851208 0.2496953 0.3576005 0.05271196 0.9323858 -5.96046E-8 0.0 0.0 0.0 1.0
Hand_R 0.9959801 -0.05429813 -0.0712401 2.98023E-8 0.0225303 0.9216141 -0.387453 0.2283605 0.08669389 0.3842905 0.9191328 0.0 0.0 0.0 0.0 1.0
Shoulder_L 0.839483 0.4877692 -0.2394777 -1.49012E-8 0.3330911 -0.1137226 0.9360115 0.5655811 0.4293235 -0.8655335 -0.2579398 0.0 0.0 0.0 0.0 1.0
Upper_Arm_L 0.5113004 0.2027247 0.8351495 0.0 -0.6899445 0.6762257 0.2582549 0.2248114 -0.5123949 -0.7082525 0.4856231 0.0 0.0 0.0 0.0 1.0
Lower_Arm_L 0.9870905 0.1493524 -0.05784711 0.0 -0.1569249 0.9741132 -0.16272 0.2769328 0.03204705 0.169697 0.9849752 0.0 0.0 0.0 0.0 1.0
Hand_L 0.9945105 0.09020592 -0.05302727 -2.98023E-8 -0.09967259 0.9709175 -0.2176802 0.2313012 0.03184907 0.2217706 0.9745786 0.0 0.0 0.0 0.0 1.0
Head -0.8136383 0.5813693 0.001520964 -1.49012E-8 0.5813694 0.813626 0.00472246 0.5655811 0.001507997 0.004726617 -0.9999877 0.0 0.0 0.0 0.0 1.0
Upper_Leg_R -0.9837156 0.1769444 -0.03153634 1.49012E-8 -0.1797329 -0.9684539 0.1726132 0.0 5.21542E-7 0.175467 0.9844952 3.55271E-15 0.0 0.0 0.0 1.0
Lower_Leg_R -0.6577005 0.7531177 -0.0156108 2.98023E-8 0.7410571 0.643172 -0.1927804 0.4431015 -0.1351459 -0.1383603 -0.9811177 -1.49012E-8 0.0 0.0 0.0 1.0
Foot_R -0.287889 0.9576423 -0.006369017 2.23517E-8 0.9539745 0.2861908 -0.08959337 0.541993 -0.08397567 -0.03186882 -0.9959581 -7.45058E-9 0.0 0.0 0.0 1.0
Upper_Leg_L 0.8847554 0.4587244 -0.08233964 0.0 0.4660553 -0.8706058 0.1576017 -2.17676E-4 6.09983E-4 -0.1778138 -0.9840684 3.55271E-15 0.0 0.0 0.0 1.0
Lower_Leg_L -0.7336325 -0.679469 0.01024047 -2.98023E-8 -0.6680343 0.7183604 -0.1941335 0.4389734 0.1245514 -0.1492636 -0.9809216 -1.76951E-8 0.0 0.0 0.0 1.0
Foot_L 0.06263983 -0.9979541 0.01280504 1.49012E-8 -0.9973323 -0.06307226 -0.03674319 0.547265 0.03747566 -0.0104693 -0.9992426 7.45058E-9 0.0 0.0 0.0 1.0
Time 0.2
Torso -2.8213E-7 0.0 -1.0 0.0 -1.0 0.0 2.8213E-7 0.0 0.0 0.9999999 0.0 1.061726 0.0 0.0 0.0 1.0
Shoulder_R -0.9440187 -0.3199205 -0.08049633 -1.49012E-8 -1.63913E-7 -0.2440075 0.9697734 0.5655811 -0.3298922 0.9154842 0.2303476 0.0 0.0 0.0 0.0 1.0
Upper_Arm_R -0.09525703 0.2764531 -0.9562947 -1.49012E-8 0.8265779 0.5572833 0.07876794 0.2280482 0.5547027 -0.7829488 -0.2815952 0.0 0.0 0.0 0.0 1.0
Lower_Arm_R 0.9129624 0.09171221 -0.3976031 0.0 -0.03690043 0.9889782 0.1433907 0.2496953 0.4063715 -0.1162387 0.9062841 -5.96046E-8 0.0 0.0 0.0 1.0
Hand_R 0.9959801 -0.05429813 -0.0712401 2.98023E-8 0.0225303 0.9216141 -0.387453 0.2283605 0.08669389 0.3842905 0.9191328 0.0 0.0 0.0 0.0 1.0
Shoulder_L 0.839483 0.4877692 -0.2394777 -1.49012E-8 0.3330911 -0.1137226 0.9360115 0.5655811 0.4293235 -0.8655335 -0.2579398 0.0 0.0 0.0 0.0 1.0
Upper_Arm_L 0.6887126 0.7051061 -0.1688212 0.0 -0.7077609 0.6033016 -0.3675617 0.2248114 -0.1573199 0.3726293 0.9145478 0.0 0.0 0.0 0.0 1.0
Lower_Arm_L 0.9870905 0.1493524 -0.05784711 0.0 -0.1569249 0.9741132 -0.16272 0.2769328 0.03204705 0.169697 0.9849752 0.0 0.0 0.0 0.0 1.0
Hand_L 0.9945105 0.09020592 -0.05302727 -2.98023E-8 -0.09967259 0.9709175 -0.2176802 0.2313012 0.03184907 0.2217706 0.9745786 0.0 0.0 0.0 0.0 1.0
Head -0.9900442 0.1407547 -8.27733E-4 -1.49012E-8 0.1407491 0.9900331 0.004891946 0.5655811 0.001508046 0.004726741 -0.9999877 0.0 0.0 0.0 0.0 1.0
Upper_Leg_R -0.984312 -0.1736993 0.03095992 1.49012E-8 0.176437 -0.9690411 0.1727175 0.0 1.44372E-6 0.1754669 0.9844953 3.55271E-15 0.0 0.0 0.0 1.0
Lower_Leg_R -0.6577005 0.7531177 -0.0156108 2.98023E-8 0.7410571 0.643172 -0.1927804 0.4431015 -0.1351459 -0.1383603 -0.9811177 -1.49012E-8 0.0 0.0 0.0 1.0
Foot_R -0.287889 0.9576423 -0.006369017 2.23517E-8 0.9539745 0.2861908 -0.08959337 0.541993 -0.08397567 -0.03186882 -0.9959581 -7.45058E-9 0.0 0.0 0.0 1.0
Upper_Leg_L 0.1445015 0.9737518 -0.1758605 0.0 0.9895047 -0.1420914 0.02628892 -2.17676E-4 6.09879E-4 -0.1778141 -0.9840683 3.55271E-15 0.0 0.0 0.0 1.0
Lower_Leg_L -0.5826258 -0.8126303 0.01337461 -2.98023E-8 -0.7990907 0.5697599 -0.1919031 0.4389734 0.1483259 -0.1224952 -0.9813226 -1.76951E-8 0.0 0.0 0.0 1.0
Foot_L 0.06263983 -0.9979541 0.01280504 1.49012E-8 -0.9973323 -0.06307226 -0.03674319 0.547265 0.03747566 -0.0104693 -0.9992426 7.45058E-9 0.0 0.0 0.0 1.0
