Root_Bone_Name Torso
Num_Keyframes 3
Num_Bones 16
Time_Wrapping_Mode LOOP
Time 0
Torso -2.8213E-7 0.0 -1.0 -3.55271E-15 -0.9743396 -0.2250829 2.7489E-7 0.1439361 -0.2250829 0.9743395 6.35026E-8 0.2405985 0.0 0.0 0.0 1.0
Shoulder_R -0.9930822 0.0607891 -0.1004611 -1.49012E-8 -0.1002779 0.006064888 0.994941 0.5655811 0.06109086 0.9981323 7.28354E-5 0.0 0.0 0.0 0.0 1.0
Upper_Arm_R 0.5181473 -0.5185866 -0.6801404 -1.49012E-8 0.7253136 0.6878448 0.02810025 0.2280482 0.4532587 -0.5078752 0.7325429 0.0 0.0 0.0 0.0 1.0
Lower_Arm_R 0.6791777 -0.7331049 -0.03570169 0.0 0.713338 0.6707542 -0.2030711 0.2496953 0.1728194 0.112454 0.978513 -5.96046E-8 0.0 0.0 0.0 1.0
Hand_R 0.9959801 -0.05429813 -0.0712401 2.98023E-8 0.0225303 0.9216141 -0.387453 0.2283605 0.08669389 0.3842905 0.9191328 0.0 0.0 0.0 0.0 1.0
Shoulder_L 0.9313223 0.03077133 -0.3628938 -1.49012E-8 0.3620366 0.03012584 0.9316769 0.5655811 0.03960139 -0.9990724 0.0169165 0.0 0.0 0.0 0.0 1.0
Upper_Arm_L -0.09290837 0.6317781 0.7695616 0.0 -0.9648273 0.1337723 -0.226304 0.2248114 -0.24592 -0.7635193 0.5971279 0.0 0.0 0.0 0.0 1.0
Lower_Arm_L 0.7612787 0.6129911 -0.2114153 0.0 -0.5759814 0.7890286 0.2137267 0.2769328 0.2978254 -0.04093438 0.9537424 0.0 0.0 0.0 0.0 1.0
Hand_L 0.9945105 0.09020592 -0.05302727 -2.98023E-8 -0.09967259 0.9709175 -0.2176802 0.2313012 0.03184907 0.2217706 0.9745786 0.0 0.0 0.0 0.0 1.0
Head -0.9356894 0.3528247 2.56642E-4 -1.49012E-8 0.3528215 0.9356775 0.004954776 0.5655811 0.001508031 0.00472668 -0.9999877 0.0 0.0 0.0 0.0 1.0
Upper_Leg_R 0.5656567 0.8118477 -0.1446934 1.49012E-8 -0.8246419 0.5568814 -0.09925333 0.0 -5.79223E-6 0.1754679 0.9844951 3.55271E-15 0.0 0.0 0.0 1.0
Lower_Leg_R 0.9276024 0.3733916 -0.0115118 2.98023E-8 0.3672352 -0.9170924 -0.1551773 0.4431015 -0.06849928 0.1397153 -0.9878195 -1.49012E-8 0.0 0.0 0.0 1.0
Foot_R 0.7010331 0.7103579 -0.06279802 2.23517E-8 0.7084904 -0.703795 -0.05209263 0.541993 -0.08120136 -0.007973134 -0.9966658 -7.45058E-9 0.0 0.0 0.0 1.0
Upper_Leg_L -0.8847876 0.4584727 -0.08339107 0.0 0.4659947 0.8707387 -0.1570468 -2.17676E-4 6.09789E-4 -0.1778142 -0.9840683 3.55271E-15 0.0 0.0 0.0 1.0
Lower_Leg_L 0.7179453 -0.6958994 0.01668777 -2.98023E-8 -0.6841615 -0.7098507 -0.1674343 0.4389734 0.1283632 0.1087915 -0.9857419 -1.76951E-8 0.0 0.0 0.0 1.0
Foot_L -0.1490822 -0.9887855 0.008815201 1.49012E-8 -0.9881544 0.148647 -0.03814572 0.547265 0.03640758 -0.01439763 -0.9992332 7.45058E-9 0.0 0.0 0.0 1.0
Time 1
Torso -2.8213E-7 0.0 -1.0 -3.55271E-15 -0.9743396 -0.2250829 2.7489E-7 0.1439361 -0.2250829 0.9743395 6.35026E-8 0.2405985 0.0 0.0 0.0 1.0
Shoulder_R -0.9930822 0.0607891 -0.1004611 -1.49012E-8 -0.1002779 0.006064888 0.994941 0.5655811 0.06109086 0.9981323 7.28354E-5 0.0 0.0 0.0 0.0 1.0
Upper_Arm_R 0.03841132 -0.8208297 -0.5698799 -1.49012E-8 0.8562503 0.3210333 -0.4046887 0.2280482 0.515131 -0.4724153 0.715167 0.0 0.0 0.0 0.0 1.0
Lower_Arm_R 0.6791777 -0.7331049 -0.03570169 0.0 0.713338 0.6707542 -0.2030711 0.2496953 0.1728194 0.112454 0.978513 -5.96046E-8 0.0 0.0 0.0 1.0
Hand_R 0.9959801 -0.05429813 -0.0712401 2.98023E-8 0.0225303 0.9216141 -0.387453 0.2283605 0.08669389 0.3842905 0.9191328 0.0 0.0 0.0 0.0 1.0
Shoulder_L 0.9313223 0.03077133 -0.3628938 -1.49012E-8 0.3620366 0.03012584 0.9316769 0.5655811 0.03960139 -0.9990724 0.0169165 0.0 0.0 0.0 0.0 1.0
Upper_Arm_L 0.5477998 0.351553 0.7591615 0.0 -0.7629867 0.5821549 0.2809755 0.2248114 -0.3431719 -0.7331483 0.5871344 0.0 0.0 0.0 0.0 1.0
Lower_Arm_L 0.7612787 0.6129911 -0.2114153 0.0 -0.5759814 0.7890286 0.2137267 0.2769328 0.2978254 -0.04093438 0.9537424 0.0 0.0 0.0 0.0 1.0
Hand_L 0.9945105 0.09020592 -0.05302727 -2.98023E-8 -0.09967259 0.9709175 -0.2176802 0.2313012 0.03184907 0.2217706 0.9745786 0.0 0.0 0.0 0.0 1.0
Head -0.9356894 0.3528247 2.56642E-4 -1.49012E-8 0.3528215 0.9356775 0.004954776 0.5655811 0.001508031 0.00472668 -0.9999877 0.0 0.0 0.0 0.0 1.0
Upper_Leg_R 0.8402835 0.5337372 -0.09512474 1.49012E-8 -0.5421482 0.827248 -0.14744 0.0 -5.26621E-6 0.1754688 0.984495 3.55271E-15 0.0 0.0 0.0 1.0
Lower_Leg_R 0.5182817 0.8549387 -0.02154027 2.98023E-8 0.8414103 -0.5142633 -0.1660185 0.4431015 -0.1530131 0.06792018 -0.9858872 -1.49012E-8 0.0 0.0 0.0 1.0
Foot_R -0.2586476 0.9659351 -0.00838092 2.23517E-8 0.9622903 0.2568957 -0.08945121 0.541993 -0.08425108 -0.03120121 -0.995956 -7.45058E-9 0.0 0.0 0.0 1.0
Upper_Leg_L -0.5679852 0.8098614 -0.146688 0.0 0.8230386 0.5590234 -0.100501 -2.17676E-4 6.09543E-4 -0.1778142 -0.9840683 3.55271E-15 0.0 0.0 0.0 1.0
Lower_Leg_L 0.9289424 -0.370046 0.01147273 -2.98023E-8 -0.3634411 -0.9173902 -0.1621886 0.4389734 0.07054219 0.1464942 -0.9866931 -1.76951E-8 0.0 0.0 0.0 1.0
Foot_L 0.6830248 -0.7300547 0.02230144 1.49012E-8 -0.7295523 -0.683385 -0.02717371 0.547265 0.03507876 0.002290259 -0.9993818 7.45058E-9 0.0 0.0 0.0 1.0
Time 2
Torso -2.8213E-7 0.0 -1.0 -3.55271E-15 -0.9743396 -0.2250829 2.7489E-7 0.1439361 -0.2250829 0.9743395 6.35026E-8 0.2405985 0.0 0.0 0.0 1.0
Shoulder_R -0.9930822 0.0607891 -0.1004611 -1.49012E-8 -0.1002779 0.006064888 0.994941 0.5655811 0.06109086 0.9981323 7.28354E-5 0.0 0.0 0.0 0.0 1.0
Upper_Arm_R 0.5181473 -0.5185866 -0.6801404 -1.49012E-8 0.7253136 0.6878448 0.02810025 0.2280482 0.4532587 -0.5078752 0.7325429 0.0 0.0 0.0 0.0 1.0
Lower_Arm_R 0.6791777 -0.7331049 -0.03570169 0.0 0.713338 0.6707542 -0.2030711 0.2496953 0.1728194 0.112454 0.978513 -5.96046E-8 0.0 0.0 0.0 1.0
Hand_R 0.9959801 -0.05429813 -0.0712401 2.98023E-8 0.0225303 0.9216141 -0.387453 0.2283605 0.08669389 0.3842905 0.9191328 0.0 0.0 0.0 0.0 1.0
Shoulder_L 0.9313223 0.03077133 -0.3628938 -1.49012E-8 0.3620366 0.03012584 0.9316769 0.5655811 0.03960139 -0.9990724 0.0169165 0.0 0.0 0.0 0.0 1.0
Upper_Arm_L -0.09290837 0.6317781 0.7695616 0.0 -0.9648273 0.1337723 -0.226304 0.2248114 -0.24592 -0.7635193 0.5971279 0.0 0.0 0.0 0.0 1.0
Lower_Arm_L 0.7612787 0.6129911 -0.2114153 0.0 -0.5759814 0.7890286 0.2137267 0.2769328 0.2978254 -0.04093438 0.9537424 0.0 0.0 0.0 0.0 1.0
Hand_L 0.9945105 0.09020592 -0.05302727 -2.98023E-8 -0.09967259 0.9709175 -0.2176802 0.2313012 0.03184907 0.2217706 0.9745786 0.0 0.0 0.0 0.0 1.0
Head -0.9356894 0.3528247 2.56642E-4 -1.49012E-8 0.3528215 0.9356775 0.004954776 0.5655811 0.001508031 0.00472668 -0.9999877 0.0 0.0 0.0 0.0 1.0
Upper_Leg_R 0.5656567 0.8118477 -0.1446934 1.49012E-8 -0.8246419 0.5568814 -0.09925333 0.0 -5.79223E-6 0.1754679 0.9844951 3.55271E-15 0.0 0.0 0.0 1.0
Lower_Leg_R 0.9276024 0.3733916 -0.0115118 2.98023E-8 0.3672352 -0.9170924 -0.1551773 0.4431015 -0.06849928 0.1397153 -0.9878195 -1.49012E-8 0.0 0.0 0.0 1.0
Foot_R 0.7010331 0.7103579 -0.06279802 2.23517E-8 0.7084904 -0.703795 -0.05209263 0.541993 -0.08120136 -0.007973134 -0.9966658 -7.45058E-9 0.0 0.0 0.0 1.0
Upper_Leg_L -0.8847876 0.4584727 -0.08339107 0.0 0.4659947 0.8707387 -0.1570468 -2.17676E-4 6.09789E-4 -0.1778142 -0.9840683 3.55271E-15 0.0 0.0 0.0 1.0
Lower_Leg_L 0.7179453 -0.6958994 0.01668777 -2.98023E-8 -0.6841615 -0.7098507 -0.1674343 0.4389734 0.1283632 0.1087915 -0.9857419 -1.76951E-8 0.0 0.0 0.0 1.0
Foot_L -0.1490822 -0.9887855 0.008815201 1.49012E-8 -0.9881544 0.148647 -0.03814572 0.547265 0.03640758 -0.01439763 -0.9992332 7.45058E-9 0.0 0.0 0.0 1.0
