Root_Bone_Name Torso
Num_Keyframes 9
Num_Bones 16
Time_Wrapping_Mode LOOP
Time 0
Torso -3.88924E-7 -1.28145E-7 -1.0 1.61264E-8 -0.9795341 -0.2012783 4.06757E-7 -0.184464 -0.2012783 0.979534 -4.72399E-8 0.8977038 0.0 0.0 0.0 1.0
Shoulder_R -1.0 2.31212E-7 -9.28199E-8 0.0 -1.46432E-7 -0.2440075 0.9697734 0.5655811 2.01574E-7 0.9697734 0.2440075 0.0 0.0 0.0 0.0 1.0
Upper_Arm_R 0.3635169 0.8815544 -0.3011931 1.42109E-14 -0.2273486 0.3974856 0.8889982 0.2280482 0.9034202 -0.2546902 0.3449129 0.0 0.0 0.0 0.0 1.0
Lower_Arm_R 0.2483215 -0.9104511 0.3307799 0.0 0.9166495 0.3312655 0.2236448 0.2496952 -0.3131936 0.2476734 0.9168249 0.0 0.0 0.0 0.0 1.0
Hand_R 1.0 7.17364E-7 -6.39516E-6 0.0 1.40503E-7 0.9910967 0.1331446 0.2283604 6.43373E-6 -0.1331446 0.9910966 -2.98023E-8 0.0 0.0 0.0 1.0
Shoulder_L 1.0 -2.30324E-7 -2.89193E-7 0.0 2.11367E-7 -0.2855999 0.958349 0.5655811 -3.03324E-7 -0.9583489 -0.2855999 0.0 0.0 0.0 0.0 1.0
Upper_Arm_L 0.5000166 0.8192754 -0.2806622 0.0 -0.2473342 0.4456832 0.8603444 0.2248114 0.8299453 -0.3607692 0.4254838 0.0 0.0 0.0 0.0 1.0
Lower_Arm_L -0.2133942 0.9222884 -0.3222535 -7.10543E-15 -0.9242374 -0.08367863 0.3725361 0.2769328 0.3166199 0.3773357 0.8702699 0.0 0.0 0.0 0.0 1.0
Hand_L 1.0 -2.77466E-8 4.58494E-7 7.10543E-15 -5.96733E-8 0.9818672 0.1895702 0.2313012 -4.5544E-7 -0.1895703 0.9818672 1.49012E-8 0.0 0.0 0.0 1.0
Head -0.9500929 0.3119672 4.17994E-5 0.0 0.3119635 0.9500811 0.004961255 0.5655811 0.001508035 0.004726694 -0.9999877 0.0 0.0 0.0 0.0 1.0
Upper_Leg_R -0.6016471 0.7863696 -0.1401559 0.0 -0.7987629 -0.5923129 0.1055719 0.0 -1.79721E-6 0.1754669 0.9844953 0.0 0.0 0.0 0.0 1.0
Lower_Leg_R -0.9132035 0.4074476 -0.006765414 7.45058E-9 0.4006414 0.8946676 -0.1976272 0.4431015 -0.07446994 -0.1831844 -0.9802538 0.0 0.0 0.0 0.0 1.0
Foot_R 0.5145112 0.8557566 -0.05438562 -1.49012E-8 0.8533548 -0.5172194 -0.06534111 0.541993 -0.08404543 -0.01279149 -0.9963798 0.0 0.0 0.0 0.0 1.0
Upper_Leg_L 0.9930332 -0.1158475 0.0215486 0.0 -0.117833 -0.9772215 0.1765043 -2.17676E-4 6.10267E-4 -0.1778137 -0.9840683 0.0 0.0 0.0 0.0 1.0
Lower_Leg_L 0.1913476 -0.9813226 0.01980964 2.98023E-8 -0.9650985 -0.1917842 -0.1783347 0.4389734 0.178803 0.01500568 -0.9837703 -1.49012E-8 0.0 0.0 0.0 1.0
Foot_L 0.1506807 -0.9884782 0.01436529 3.72529E-9 -0.9878646 -0.1511091 -0.0359137 0.547265 0.03767063 -0.008779461 -0.9992517 7.45058E-9 0.0 0.0 0.0 1.0
Time 1
Torso -3.88924E-7 -1.28145E-7 -1.0 1.61264E-8 -0.9795341 -0.2012783 4.06757E-7 -0.184464 -0.2012783 0.979534 -4.72399E-8 0.874217 0.0 0.0 0.0 1.0
Shoulder_R -1.0 2.31212E-7 -9.28199E-8 0.0 -1.46432E-7 -0.2440075 0.9697734 0.5655811 2.01574E-7 0.9697734 0.2440075 0.0 0.0 0.0 0.0 1.0
Upper_Arm_R 0.7578772 0.6173645 -0.2109108 1.42109E-14 -0.159224 0.4885446 0.8578879 0.2280482 0.6326688 -0.6165918 0.468556 0.0 0.0 0.0 0.0 1.0
Lower_Arm_R 0.04270365 -0.9390334 0.3411643 0.0 0.945424 0.1483895 0.2900937 0.2496952 -0.3230328 0.3101567 0.8941211 0.0 0.0 0.0 0.0 1.0
Hand_R 1.0 7.17364E-7 -6.39516E-6 0.0 1.40503E-7 0.9910967 0.1331446 0.2283604 6.43373E-6 -0.1331446 0.9910966 -2.98023E-8 0.0 0.0 0.0 1.0
Shoulder_L 1.0 -2.30324E-7 -2.89193E-7 0.0 2.11367E-7 -0.2855999 0.958349 0.5655811 -3.03324E-7 -0.9583489 -0.2855999 0.0 0.0 0.0 0.0 1.0
Upper_Arm_L 0.9999893 -0.004385054 0.001502363 0.0 0.001323692 0.5807688 0.8140675 0.2248114 -0.004442255 -0.8140566 0.5807683 0.0 0.0 0.0 0.0 1.0
Lower_Arm_L -0.2133942 0.9222884 -0.3222535 -7.10543E-15 -0.9242374 -0.08367863 0.3725361 0.2769328 0.3166199 0.3773357 0.8702699 0.0 0.0 0.0 0.0 1.0
Hand_L 1.0 -2.77466E-8 4.58494E-7 7.10543E-15 -5.96733E-8 0.9818672 0.1895702 0.2313012 -4.5544E-7 -0.1895703 0.9818672 1.49012E-8 0.0 0.0 0.0 1.0
Head -0.9500929 0.3119672 4.17994E-5 0.0 0.3119635 0.9500811 0.004961255 0.5655811 0.001508035 0.004726694 -0.9999877 0.0 0.0 0.0 0.0 1.0
Upper_Leg_R -0.8069733 0.5814251 -0.1036283 0.0 -0.5905885 -0.7944539 0.1415997 0.0 -1.29225E-6 0.1754663 0.9844953 0.0 0.0 0.0 0.0 1.0
Lower_Leg_R -0.5223681 0.8525227 -0.01834356 7.45058E-9 0.838956 0.5099682 -0.1899613 0.4431015 -0.1525917 -0.1146192 -0.9816201 0.0 0.0 0.0 0.0 1.0
Foot_R 0.4812125 0.8750162 -0.05272881 -1.49012E-8 0.8725321 -0.4839008 -0.06728734 0.541993 -0.08439306 -0.01362807 -0.9963393 0.0 0.0 0.0 0.0 1.0
Upper_Leg_L 0.7970958 0.5943163 -0.1068944 0.0 0.6038526 -0.784328 0.1420974 -2.17676E-4 6.09978E-4 -0.1778138 -0.9840683 0.0 0.0 0.0 0.0 1.0
Lower_Leg_L 0.4369729 -0.8992674 0.01931102 2.98023E-8 -0.88433 -0.4334397 -0.1734645 0.4389734 0.1643611 0.05872197 -0.9846506 -1.49012E-8 0.0 0.0 0.0 1.0
Foot_L -0.06569499 -0.9977854 0.0104269 3.72529E-9 -0.9971561 0.06525967 -0.03769336 0.547265 0.03692943 -0.01287351 -0.9992349 7.45058E-9 0.0 0.0 0.0 1.0
Time 2
Torso -3.88924E-7 -1.28145E-7 -1.0 1.61264E-8 -0.9795341 -0.2012783 4.06757E-7 -0.184464 -0.2012783 0.979534 -4.72399E-8 0.9024011 0.0 0.0 0.0 1.0
Shoulder_R -1.0 2.31212E-7 -9.28199E-8 0.0 -1.46432E-7 -0.2440075 0.9697734 0.5655811 2.01574E-7 0.9697734 0.2440075 0.0 0.0 0.0 0.0 1.0
Upper_Arm_R 0.9247973 -0.3600145 0.1230431 1.42109E-14 0.09280087 0.5270896 0.8447273 0.2280482 -0.3689688 -0.7697831 0.5208607 0.0 0.0 0.0 0.0 1.0
Lower_Arm_R 0.04270365 -0.9390334 0.3411643 0.0 0.945424 0.1483895 0.2900937 0.2496952 -0.3230328 0.3101567 0.8941211 0.0 0.0 0.0 0.0 1.0
Hand_R 1.0 7.17364E-7 -6.39516E-6 0.0 1.40503E-7 0.9910967 0.1331446 0.2283604 6.43373E-6 -0.1331446 0.9910966 -2.98023E-8 0.0 0.0 0.0 1.0
Shoulder_L 1.0 -2.30324E-7 -2.89193E-7 0.0 2.11367E-7 -0.2855999 0.958349 0.5655811 -3.03324E-7 -0.9583489 -0.2855999 0.0 0.0 0.0 0.0 1.0
Upper_Arm_L 0.7151656 -0.6612312 0.2265207 0.0 0.1996214 0.5038135 0.8404306 0.2248114 -0.669843 -0.5558287 0.4923059 0.0 0.0 0.0 0.0 1.0
Lower_Arm_L -0.2133942 0.9222884 -0.3222535 -7.10543E-15 -0.9242374 -0.08367863 0.3725361 0.2769328 0.3166199 0.3773357 0.8702699 0.0 0.0 0.0 0.0 1.0
Hand_L 1.0 -2.77466E-8 4.58494E-7 7.10543E-15 -5.96733E-8 0.9818672 0.1895702 0.2313012 -4.5544E-7 -0.1895703 0.9818672 1.49012E-8 0.0 0.0 0.0 1.0
Head -0.9500929 0.3119672 4.17994E-5 0.0 0.3119635 0.9500811 0.004961255 0.5655811 0.001508035 0.004726694 -0.9999877 0.0 0.0 0.0 0.0 1.0
Upper_Leg_R -0.878475 -0.4703758 0.0838353 0.0 0.4777889 -0.8648464 0.1541444 0.0 1.35053E-6 0.1754646 0.9844957 0.0 0.0 0.0 0.0 1.0
Lower_Leg_R -0.9998752 0.01556567 0.002655227 7.45058E-9 0.01472913 0.9799988 -0.1984579 0.4431015 -0.005691227 -0.1983941 -0.9801057 0.0 0.0 0.0 0.0 1.0
Foot_R 0.1199556 0.99224 -0.03270628 -1.49012E-8 0.9890451 -0.1222939 -0.0826664 0.541993 -0.08602472 -0.02243169 -0.9960403 0.0 0.0 0.0 0.0 1.0
Upper_Leg_L -0.06905283 0.9817079 -0.1774305 0.0 0.997613 0.06806078 -0.01167896 -2.17676E-4 6.09954E-4 -0.1778142 -0.9840683 0.0 0.0 0.0 0.0 1.0
Lower_Leg_L 0.4885538 -0.8723267 0.01902437 2.98023E-8 -0.8578126 -0.484185 -0.1724014 0.4389734 0.1596015 0.06790799 -0.9848428 -1.49012E-8 0.0 0.0 0.0 1.0
Foot_L -0.06569499 -0.9977854 0.0104269 3.72529E-9 -0.9971561 0.06525967 -0.03769336 0.547265 0.03692943 -0.01287351 -0.9992349 7.45058E-9 0.0 0.0 0.0 1.0
Time 3
Torso -3.88924E-7 -1.28145E-7 -1.0 1.61264E-8 -0.9795341 -0.2012783 4.06757E-7 -0.184464 -0.2012783 0.979534 -4.72399E-8 0.9493748 0.0 0.0 0.0 1.0
Shoulder_R -1.0 2.31212E-7 -9.28199E-8 0.0 -1.46432E-7 -0.2440075 0.9697734 0.5655811 2.01574E-7 0.9697734 0.2440075 0.0 0.0 0.0 0.0 1.0
Upper_Arm_R 0.5349172 -0.7995169 0.2731964 1.42109E-14 0.2061288 0.4370672 0.8754902 0.2280482 -0.8193745 -0.4120013 0.3985982 0.0 0.0 0.0 0.0 1.0
Lower_Arm_R 0.266638 -0.9058635 0.3291129 0.0 0.9120309 0.3475561 0.2177255 0.2496952 -0.3116148 0.2421074 0.9188473 0.0 0.0 0.0 0.0 1.0
Hand_R 1.0 7.17364E-7 -6.39516E-6 0.0 1.40503E-7 0.9910967 0.1331446 0.2283604 6.43373E-6 -0.1331446 0.9910966 -2.98023E-8 0.0 0.0 0.0 1.0
Shoulder_L 1.0 -2.30324E-7 -2.89193E-7 0.0 2.11367E-7 -0.2855999 0.958349 0.5655811 -3.03324E-7 -0.9583489 -0.2855999 0.0 0.0 0.0 0.0 1.0
Upper_Arm_L 0.373946 -0.8773942 0.3005724 0.0 0.2648798 0.411621 0.8720132 0.2248114 -0.8888211 -0.2464703 0.386328 0.0 0.0 0.0 0.0 1.0
Lower_Arm_L 0.514056 0.8097504 -0.2829322 -7.10543E-15 -0.8114619 0.5659937 0.1455363 0.2769328 0.2779859 0.1547749 0.948034 0.0 0.0 0.0 0.0 1.0
Hand_L 1.0 -2.77466E-8 4.58494E-7 7.10543E-15 -5.96733E-8 0.9818672 0.1895702 0.2313012 -4.5544E-7 -0.1895703 0.9818672 1.49012E-8 0.0 0.0 0.0 1.0
Head -0.9500929 0.3119672 4.17994E-5 0.0 0.3119635 0.9500811 0.004961255 0.5655811 0.001508035 0.004726694 -0.9999877 0.0 0.0 0.0 0.0 1.0
Upper_Leg_R -0.9170463 -0.3925938 0.06997221 0.0 0.3987811 -0.9028194 0.1609123 0.0 1.1677E-6 0.1754645 0.9844956 0.0 0.0 0.0 0.0 1.0
Lower_Leg_R -0.4679151 0.8835641 -0.01923376 7.45058E-9 0.8695273 0.4563716 -0.1888047 0.4431015 -0.1580433 -0.1050689 -0.9818262 0.0 0.0 0.0 0.0 1.0
Foot_R 0.2795608 0.9592098 -0.04197116 -1.49012E-8 0.9562918 -0.2820813 -0.07704479 0.541993 -0.08574142 -0.01859798 -0.9961438 0.0 0.0 0.0 0.0 1.0
Upper_Leg_L 0.04154164 0.9832194 -0.177635 0.0 0.9991368 -0.04077116 0.007987128 -2.17676E-4 6.09952E-4 -0.1778141 -0.9840683 0.0 0.0 0.0 0.0 1.0
Lower_Leg_L -0.7480938 -0.6635194 0.009880212 2.98023E-8 -0.6523365 0.7325917 -0.1943344 0.4389734 0.1217065 -0.1518255 -0.9808853 -1.49012E-8 0.0 0.0 0.0 1.0
Foot_L 0.1704585 -0.9852552 0.01470756 3.72529E-9 -0.9846437 -0.1708857 -0.03570712 0.547265 0.03769394 -0.008395121 -0.999254 7.45058E-9 0.0 0.0 0.0 1.0
Time 4
Torso -3.88924E-7 -1.28145E-7 -1.0 1.61264E-8 -0.9795341 -0.2012783 4.06757E-7 -0.184464 -0.2012783 0.979534 -4.72399E-8 0.8977038 0.0 0.0 0.0 1.0
Shoulder_R -1.0 2.31212E-7 -9.28199E-8 0.0 -1.46432E-7 -0.2440075 0.9697734 0.5655811 2.01574E-7 0.9697734 0.2440075 0.0 0.0 0.0 0.0 1.0
Upper_Arm_R 0.727136 -0.6496123 0.2219845 1.42109E-14 0.1674755 0.4814503 0.8603241 0.2280482 -0.6657516 -0.5883958 0.458874 0.0 0.0 0.0 0.0 1.0
Lower_Arm_R 0.3165727 -0.8915505 0.3239126 0.0 0.897621 0.391968 0.2015882 0.2496952 -0.3066894 0.2269334 0.9243608 0.0 0.0 0.0 0.0 1.0
Hand_R 1.0 7.17364E-7 -6.39516E-6 0.0 1.40503E-7 0.9910967 0.1331446 0.2283604 6.43373E-6 -0.1331446 0.9910966 -2.98023E-8 0.0 0.0 0.0 1.0
Shoulder_L 1.0 -2.30324E-7 -2.89193E-7 0.0 2.11367E-7 -0.2855999 0.958349 0.5655811 -3.03324E-7 -0.9583489 -0.2855999 0.0 0.0 0.0 0.0 1.0
Upper_Arm_L 0.4004037 -0.8668823 0.2969713 0.0 0.2617063 0.4187694 0.8695643 0.2248114 -0.8781723 -0.2704574 0.3945454 0.0 0.0 0.0 0.0 1.0
Lower_Arm_L 0.1134296 0.9379402 -0.3277225 -7.10543E-15 -0.9399225 0.2082016 0.2705512 0.2769328 0.3219932 0.2773452 0.9052073 0.0 0.0 0.0 0.0 1.0
Hand_L 1.0 -2.77466E-8 4.58494E-7 7.10543E-15 -5.96733E-8 0.9818672 0.1895702 0.2313012 -4.5544E-7 -0.1895703 0.9818672 1.49012E-8 0.0 0.0 0.0 1.0
Head -0.9500929 0.3119672 4.17994E-5 0.0 0.3119635 0.9500811 0.004961255 0.5655811 0.001508035 0.004726694 -0.9999877 0.0 0.0 0.0 0.0 1.0
Upper_Leg_R -0.9996148 -0.02732278 0.004869576 0.0 0.02775336 -0.9841068 0.1754009 0.0 -1.13325E-7 0.1754649 0.9844956 0.0 0.0 0.0 0.0 1.0
Lower_Leg_R 0.2378802 0.9710123 -0.02340704 7.45058E-9 0.9556913 -0.238293 -0.1728313 0.4431015 -0.1733991 0.01874323 -0.9846733 0.0 0.0 0.0 0.0 1.0
Foot_R -0.02282298 0.9994529 -0.02391854 -1.49012E-8 0.9960545 0.02068034 -0.0862996 0.541993 -0.08575777 -0.02579378 -0.995982 0.0 0.0 0.0 0.0 1.0
Upper_Leg_L 0.6011071 0.7864984 -0.1417419 0.0 0.7991684 -0.5914414 0.1073652 -2.17676E-4 6.09899E-4 -0.1778139 -0.9840683 0.0 0.0 0.0 0.0 1.0
Lower_Leg_L -0.9102309 -0.4140763 0.004519642 2.98023E-8 -0.4068326 0.8921649 -0.1962864 0.4389734 0.07724524 -0.1805046 -0.9805359 -1.49012E-8 0.0 0.0 0.0 1.0
Foot_L 0.5111426 -0.8592615 0.02008129 3.72529E-9 -0.8587089 -0.5115348 -0.03084375 0.547265 0.03677512 -0.001478421 -0.9993225 7.45058E-9 0.0 0.0 0.0 1.0
Time 5
Torso -3.88924E-7 -1.28145E-7 -1.0 1.61264E-8 -0.9795341 -0.2012783 4.06757E-7 -0.184464 -0.2012783 0.979534 -4.72399E-8 0.874217 0.0 0.0 0.0 1.0
Shoulder_R -1.0 2.31212E-7 -9.28199E-8 0.0 -1.46432E-7 -0.2440075 0.9697734 0.5655811 2.01574E-7 0.9697734 0.2440075 0.0 0.0 0.0 0.0 1.0
Upper_Arm_R 0.9959001 -0.08558984 0.02928121 1.42109E-14 0.02203867 0.5435063 0.8391157 0.2280482 -0.08773431 -0.8350302 0.5431643 0.0 0.0 0.0 0.0 1.0
Lower_Arm_R -0.02973058 -0.9394754 0.3413244 0.0 0.9458681 0.08396674 0.313502 0.2496952 -0.3231873 0.3321685 0.8861232 0.0 0.0 0.0 0.0 1.0
Hand_R 1.0 7.17364E-7 -6.39516E-6 0.0 1.40503E-7 0.9910967 0.1331446 0.2283604 6.43373E-6 -0.1331446 0.9910966 -2.98023E-8 0.0 0.0 0.0 1.0
Shoulder_L 1.0 -2.30324E-7 -2.89193E-7 0.0 2.11367E-7 -0.2855999 0.958349 0.5655811 -3.03324E-7 -0.9583489 -0.2855999 0.0 0.0 0.0 0.0 1.0
Upper_Arm_L 0.7121791 -0.6641097 0.2275068 0.0 0.2004905 0.5030067 0.8407069 0.2248114 -0.6727589 -0.553121 0.4913785 0.0 0.0 0.0 0.0 1.0
Lower_Arm_L -0.2133942 0.9222884 -0.3222535 -7.10543E-15 -0.9242374 -0.08367863 0.3725361 0.2769328 0.3166199 0.3773357 0.8702699 0.0 0.0 0.0 0.0 1.0
Hand_L 1.0 -2.77466E-8 4.58494E-7 7.10543E-15 -5.96733E-8 0.9818672 0.1895702 0.2313012 -4.5544E-7 -0.1895703 0.9818672 1.49012E-8 0.0 0.0 0.0 1.0
Head -0.9500929 0.3119672 4.17994E-5 0.0 0.3119635 0.9500811 0.004961255 0.5655811 0.001508035 0.004726694 -0.9999877 0.0 0.0 0.0 0.0 1.0
Upper_Leg_R -0.8069733 0.5814251 -0.1036283 0.0 -0.5905885 -0.7944539 0.1415997 0.0 -1.29225E-6 0.1754663 0.9844953 0.0 0.0 0.0 0.0 1.0
Lower_Leg_R 0.4161175 0.9090326 -0.02249582 7.45058E-9 0.8946693 -0.4137134 -0.1685482 0.4431015 -0.1625227 0.05000953 -0.9854366 0.0 0.0 0.0 0.0 1.0
Foot_R -0.04274026 0.9988288 -0.02265557 -1.49012E-8 0.9954051 0.04062739 -0.08670494 0.541993 -0.085683 -0.02625726 -0.9959763 0.0 0.0 0.0 0.0 1.0
Upper_Leg_L 0.7970958 0.5943163 -0.1068944 0.0 0.6038526 -0.784328 0.1420974 -2.17676E-4 6.09978E-4 -0.1778138 -0.9840683 0.0 0.0 0.0 0.0 1.0
Lower_Leg_L -0.5033503 -0.8639579 0.01467155 2.98023E-8 -0.8496063 0.491751 -0.1906556 0.4389734 0.1575036 -0.1084315 -0.981547 -1.49012E-8 0.0 0.0 0.0 1.0
Foot_L 0.4758061 -0.8793324 0.01957598 3.72529E-9 -0.8787717 -0.4762034 -0.03147784 0.547265 0.03700164 -0.002225464 -0.9993127 7.45058E-9 0.0 0.0 0.0 1.0
Time 6
Torso -3.88924E-7 -1.28145E-7 -1.0 1.61264E-8 -0.9795341 -0.2012783 4.06757E-7 -0.184464 -0.2012783 0.979534 -4.72399E-8 0.9024011 0.0 0.0 0.0 1.0
Shoulder_R -1.0 2.31212E-7 -9.28199E-8 0.0 -1.46432E-7 -0.2440075 0.9697734 0.5655811 2.01574E-7 0.9697734 0.2440075 0.0 0.0 0.0 0.0 1.0
Upper_Arm_R 0.7246557 0.652106 -0.2227823 1.42109E-14 -0.1681826 0.4808736 0.8605086 0.2280482 0.668273 -0.5861044 0.4581406 0.0 0.0 0.0 0.0 1.0
Lower_Arm_R -0.1825428 -0.9240991 0.3357367 0.0 0.930385 -0.0519437 0.3628855 0.2496952 -0.3179028 0.3786066 0.8692498 0.0 0.0 0.0 0.0 1.0
Hand_R 1.0 7.17364E-7 -6.39516E-6 0.0 1.40503E-7 0.9910967 0.1331446 0.2283604 6.43373E-6 -0.1331446 0.9910966 -2.98023E-8 0.0 0.0 0.0 1.0
Shoulder_L 1.0 -2.30324E-7 -2.89193E-7 0.0 2.11367E-7 -0.2855999 0.958349 0.5655811 -3.03324E-7 -0.9583489 -0.2855999 0.0 0.0 0.0 0.0 1.0
Upper_Arm_L 0.942121 0.3171778 -0.1086567 0.0 -0.09575407 0.5651335 0.8194239 0.2248114 0.3213086 -0.761592 0.5627953 0.0 0.0 0.0 0.0 1.0
Lower_Arm_L 0.1304023 0.935972 -0.3270347 -7.10543E-15 -0.9379501 0.2233596 0.2652549 0.2769328 0.3213175 0.2721525 0.9070216 0.0 0.0 0.0 0.0 1.0
Hand_L 1.0 -2.77466E-8 4.58494E-7 7.10543E-15 -5.96733E-8 0.9818672 0.1895702 0.2313012 -4.5544E-7 -0.1895703 0.9818672 1.49012E-8 0.0 0.0 0.0 1.0
Head -0.9500929 0.3119672 4.17994E-5 0.0 0.3119635 0.9500811 0.004961255 0.5655811 0.001508035 0.004726694 -0.9999877 0.0 0.0 0.0 0.0 1.0
Upper_Leg_R -0.172722 0.9696903 -0.1728232 0.0 -0.9849716 -0.1700426 0.03030628 0.0 -4.68984E-6 0.1754611 0.9844963 0.0 0.0 0.0 0.0 1.0
Lower_Leg_R 0.5219793 0.8526871 -0.02150702 7.45058E-9 0.8391922 -0.5179033 -0.1659302 0.4431015 -0.1526252 0.06856363 -0.985903 0.0 0.0 0.0 0.0 1.0
Foot_R 0.3175894 0.9472026 -0.04408379 -1.49012E-8 0.9443589 -0.320147 -0.07544573 0.541993 -0.08557571 -0.01767014 -0.9961749 0.0 0.0 0.0 0.0 1.0
Upper_Leg_L 0.8815449 -0.4644812 0.08447389 0.0 -0.4720998 -0.8675483 0.1564668 -2.17676E-4 6.09648E-4 -0.1778127 -0.9840685 0.0 0.0 0.0 0.0 1.0
Lower_Leg_L -0.9997431 -0.02243435 -0.003201192 2.98023E-8 -0.02136979 0.9803094 -0.1963065 0.4389734 0.007542197 -0.1961876 -0.9805371 -1.49012E-8 0.0 0.0 0.0 1.0
Foot_L 0.1439368 -0.9894844 0.01424786 3.72529E-9 -0.98887 -0.1443656 -0.03598288 0.547265 0.0376614 -0.008910017 -0.9992508 7.45058E-9 0.0 0.0 0.0 1.0
Time 7
Torso -3.88924E-7 -1.28145E-7 -1.0 1.61264E-8 -0.9795341 -0.2012783 4.06757E-7 -0.184464 -0.2012783 0.979534 -4.72399E-8 0.9493748 0.0 0.0 0.0 1.0
Shoulder_R -1.0 2.31212E-7 -9.28199E-8 0.0 -1.46432E-7 -0.2440075 0.9697734 0.5655811 2.01574E-7 0.9697734 0.2440075 0.0 0.0 0.0 0.0 1.0
Upper_Arm_R 0.5761616 0.7734418 -0.2642455 1.42109E-14 -0.1994705 0.4465858 0.8722228 0.2280482 0.7926219 -0.4498323 0.4115844 0.0 0.0 0.0 0.0 1.0
Lower_Arm_R 0.7532737 -0.6181757 0.224583 0.0 0.6223876 0.7803708 0.06045891 0.2496952 -0.2126322 0.09423558 0.9725777 0.0 0.0 0.0 0.0 1.0
Hand_R 1.0 7.17364E-7 -6.39516E-6 0.0 1.40503E-7 0.9910967 0.1331446 0.2283604 6.43373E-6 -0.1331446 0.9910966 -2.98023E-8 0.0 0.0 0.0 1.0
Shoulder_L 1.0 -2.30324E-7 -2.89193E-7 0.0 2.11367E-7 -0.2855999 0.958349 0.5655811 -3.03324E-7 -0.9583489 -0.2855999 0.0 0.0 0.0 0.0 1.0
Upper_Arm_L 0.5496152 0.7903288 -0.2707458 0.0 -0.2385954 0.459084 0.8557534 0.2248114 0.8006218 -0.4057363 0.4408884 0.0 0.0 0.0 0.0 1.0
Lower_Arm_L 0.1002543 0.9392767 -0.3281894 -7.10543E-15 -0.9412617 0.196435 0.2746626 0.2769328 0.322452 0.2813761 0.9037987 0.0 0.0 0.0 0.0 1.0
Hand_L 1.0 -2.77466E-8 4.58494E-7 7.10543E-15 -5.96733E-8 0.9818672 0.1895702 0.2313012 -4.5544E-7 -0.1895703 0.9818672 1.49012E-8 0.0 0.0 0.0 1.0
Head -0.9500929 0.3119672 4.17994E-5 0.0 0.3119635 0.9500811 0.004961255 0.5655811 0.001508035 0.004726694 -0.9999877 0.0 0.0 0.0 0.0 1.0
Upper_Leg_R -0.1693827 0.970261 -0.1729255 0.0 -0.9855514 -0.1667551 0.02972041 0.0 -4.75039E-6 0.1754618 0.9844961 0.0 0.0 0.0 0.0 1.0
Lower_Leg_R -0.7953068 0.606093 -0.01175907 7.45058E-9 0.5962645 0.778617 -0.1955101 0.4431015 -0.1093415 -0.1625021 -0.9806311 0.0 0.0 0.0 0.0 1.0
Foot_R 0.06420904 0.9975049 -0.02933117 -1.49012E-8 0.9942259 -0.06647468 -0.08423727 0.541993 -0.0859769 -0.02375301 -0.9960139 0.0 0.0 0.0 0.0 1.0
Upper_Leg_L 0.9142242 -0.3986521 0.07259959 0.0 -0.4052084 -0.8996995 0.1623178 -2.17676E-4 6.09796E-4 -0.1778129 -0.9840685 0.0 0.0 0.0 0.0 1.0
Lower_Leg_L -0.4773193 -0.8786009 0.0150565 2.98023E-8 -0.8640176 0.4661364 -0.1902363 0.4389734 0.1601234 -0.1038125 -0.9816226 -1.49012E-8 0.0 0.0 0.0 1.0
Foot_L 0.2757612 -0.961085 0.01647818 3.72529E-9 -0.9604872 -0.2761807 -0.03447742 0.547265 0.03768669 -0.006319543 -0.9992696 7.45058E-9 0.0 0.0 0.0 1.0
Time 8
Torso -3.88924E-7 -1.28145E-7 -1.0 1.61264E-8 -0.9795341 -0.2012783 4.06757E-7 -0.184464 -0.2012783 0.979534 -4.72399E-8 0.8977038 0.0 0.0 0.0 1.0
Shoulder_R -1.0 2.31212E-7 -9.28199E-8 0.0 -1.46432E-7 -0.2440075 0.9697734 0.5655811 2.01574E-7 0.9697734 0.2440075 0.0 0.0 0.0 0.0 1.0
Upper_Arm_R 0.3635169 0.8815544 -0.3011931 1.42109E-14 -0.2273486 0.3974856 0.8889982 0.2280482 0.9034202 -0.2546902 0.3449129 0.0 0.0 0.0 0.0 1.0
Lower_Arm_R 0.2483215 -0.9104511 0.3307799 0.0 0.9166495 0.3312655 0.2236448 0.2496952 -0.3131936 0.2476734 0.9168249 0.0 0.0 0.0 0.0 1.0
Hand_R 1.0 7.17364E-7 -6.39516E-6 0.0 1.40503E-7 0.9910967 0.1331446 0.2283604 6.43373E-6 -0.1331446 0.9910966 -2.98023E-8 0.0 0.0 0.0 1.0
Shoulder_L 1.0 -2.30324E-7 -2.89193E-7 0.0 2.11367E-7 -0.2855999 0.958349 0.5655811 -3.03324E-7 -0.9583489 -0.2855999 0.0 0.0 0.0 0.0 1.0
Upper_Arm_L 0.5000166 0.8192754 -0.2806622 0.0 -0.2473342 0.4456832 0.8603444 0.2248114 0.8299453 -0.3607692 0.4254838 0.0 0.0 0.0 0.0 1.0
Lower_Arm_L -0.2133942 0.9222884 -0.3222535 -7.10543E-15 -0.9242374 -0.08367863 0.3725361 0.2769328 0.3166199 0.3773357 0.8702699 0.0 0.0 0.0 0.0 1.0
Hand_L 1.0 -2.77466E-8 4.58494E-7 7.10543E-15 -5.96733E-8 0.9818672 0.1895702 0.2313012 -4.5544E-7 -0.1895703 0.9818672 1.49012E-8 0.0 0.0 0.0 1.0
Head -0.9500929 0.3119672 4.17994E-5 0.0 0.3119635 0.9500811 0.004961255 0.5655811 0.001508035 0.004726694 -0.9999877 0.0 0.0 0.0 0.0 1.0
Upper_Leg_R -0.6016471 0.7863696 -0.1401559 0.0 -0.7987629 -0.5923129 0.1055719 0.0 -1.79721E-6 0.1754669 0.9844953 0.0 0.0 0.0 0.0 1.0
Lower_Leg_R -0.9132035 0.4074476 -0.006765414 7.45058E-9 0.4006414 0.8946676 -0.1976272 0.4431015 -0.07446994 -0.1831844 -0.9802538 0.0 0.0 0.0 0.0 1.0
Foot_R 0.5145112 0.8557566 -0.05438562 -1.49012E-8 0.8533548 -0.5172194 -0.06534111 0.541993 -0.08404543 -0.01279149 -0.9963798 0.0 0.0 0.0 0.0 1.0
Upper_Leg_L 0.9930332 -0.1158475 0.0215486 0.0 -0.117833 -0.9772215 0.1765043 -2.17676E-4 6.10267E-4 -0.1778137 -0.9840683 0.0 0.0 0.0 0.0 1.0
Lower_Leg_L 0.1913476 -0.9813226 0.01980964 2.98023E-8 -0.9650985 -0.1917842 -0.1783347 0.4389734 0.178803 0.01500568 -0.9837703 -1.49012E-8 0.0 0.0 0.0 1.0
Foot_L 0.1506807 -0.9884782 0.01436529 3.72529E-9 -0.9878646 -0.1511091 -0.0359137 0.547265 0.03767063 -0.008779461 -0.9992517 7.45058E-9 0.0 0.0 0.0 1.0
