Root_Bone_Name Torso
Num_Keyframes 2
Num_Bones 16
Time_Wrapping_Mode CLAMP
Time 0.0
Torso -2.8213E-7 0.0 -1.0 0.0 -0.353943 0.935267 9.98579E-8 -0.2973088 0.9352669 0.3539429 -2.63867E-7 0.1433921 0.0 0.0 0.0 1.0
Shoulder_R -0.9942029 -0.05756883 -0.09081066 -1.49012E-8 -0.09511578 0.07706883 0.9924784 0.5655811 -0.05013716 0.9953625 -0.08209778 0.0 0.0 0.0 0.0 1.0
Upper_Arm_R -0.1297733 -0.004802503 -0.991532 -1.49012E-8 -0.7221834 0.6856629 0.09119949 0.2280482 0.6794189 0.7279032 -0.09244908 0.0 0.0 0.0 0.0 1.0
Lower_Arm_R 0.9129624 0.09171221 -0.3976031 0.0 -0.03690043 0.9889782 0.1433907 0.2496953 0.4063715 -0.1162387 0.9062841 -5.96046E-8 0.0 0.0 0.0 1.0
Hand_R 0.9959801 -0.05429813 -0.0712401 2.98023E-8 0.0225303 0.9216141 -0.387453 0.2283605 0.08669389 0.3842905 0.9191328 0.0 0.0 0.0 0.0 1.0
Shoulder_L 0.9309778 -0.05507318 -0.3608982 -1.49012E-8 0.361957 0.01029475 0.932138 0.5655811 -0.04762044 -0.9984293 0.02951829 0.0 0.0 0.0 0.0 1.0
Upper_Arm_L 0.08320803 -0.5136595 0.8539499 0.0 -0.7291629 0.5527183 0.4035146 0.2248114 -0.6792628 -0.6562442 -0.3285508 0.0 0.0 0.0 0.0 1.0
Lower_Arm_L 0.9870905 0.1493524 -0.05784711 0.0 -0.1569249 0.9741132 -0.16272 0.2769328 0.03204705 0.169697 0.9849752 0.0 0.0 0.0 0.0 1.0
Hand_L 0.9945105 0.09020592 -0.05302727 -2.98023E-8 -0.09967259 0.9709175 -0.2176802 0.2313012 0.03184907 0.2217706 0.9745786 0.0 0.0 0.0 0.0 1.0
Head -0.5232112 0.8521969 0.003239023 -1.49012E-8 0.8522017 0.5231999 0.003758019 0.5655811 0.001507915 0.004726539 -0.9999877 0.0 0.0 0.0 0.0 1.0
Upper_Leg_R -0.9101329 0.4078887 -0.07269812 1.49012E-8 -0.414317 -0.8960129 0.1597005 0.0 -5.8514E-7 0.1754656 0.9844955 3.55271E-15 0.0 0.0 0.0 1.0
Lower_Leg_R -0.9721275 0.2344392 -0.002542497 2.98023E-8 0.2302668 0.9526737 -0.19847 0.4431015 -0.04410698 -0.1935236 -0.9801036 -1.49012E-8 0.0 0.0 0.0 1.0
Foot_R -0.6751822 0.7372974 0.0228258 2.23517E-8 0.7335516 0.6743666 -0.0844471 0.541993 -0.07765563 -0.04027326 -0.9961665 -7.45058E-9 0.0 0.0 0.0 1.0
Upper_Leg_L 0.8733417 0.4794402 -0.08609005 0.0 0.4871078 -0.8593716 0.1555846 -2.17676E-4 6.0974E-4 -0.1778137 -0.9840685 3.55271E-15 0.0 0.0 0.0 1.0
Lower_Leg_L -0.9762683 -0.2165636 5.39401E-4 -2.98023E-8 -0.2124372 0.9571761 -0.196682 0.4389734 0.04207788 -0.1921289 -0.9804671 -1.76951E-8 0.0 0.0 0.0 1.0
Foot_L -0.3906691 -0.9205233 0.003834017 1.49012E-8 -0.9198991 0.3902431 -0.03867733 0.547265 0.03410717 -0.01863695 -0.9992443 7.45058E-9 0.0 0.0 0.0 1.0
Time 1.0
Torso -2.8213E-7 0.0 -1.0 0.0 -0.353943 0.935267 9.98579E-8 -0.2973088 0.9352669 0.3539429 -2.63867E-7 0.1433921 0.0 0.0 0.0 1.0
Shoulder_R -0.9942029 -0.05756883 -0.09081066 -1.49012E-8 -0.09511578 0.07706883 0.9924784 0.5655811 -0.05013716 0.9953625 -0.08209778 0.0 0.0 0.0 0.0 1.0
Upper_Arm_R -0.1297733 -0.004802503 -0.991532 -1.49012E-8 -0.7221834 0.6856629 0.09119949 0.2280482 0.6794189 0.7279032 -0.09244908 0.0 0.0 0.0 0.0 1.0
Lower_Arm_R 0.9129624 0.09171221 -0.3976031 0.0 -0.03690043 0.9889782 0.1433907 0.2496953 0.4063715 -0.1162387 0.9062841 -5.96046E-8 0.0 0.0 0.0 1.0
Hand_R 0.9959801 -0.05429813 -0.0712401 2.98023E-8 0.0225303 0.9216141 -0.387453 0.2283605 0.08669389 0.3842905 0.9191328 0.0 0.0 0.0 0.0 1.0
Shoulder_L 0.9309778 -0.05507318 -0.3608982 -1.49012E-8 0.361957 0.01029475 0.932138 0.5655811 -0.04762044 -0.9984293 0.02951829 0.0 0.0 0.0 0.0 1.0
Upper_Arm_L 0.08320803 -0.5136595 0.8539499 0.0 -0.7291629 0.5527183 0.4035146 0.2248114 -0.6792628 -0.6562442 -0.3285508 0.0 0.0 0.0 0.0 1.0
Lower_Arm_L 0.9870905 0.1493524 -0.05784711 0.0 -0.1569249 0.9741132 -0.16272 0.2769328 0.03204705 0.169697 0.9849752 0.0 0.0 0.0 0.0 1.0
Hand_L 0.9945105 0.09020592 -0.05302727 -2.98023E-8 -0.09967259 0.9709175 -0.2176802 0.2313012 0.03184907 0.2217706 0.9745786 0.0 0.0 0.0 0.0 1.0
Head -0.5232112 0.8521969 0.003239023 -1.49012E-8 0.8522017 0.5231999 0.003758019 0.5655811 0.001507915 0.004726539 -0.9999877 0.0 0.0 0.0 0.0 1.0
Upper_Leg_R -0.9101329 0.4078887 -0.07269812 1.49012E-8 -0.414317 -0.8960129 0.1597005 0.0 -5.8514E-7 0.1754656 0.9844955 3.55271E-15 0.0 0.0 0.0 1.0
Lower_Leg_R -0.9721275 0.2344392 -0.002542497 2.98023E-8 0.2302668 0.9526737 -0.19847 0.4431015 -0.04410698 -0.1935236 -0.9801036 -1.49012E-8 0.0 0.0 0.0 1.0
Foot_R -0.6751822 0.7372974 0.0228258 2.23517E-8 0.7335516 0.6743666 -0.0844471 0.541993 -0.07765563 -0.04027326 -0.9961665 -7.45058E-9 0.0 0.0 0.0 1.0
Upper_Leg_L 0.8733417 0.4794402 -0.08609005 0.0 0.4871078 -0.8593716 0.1555846 -2.17676E-4 6.0974E-4 -0.1778137 -0.9840685 3.55271E-15 0.0 0.0 0.0 1.0
Lower_Leg_L -0.9762683 -0.2165636 5.39401E-4 -2.98023E-8 -0.2124372 0.9571761 -0.196682 0.4389734 0.04207788 -0.1921289 -0.9804671 -1.76951E-8 0.0 0.0 0.0 1.0
Foot_L -0.3906691 -0.9205233 0.003834017 1.49012E-8 -0.9198991 0.3902431 -0.03867733 0.547265 0.03410717 -0.01863695 -0.9992443 7.45058E-9 0.0 0.0 0.0 1.0
