Root_Bone_Name Torso
Num_Keyframes 40
Num_Bones 16
Time_Wrapping_Mode LOOP
Time 0.0
Torso -2.8213E-7 0.0 -1.0 0.0 -1.0 0.0 2.8213E-7 0.0 0.0 0.9999999 0.0 1.061726 0.0 0.0 0.0 1.0
Shoulder_R -0.9440187 -0.3199205 -0.0804963 0.0 -1.41561E-7 -0.2440075 0.9697734 0.5655811 -0.3298922 0.9154842 0.2303476 0.0 0.0 0.0 0.0 1.0
Upper_Arm_R -0.05654804 0.1660235 -0.9844993 1.42109E-14 0.8471681 0.5297655 0.04067855 0.2280482 0.5283074 -0.831736 -0.1706071 0.0 0.0 0.0 0.0 1.0
Lower_Arm_R 0.992209 -0.1245794 -0.001096056 0.0 0.06373043 0.5150994 -0.854758 0.2496952 0.1070498 0.8480287 0.5190257 0.0 0.0 0.0 0.0 1.0
Hand_R 0.9959802 -0.05429813 -0.07124013 0.0 0.02253029 0.9216142 -0.387453 0.2283604 0.08669388 0.3842904 0.9191326 -2.98023E-8 0.0 0.0 0.0 1.0
Shoulder_L 0.9031507 0.4114419 0.1226146 0.0 2.08616E-7 -0.2855999 0.9583489 0.5655811 0.4293236 -0.8655335 -0.2579399 0.0 0.0 0.0 0.0 1.0
Upper_Arm_L 0.5145879 0.2124716 0.8306955 0.0 -0.6888613 0.6793194 0.2529731 0.2248114 -0.510558 -0.7024109 0.4959331 0.0 0.0 0.0 0.0 1.0
Lower_Arm_L 0.9213408 -0.2547677 -0.2936403 -7.10543E-15 -0.3504007 -0.2170747 -0.911097 0.2769328 0.1683762 0.9423227 -0.2892706 0.0 0.0 0.0 0.0 1.0
Hand_L 0.995009 0.07995633 0.0597002 7.10543E-15 -0.09845554 0.8840101 0.4569822 0.2313012 -0.01623696 -0.4605793 0.8874701 1.49012E-8 0.0 0.0 0.0 1.0
Head -0.9743466 0.225052 -4.05604E-4 0.0 0.2250473 0.9743353 0.00494485 0.5655811 0.001508042 0.004726718 -0.9999877 0.0 0.0 0.0 0.0 1.0
Upper_Leg_R -0.8964784 -0.436213 0.07774868 0.0 0.443088 -0.88257 0.157306 0.0 2.03361E-6 0.1754679 0.9844951 0.0 0.0 0.0 0.0 1.0
Lower_Leg_R -0.1863754 0.9822234 -0.0223862 7.45058E-9 0.9667016 0.1792681 -0.1826228 0.4431015 -0.1753633 -0.0556772 -0.9829282 0.0 0.0 0.0 0.0 1.0
Foot_R -0.2878889 0.9576421 -0.006369017 -1.49012E-8 0.9539747 0.2861908 -0.08959337 0.541993 -0.08397567 -0.03186882 -0.995958 0.0 0.0 0.0 0.0 1.0
Upper_Leg_L 0.4008663 0.9015807 -0.1626608 0.0 0.9161365 -0.3943788 0.07183015 -2.17676E-4 6.1003E-4 -0.1778142 -0.9840683 0.0 0.0 0.0 0.0 1.0
Lower_Leg_L -0.7336326 -0.6794691 0.01024045 2.98023E-8 -0.6680343 0.7183604 -0.1941335 0.4389734 0.1245514 -0.1492636 -0.9809214 -1.49012E-8 0.0 0.0 0.0 1.0
Foot_L 0.06263986 -0.9979541 0.01280504 3.72529E-9 -0.9973324 -0.06307226 -0.03674319 0.547265 0.03747566 -0.0104693 -0.9992426 7.45058E-9 0.0 0.0 0.0 1.0
Time 1.0
Torso -2.8213E-7 0.0 -1.0 0.0 -1.0 0.0 2.8213E-7 0.0 0.0 0.9999999 0.0 0.9363774 0.0 0.0 0.0 1.0
Shoulder_R -0.896889 -0.2278135 -0.3790662 0.0 -0.2945528 -0.3316472 0.8962415 0.5655811 -0.3298922 0.9154841 0.2303477 0.0 0.0 0.0 0.0 1.0
Upper_Arm_R -0.05654804 0.1660235 -0.9844993 1.42109E-14 0.8471681 0.5297655 0.04067855 0.2280482 0.5283074 -0.831736 -0.1706071 0.0 0.0 0.0 0.0 1.0
Lower_Arm_R 0.992209 -0.1245794 -0.001096056 0.0 0.06373043 0.5150994 -0.854758 0.2496952 0.1070498 0.8480287 0.5190257 0.0 0.0 0.0 0.0 1.0
Hand_R 0.9959802 -0.05429813 -0.07124013 0.0 0.02253029 0.9216142 -0.387453 0.2283604 0.08669388 0.3842904 0.9191326 -2.98023E-8 0.0 0.0 0.0 1.0
Shoulder_L 0.6863554 0.1270453 0.7160836 0.0 -0.5870243 -0.4844701 0.6486072 0.5655811 0.4293237 -0.8655335 -0.2579401 0.0 0.0 0.0 0.0 1.0
Upper_Arm_L 0.5145879 0.2124716 0.8306955 0.0 -0.6888613 0.6793194 0.2529731 0.2248114 -0.510558 -0.7024109 0.4959331 0.0 0.0 0.0 0.0 1.0
Lower_Arm_L 0.9483059 -0.09297467 -0.303433 -7.10543E-15 -0.2693399 0.2698916 -0.9244536 0.2769328 0.1678448 0.9583914 0.230898 0.0 0.0 0.0 0.0 1.0
Hand_L 0.995009 0.07995633 0.0597002 7.10543E-15 -0.09845554 0.8840101 0.4569822 0.2313012 -0.01623696 -0.4605793 0.8874701 1.49012E-8 0.0 0.0 0.0 1.0
Head -0.9743466 0.225052 -4.05604E-4 0.0 0.2250473 0.9743353 0.00494485 0.5655811 0.001508042 0.004726718 -0.9999877 0.0 0.0 0.0 0.0 1.0
Upper_Leg_R -0.8865874 0.4553848 -0.0811635 0.0 -0.4625617 -0.8728325 0.15557 0.0 -3.38463E-7 0.1754665 0.9844953 0.0 0.0 0.0 0.0 1.0
Lower_Leg_R -0.1863754 0.9822234 -0.0223862 7.45058E-9 0.9667016 0.1792681 -0.1826228 0.4431015 -0.1753633 -0.0556772 -0.9829282 0.0 0.0 0.0 0.0 1.0
Foot_R -0.2878889 0.9576421 -0.006369017 -1.49012E-8 0.9539747 0.2861908 -0.08959337 0.541993 -0.08397567 -0.03186882 -0.995958 0.0 0.0 0.0 0.0 1.0
Upper_Leg_L 0.8998452 0.4293553 -0.07702351 0.0 0.436209 -0.8854584 0.1602668 -2.17676E-4 6.09978E-4 -0.1778138 -0.9840684 0.0 0.0 0.0 0.0 1.0
Lower_Leg_L -0.7336326 -0.6794691 0.01024045 2.98023E-8 -0.6680343 0.7183604 -0.1941335 0.4389734 0.1245514 -0.1492636 -0.9809214 -1.49012E-8 0.0 0.0 0.0 1.0
Foot_L 0.06263986 -0.9979541 0.01280504 3.72529E-9 -0.9973324 -0.06307226 -0.03674319 0.547265 0.03747566 -0.0104693 -0.9992426 7.45058E-9 0.0 0.0 0.0 1.0
Time 2.0
Torso -2.8213E-7 0.0 -1.0 0.0 -1.0 0.0 2.8213E-7 0.0 0.0 0.9999999 0.0 1.059013 0.0 0.0 0.0 1.0
Shoulder_R -0.3030034 0.1284114 -0.9442985 0.0 -0.8940694 -0.381313 0.2350328 0.5655811 -0.3298923 0.915484 0.2303478 0.0 0.0 0.0 0.0 1.0
Upper_Arm_R -0.05654804 0.1660235 -0.9844993 1.42109E-14 0.8471681 0.5297655 0.04067855 0.2280482 0.5283074 -0.831736 -0.1706071 0.0 0.0 0.0 0.0 1.0
Lower_Arm_R 0.992209 -0.1245794 -0.001096056 0.0 0.06373043 0.5150994 -0.854758 0.2496952 0.1070498 0.8480287 0.5190257 0.0 0.0 0.0 0.0 1.0
Hand_R 0.9959802 -0.05429813 -0.07124013 0.0 0.02253029 0.9216142 -0.387453 0.2283604 0.08669388 0.3842904 0.9191326 -2.98023E-8 0.0 0.0 0.0 1.0
Shoulder_L 0.1583941 -0.2090153 0.9649996 0.0 -0.8891528 -0.4551534 0.04736014 0.5655811 0.4293239 -0.8655334 -0.2579401 0.0 0.0 0.0 0.0 1.0
Upper_Arm_L 0.5145879 0.2124716 0.8306955 0.0 -0.6888613 0.6793194 0.2529731 0.2248114 -0.510558 -0.7024109 0.4959331 0.0 0.0 0.0 0.0 1.0
Lower_Arm_L 0.9213408 -0.2547677 -0.2936403 -7.10543E-15 -0.3504007 -0.2170747 -0.911097 0.2769328 0.1683762 0.9423227 -0.2892706 0.0 0.0 0.0 0.0 1.0
Hand_L 0.995009 0.07995633 0.0597002 7.10543E-15 -0.09845554 0.8840101 0.4569822 0.2313012 -0.01623696 -0.4605793 0.8874701 1.49012E-8 0.0 0.0 0.0 1.0
Head -0.9101536 0.4142706 5.85591E-4 0.0 0.4142682 0.9101415 0.004926721 0.5655811 0.001508024 0.004726665 -0.9999877 0.0 0.0 0.0 0.0 1.0
Upper_Leg_R 0.3059013 0.937294 -0.1670474 0.0 -0.9520645 0.3011554 -0.05367646 0.0 -8.32665E-6 0.1754626 0.9844961 0.0 0.0 0.0 0.0 1.0
Lower_Leg_R -0.1863754 0.9822234 -0.0223862 7.45058E-9 0.9667016 0.1792681 -0.1826228 0.4431015 -0.1753633 -0.0556772 -0.9829282 0.0 0.0 0.0 0.0 1.0
Foot_R -0.2878889 0.9576421 -0.006369017 -1.49012E-8 0.9539747 0.2861908 -0.08959337 0.541993 -0.08397567 -0.03186882 -0.995958 0.0 0.0 0.0 0.0 1.0
Upper_Leg_L 0.8948743 -0.4391084 0.07989819 0.0 -0.4463178 -0.8806626 0.1588525 -2.17676E-4 6.10196E-4 -0.1778131 -0.9840685 0.0 0.0 0.0 0.0 1.0
Lower_Leg_L -0.2137558 -0.9767211 0.01801004 2.98023E-8 -0.9605823 0.2067979 -0.1857843 0.4389734 0.177735 -0.05701255 -0.9824253 -1.49012E-8 0.0 0.0 0.0 1.0
Foot_L 0.06263986 -0.9979541 0.01280504 3.72529E-9 -0.9973324 -0.06307226 -0.03674319 0.547265 0.03747566 -0.0104693 -0.9992426 7.45058E-9 0.0 0.0 0.0 1.0
Time 3.0
Torso -2.8213E-7 0.0 -1.0 0.0 -1.0 0.0 2.8213E-7 0.0 0.0 0.9999999 0.0 0.8376175 0.0 0.0 0.0 1.0
Shoulder_R -0.3030034 0.1284114 -0.9442985 0.0 -0.8940694 -0.381313 0.2350328 0.5655811 -0.3298923 0.915484 0.2303478 0.0 0.0 0.0 0.0 1.0
Upper_Arm_R -0.4690475 0.8291566 -0.3041283 1.42109E-14 0.6940256 0.5590137 0.4536876 0.2280482 0.5461899 0.001728058 -0.83766 0.0 0.0 0.0 0.0 1.0
Lower_Arm_R 0.992209 -0.1245794 -0.001096056 0.0 0.06373043 0.5150994 -0.854758 0.2496952 0.1070498 0.8480287 0.5190257 0.0 0.0 0.0 0.0 1.0
Hand_R 0.9959802 -0.05429813 -0.07124013 0.0 0.02253029 0.9216142 -0.387453 0.2283604 0.08669388 0.3842904 0.9191326 -2.98023E-8 0.0 0.0 0.0 1.0
Shoulder_L 0.1583941 -0.2090153 0.9649996 0.0 -0.8891528 -0.4551534 0.04736014 0.5655811 0.4293239 -0.8655334 -0.2579401 0.0 0.0 0.0 0.0 1.0
Upper_Arm_L 0.6628743 0.6444282 0.3811955 0.0 -0.6648313 0.7407719 -0.09620969 0.2248114 -0.3443792 -0.1896558 0.9194747 0.0 0.0 0.0 0.0 1.0
Lower_Arm_L 0.9213408 -0.2547677 -0.2936403 -7.10543E-15 -0.3504007 -0.2170747 -0.911097 0.2769328 0.1683762 0.9423227 -0.2892706 0.0 0.0 0.0 0.0 1.0
Hand_L 0.995009 0.07995633 0.0597002 7.10543E-15 -0.09845554 0.8840101 0.4569822 0.2313012 -0.01623696 -0.4605793 0.8874701 1.49012E-8 0.0 0.0 0.0 1.0
Head -0.9101536 0.4142706 5.85591E-4 0.0 0.4142682 0.9101415 0.004926721 0.5655811 0.001508024 0.004726665 -0.9999877 0.0 0.0 0.0 0.0 1.0
Upper_Leg_R -0.8977283 0.4337139 -0.07730576 0.0 -0.4405501 -0.8838027 0.1575139 0.0 -9.32817E-6 0.1754587 0.9844967 0.0 0.0 0.0 0.0 1.0
Lower_Leg_R -0.1863754 0.9822234 -0.0223862 7.45058E-9 0.9667016 0.1792681 -0.1826228 0.4431015 -0.1753633 -0.0556772 -0.9829282 0.0 0.0 0.0 0.0 1.0
Foot_R 0.3419352 0.938625 -0.04541454 -1.49012E-8 0.9358298 -0.3445152 -0.07437528 0.541993 -0.08545654 -0.01706875 -0.9961957 0.0 0.0 0.0 0.0 1.0
Upper_Leg_L 0.7646905 0.6342117 -0.114123 0.0 0.6443976 -0.7524349 0.136359 -2.17676E-4 6.09815E-4 -0.1778132 -0.9840685 0.0 0.0 0.0 0.0 1.0
Lower_Leg_L -0.2137558 -0.9767211 0.01801004 2.98023E-8 -0.9605823 0.2067979 -0.1857843 0.4389734 0.177735 -0.05701255 -0.9824253 -1.49012E-8 0.0 0.0 0.0 1.0
Foot_L 0.3344046 -0.9422687 0.0174246 3.72529E-9 -0.94168 -0.3348188 -0.03369344 0.547265 0.03758236 -0.005141159 -0.9992803 7.45058E-9 0.0 0.0 0.0 1.0
Time 4.0
Torso -2.8213E-7 0.0 -1.0 0.0 -1.0 0.0 2.8213E-7 0.0 0.0 0.9999999 0.0 1.061726 0.0 0.0 0.0 1.0
Shoulder_R -0.9440187 -0.3199205 -0.0804963 0.0 -1.41561E-7 -0.2440075 0.9697734 0.5655811 -0.3298922 0.9154842 0.2303476 0.0 0.0 0.0 0.0 1.0
Upper_Arm_R -0.05654804 0.1660235 -0.9844993 1.42109E-14 0.8471681 0.5297655 0.04067855 0.2280482 0.5283074 -0.831736 -0.1706071 0.0 0.0 0.0 0.0 1.0
Lower_Arm_R 0.992209 -0.1245794 -0.001096056 0.0 0.06373043 0.5150994 -0.854758 0.2496952 0.1070498 0.8480287 0.5190257 0.0 0.0 0.0 0.0 1.0
Hand_R 0.9959802 -0.05429813 -0.07124013 0.0 0.02253029 0.9216142 -0.387453 0.2283604 0.08669388 0.3842904 0.9191326 -2.98023E-8 0.0 0.0 0.0 1.0
Shoulder_L 0.9031507 0.4114419 0.1226146 0.0 2.08616E-7 -0.2855999 0.9583489 0.5655811 0.4293236 -0.8655335 -0.2579399 0.0 0.0 0.0 0.0 1.0
Upper_Arm_L 0.5145879 0.2124716 0.8306955 0.0 -0.6888613 0.6793194 0.2529731 0.2248114 -0.510558 -0.7024109 0.4959331 0.0 0.0 0.0 0.0 1.0
Lower_Arm_L 0.9213408 -0.2547677 -0.2936403 -7.10543E-15 -0.3504007 -0.2170747 -0.911097 0.2769328 0.1683762 0.9423227 -0.2892706 0.0 0.0 0.0 0.0 1.0
Hand_L 0.995009 0.07995633 0.0597002 7.10543E-15 -0.09845554 0.8840101 0.4569822 0.2313012 -0.01623696 -0.4605793 0.8874701 1.49012E-8 0.0 0.0 0.0 1.0
Head -0.9743466 0.225052 -4.05604E-4 0.0 0.2250473 0.9743353 0.00494485 0.5655811 0.001508042 0.004726718 -0.9999877 0.0 0.0 0.0 0.0 1.0
Upper_Leg_R -0.8964784 -0.436213 0.07774868 0.0 0.443088 -0.88257 0.157306 0.0 2.03361E-6 0.1754679 0.9844951 0.0 0.0 0.0 0.0 1.0
Lower_Leg_R -0.1863754 0.9822234 -0.0223862 7.45058E-9 0.9667016 0.1792681 -0.1826228 0.4431015 -0.1753633 -0.0556772 -0.9829282 0.0 0.0 0.0 0.0 1.0
Foot_R -0.2878889 0.9576421 -0.006369017 -1.49012E-8 0.9539747 0.2861908 -0.08959337 0.541993 -0.08397567 -0.03186882 -0.995958 0.0 0.0 0.0 0.0 1.0
Upper_Leg_L 0.4008663 0.9015807 -0.1626608 0.0 0.9161365 -0.3943788 0.07183015 -2.17676E-4 6.1003E-4 -0.1778142 -0.9840683 0.0 0.0 0.0 0.0 1.0
Lower_Leg_L -0.7336326 -0.6794691 0.01024045 2.98023E-8 -0.6680343 0.7183604 -0.1941335 0.4389734 0.1245514 -0.1492636 -0.9809214 -1.49012E-8 0.0 0.0 0.0 1.0
Foot_L 0.06263986 -0.9979541 0.01280504 3.72529E-9 -0.9973324 -0.06307226 -0.03674319 0.547265 0.03747566 -0.0104693 -0.9992426 7.45058E-9 0.0 0.0 0.0 1.0
Time 8.0
Torso -2.8213E-7 0.0 -1.0 0.0 -1.0 0.0 2.8213E-7 0.0 0.0 0.9999999 0.0 1.061726 0.0 0.0 0.0 1.0
Shoulder_R -0.9440187 -0.3199205 -0.0804963 0.0 -1.41561E-7 -0.2440075 0.9697734 0.5655811 -0.3298922 0.9154842 0.2303476 0.0 0.0 0.0 0.0 1.0
Upper_Arm_R -0.05654804 0.1660235 -0.9844993 1.42109E-14 0.8471681 0.5297655 0.04067855 0.2280482 0.5283074 -0.831736 -0.1706071 0.0 0.0 0.0 0.0 1.0
Lower_Arm_R 0.9327053 0.02978938 -0.3594071 0.0 -0.04672025 0.9981654 -0.03851204 0.2496952 0.3576005 0.05271199 0.9323859 0.0 0.0 0.0 0.0 1.0
Hand_R 0.9959802 -0.05429813 -0.07124013 0.0 0.02253029 0.9216142 -0.387453 0.2283604 0.08669388 0.3842904 0.9191326 -2.98023E-8 0.0 0.0 0.0 1.0
Shoulder_L 0.839483 0.4877692 -0.2394777 0.0 0.3330911 -0.1137226 0.9360115 0.5655811 0.4293235 -0.8655335 -0.2579398 0.0 0.0 0.0 0.0 1.0
Upper_Arm_L 0.5113004 0.2027247 0.8351494 0.0 -0.6899445 0.6762257 0.2582549 0.2248114 -0.5123949 -0.7082525 0.4856232 0.0 0.0 0.0 0.0 1.0
Lower_Arm_L 0.9870905 0.1493524 -0.05784711 -7.10543E-15 -0.1569249 0.9741133 -0.1627199 0.2769328 0.03204702 0.169697 0.9849751 0.0 0.0 0.0 0.0 1.0
Hand_L 0.9945104 0.0902059 -0.05302725 7.10543E-15 -0.09967262 0.9709175 -0.2176802 0.2313012 0.03184905 0.2217706 0.9745787 1.49012E-8 0.0 0.0 0.0 1.0
Head -0.8136383 0.5813694 0.001520964 0.0 0.5813693 0.8136261 0.00472246 0.5655811 0.001507997 0.004726617 -0.9999877 0.0 0.0 0.0 0.0 1.0
Upper_Leg_R -0.9837155 0.1769443 -0.03153634 0.0 -0.1797329 -0.9684538 0.1726133 0.0 5.21542E-7 0.175467 0.9844952 0.0 0.0 0.0 0.0 1.0
Lower_Leg_R -0.6577005 0.7531177 -0.0156108 7.45058E-9 0.7410571 0.643172 -0.1927804 0.4431015 -0.1351459 -0.1383603 -0.9811177 0.0 0.0 0.0 0.0 1.0
Foot_R -0.2878889 0.9576421 -0.006369017 -1.49012E-8 0.9539747 0.2861908 -0.08959337 0.541993 -0.08397567 -0.03186882 -0.995958 0.0 0.0 0.0 0.0 1.0
Upper_Leg_L 0.8847554 0.4587244 -0.08233964 0.0 0.4660553 -0.8706058 0.1576017 -2.17676E-4 6.09983E-4 -0.1778138 -0.9840684 0.0 0.0 0.0 0.0 1.0
Lower_Leg_L -0.7336326 -0.6794691 0.01024045 2.98023E-8 -0.6680343 0.7183604 -0.1941335 0.4389734 0.1245514 -0.1492636 -0.9809214 -1.49012E-8 0.0 0.0 0.0 1.0
Foot_L 0.06263986 -0.9979541 0.01280504 3.72529E-9 -0.9973324 -0.06307226 -0.03674319 0.547265 0.03747566 -0.0104693 -0.9992426 7.45058E-9 0.0 0.0 0.0 1.0
Time 9.0
Torso -2.8213E-7 0.0 -1.0 0.0 -1.0 0.0 2.8213E-7 0.0 0.0 0.9999999 0.0 1.061726 0.0 0.0 0.0 1.0
Shoulder_R -0.9440187 -0.3199205 -0.0804963 0.0 -1.41561E-7 -0.2440075 0.9697734 0.5655811 -0.3298922 0.9154842 0.2303476 0.0 0.0 0.0 0.0 1.0
Upper_Arm_R -0.09525704 0.2764531 -0.9562948 1.42109E-14 0.8265779 0.5572832 0.07876793 0.2280482 0.5547028 -0.7829489 -0.2815952 0.0 0.0 0.0 0.0 1.0
Lower_Arm_R 0.9129625 0.09171215 -0.3976032 0.0 -0.03690042 0.988978 0.1433907 0.2496952 0.4063715 -0.1162386 0.9062841 0.0 0.0 0.0 0.0 1.0
Hand_R 0.9959802 -0.05429813 -0.07124013 0.0 0.02253029 0.9216142 -0.387453 0.2283604 0.08669388 0.3842904 0.9191326 -2.98023E-8 0.0 0.0 0.0 1.0
Shoulder_L 0.839483 0.4877692 -0.2394777 0.0 0.3330911 -0.1137226 0.9360115 0.5655811 0.4293235 -0.8655335 -0.2579398 0.0 0.0 0.0 0.0 1.0
Upper_Arm_L 0.6887125 0.7051061 -0.1688211 0.0 -0.7077609 0.6033016 -0.3675618 0.2248114 -0.1573199 0.3726294 0.9145478 0.0 0.0 0.0 0.0 1.0
Lower_Arm_L 0.9870905 0.1493524 -0.05784711 -7.10543E-15 -0.1569249 0.9741133 -0.1627199 0.2769328 0.03204702 0.169697 0.9849751 0.0 0.0 0.0 0.0 1.0
Hand_L 0.9945104 0.0902059 -0.05302725 7.10543E-15 -0.09967262 0.9709175 -0.2176802 0.2313012 0.03184905 0.2217706 0.9745787 1.49012E-8 0.0 0.0 0.0 1.0
Head -0.9900442 0.1407547 -8.27733E-4 0.0 0.1407491 0.9900332 0.004891946 0.5655811 0.001508046 0.004726741 -0.9999877 0.0 0.0 0.0 0.0 1.0
Upper_Leg_R -0.984312 -0.1736993 0.03095992 0.0 0.176437 -0.9690411 0.1727175 0.0 1.44372E-6 0.1754669 0.9844953 0.0 0.0 0.0 0.0 1.0
Lower_Leg_R -0.6577005 0.7531177 -0.0156108 7.45058E-9 0.7410571 0.643172 -0.1927804 0.4431015 -0.1351459 -0.1383603 -0.9811177 0.0 0.0 0.0 0.0 1.0
Foot_R -0.2878889 0.9576421 -0.006369017 -1.49012E-8 0.9539747 0.2861908 -0.08959337 0.541993 -0.08397567 -0.03186882 -0.995958 0.0 0.0 0.0 0.0 1.0
Upper_Leg_L 0.1445015 0.9737518 -0.1758605 0.0 0.9895046 -0.1420914 0.02628892 -2.17676E-4 6.09879E-4 -0.1778141 -0.9840683 0.0 0.0 0.0 0.0 1.0
Lower_Leg_L -0.5826259 -0.8126303 0.0133746 2.98023E-8 -0.7990907 0.56976 -0.1919031 0.4389734 0.1483259 -0.1224952 -0.9813226 -1.49012E-8 0.0 0.0 0.0 1.0
Foot_L 0.06263986 -0.9979541 0.01280504 3.72529E-9 -0.9973324 -0.06307226 -0.03674319 0.547265 0.03747566 -0.0104693 -0.9992426 7.45058E-9 0.0 0.0 0.0 1.0
Time 12.0
Torso -2.8213E-7 0.0 -1.0 0.0 -1.0 0.0 2.8213E-7 0.0 0.0 0.9999999 0.0 1.061726 0.0 0.0 0.0 1.0
Shoulder_R -0.9440187 -0.3199205 -0.0804963 0.0 -1.41561E-7 -0.2440075 0.9697734 0.5655811 -0.3298922 0.9154842 0.2303476 0.0 0.0 0.0 0.0 1.0
Upper_Arm_R -0.09525704 0.2764531 -0.9562948 1.42109E-14 0.8265779 0.5572832 0.07876793 0.2280482 0.5547028 -0.7829489 -0.2815952 0.0 0.0 0.0 0.0 1.0
Lower_Arm_R 0.9129625 0.09171215 -0.3976032 0.0 -0.03690042 0.988978 0.1433907 0.2496952 0.4063715 -0.1162386 0.9062841 0.0 0.0 0.0 0.0 1.0
Hand_R 0.9959802 -0.05429813 -0.07124013 0.0 0.02253029 0.9216142 -0.387453 0.2283604 0.08669388 0.3842904 0.9191326 -2.98023E-8 0.0 0.0 0.0 1.0
Shoulder_L 0.839483 0.4877692 -0.2394777 0.0 0.3330911 -0.1137226 0.9360115 0.5655811 0.4293235 -0.8655335 -0.2579398 0.0 0.0 0.0 0.0 1.0
Upper_Arm_L 0.6887125 0.7051061 -0.1688211 0.0 -0.7077609 0.6033016 -0.3675618 0.2248114 -0.1573199 0.3726294 0.9145478 0.0 0.0 0.0 0.0 1.0
Lower_Arm_L 0.9870905 0.1493524 -0.05784711 -7.10543E-15 -0.1569249 0.9741133 -0.1627199 0.2769328 0.03204702 0.169697 0.9849751 0.0 0.0 0.0 0.0 1.0
Hand_L 0.9945104 0.0902059 -0.05302725 7.10543E-15 -0.09967262 0.9709175 -0.2176802 0.2313012 0.03184905 0.2217706 0.9745787 1.49012E-8 0.0 0.0 0.0 1.0
Head -0.9900442 0.1407547 -8.27733E-4 0.0 0.1407491 0.9900332 0.004891946 0.5655811 0.001508046 0.004726741 -0.9999877 0.0 0.0 0.0 0.0 1.0
Upper_Leg_R -0.984312 -0.1736993 0.03095992 0.0 0.176437 -0.9690411 0.1727175 0.0 1.44372E-6 0.1754669 0.9844953 0.0 0.0 0.0 0.0 1.0
Lower_Leg_R -0.6577005 0.7531177 -0.0156108 7.45058E-9 0.7410571 0.643172 -0.1927804 0.4431015 -0.1351459 -0.1383603 -0.9811177 0.0 0.0 0.0 0.0 1.0
Foot_R -0.2878889 0.9576421 -0.006369017 -1.49012E-8 0.9539747 0.2861908 -0.08959337 0.541993 -0.08397567 -0.03186882 -0.995958 0.0 0.0 0.0 0.0 1.0
Upper_Leg_L 0.1445015 0.9737518 -0.1758605 0.0 0.9895046 -0.1420914 0.02628892 -2.17676E-4 6.09879E-4 -0.1778141 -0.9840683 0.0 0.0 0.0 0.0 1.0
Lower_Leg_L -0.5826259 -0.8126303 0.0133746 2.98023E-8 -0.7990907 0.56976 -0.1919031 0.4389734 0.1483259 -0.1224952 -0.9813226 -1.49012E-8 0.0 0.0 0.0 1.0
Foot_L 0.06263986 -0.9979541 0.01280504 3.72529E-9 -0.9973324 -0.06307226 -0.03674319 0.547265 0.03747566 -0.0104693 -0.9992426 7.45058E-9 0.0 0.0 0.0 1.0
Time 13.0
Torso -2.8213E-7 7.10543E-15 -1.0 0.0 -0.9753021 0.220875 2.75162E-7 -0.06667665 0.220875 0.975302 -6.23154E-8 1.063982 0.0 0.0 0.0 1.0
Shoulder_R -0.8990687 -0.4245743 -0.1068285 0.0 -0.05626535 -0.1299321 0.9899252 0.5655811 -0.4341772 0.8960214 0.09292907 0.0 0.0 0.0 0.0 1.0
Upper_Arm_R 0.02101647 -0.1374298 -0.9902886 1.42109E-14 0.8184719 0.5712023 -0.06189993 0.2280482 0.5741621 -0.8092225 0.1244871 0.0 0.0 0.0 0.0 1.0
Lower_Arm_R 0.9129625 0.09171215 -0.3976032 0.0 -0.03690042 0.988978 0.1433907 0.2496952 0.4063715 -0.1162386 0.9062841 0.0 0.0 0.0 0.0 1.0
Hand_R 0.9959802 -0.05429813 -0.07124013 0.0 0.02253029 0.9216142 -0.387453 0.2283604 0.08669388 0.3842904 0.9191326 -2.98023E-8 0.0 0.0 0.0 1.0
Shoulder_L 0.8547019 -0.3827796 -0.3506627 0.0 0.3330911 -0.1137226 0.9360116 0.5655811 -0.3981644 -0.9168135 0.03030149 0.0 0.0 0.0 0.0 1.0
Upper_Arm_L 0.3885051 -0.1642765 0.9066846 0.0 -0.7398794 0.5308769 0.413217 0.2248114 -0.5492196 -0.8313741 0.0847036 0.0 0.0 0.0 0.0 1.0
Lower_Arm_L 0.9870905 0.1493524 -0.05784711 -7.10543E-15 -0.1569249 0.9741133 -0.1627199 0.2769328 0.03204702 0.169697 0.9849751 0.0 0.0 0.0 0.0 1.0
Hand_L 0.9945104 0.0902059 -0.05302725 7.10543E-15 -0.09967262 0.9709175 -0.2176802 0.2313012 0.03184905 0.2217706 0.9745787 1.49012E-8 0.0 0.0 0.0 1.0
Head -0.651306 0.7588107 0.002604462 0.0 0.7588137 0.6512941 0.00422269 0.5655811 0.00150795 0.004726566 -0.9999877 0.0 0.0 0.0 0.0 1.0
Upper_Leg_R -0.9101329 0.4078887 -0.07269812 0.0 -0.414317 -0.896013 0.1597004 0.0 -5.8514E-7 0.1754656 0.9844955 0.0 0.0 0.0 0.0 1.0
Lower_Leg_R -0.6577005 0.7531177 -0.0156108 7.45058E-9 0.7410571 0.643172 -0.1927804 0.4431015 -0.1351459 -0.1383603 -0.9811177 0.0 0.0 0.0 0.0 1.0
Foot_R -0.2878889 0.9576421 -0.006369017 -1.49012E-8 0.9539747 0.2861908 -0.08959337 0.541993 -0.08397567 -0.03186882 -0.995958 0.0 0.0 0.0 0.0 1.0
Upper_Leg_L 0.8733417 0.4794401 -0.08609004 0.0 0.4871078 -0.8593717 0.1555845 -2.17676E-4 6.0974E-4 -0.1778137 -0.9840685 0.0 0.0 0.0 0.0 1.0
Lower_Leg_L -0.9762684 -0.2165636 5.3939E-4 2.98023E-8 -0.2124372 0.9571761 -0.196682 0.4389734 0.04207788 -0.1921289 -0.980467 -1.49012E-8 0.0 0.0 0.0 1.0
Foot_L -0.1617665 -0.986792 0.008565898 3.72529E-9 -0.9861606 0.1613313 -0.03820367 0.547265 0.03631712 -0.01462742 -0.9992332 7.45058E-9 0.0 0.0 0.0 1.0
Time 16.0
Torso -2.8213E-7 0.0 -1.0 0.0 -0.353943 0.935267 9.98579E-8 -0.2973088 0.9352669 0.3539429 -2.63867E-7 0.1433921 0.0 0.0 0.0 1.0
Shoulder_R -0.9942029 -0.05756883 -0.09081062 0.0 -0.09511575 0.0770688 0.9924785 0.5655811 -0.05013716 0.9953625 -0.08209778 0.0 0.0 0.0 0.0 1.0
Upper_Arm_R -0.1297733 -0.004802489 -0.9915321 1.42109E-14 -0.7221834 0.6856629 0.0911995 0.2280482 0.679419 0.7279033 -0.09244908 0.0 0.0 0.0 0.0 1.0
Lower_Arm_R 0.9129625 0.09171215 -0.3976032 0.0 -0.03690042 0.988978 0.1433907 0.2496952 0.4063715 -0.1162386 0.9062841 0.0 0.0 0.0 0.0 1.0
Hand_R 0.9959802 -0.05429813 -0.07124013 0.0 0.02253029 0.9216142 -0.387453 0.2283604 0.08669388 0.3842904 0.9191326 -2.98023E-8 0.0 0.0 0.0 1.0
Shoulder_L 0.9309777 -0.05507318 -0.3608981 0.0 0.361957 0.0102948 0.932138 0.5655811 -0.04762044 -0.9984293 0.02951829 0.0 0.0 0.0 0.0 1.0
Upper_Arm_L 0.08320802 -0.5136595 0.8539498 0.0 -0.7291629 0.5527183 0.4035146 0.2248114 -0.6792628 -0.6562441 -0.3285508 0.0 0.0 0.0 0.0 1.0
Lower_Arm_L 0.9870905 0.1493524 -0.05784711 -7.10543E-15 -0.1569249 0.9741133 -0.1627199 0.2769328 0.03204702 0.169697 0.9849751 0.0 0.0 0.0 0.0 1.0
Hand_L 0.9945104 0.0902059 -0.05302725 7.10543E-15 -0.09967262 0.9709175 -0.2176802 0.2313012 0.03184905 0.2217706 0.9745787 1.49012E-8 0.0 0.0 0.0 1.0
Head -0.5232111 0.8521969 0.003239023 0.0 0.8522018 0.5231999 0.003758019 0.5655811 0.001507915 0.004726539 -0.9999877 0.0 0.0 0.0 0.0 1.0
Upper_Leg_R -0.9101329 0.4078887 -0.07269812 0.0 -0.414317 -0.896013 0.1597004 0.0 -5.8514E-7 0.1754656 0.9844955 0.0 0.0 0.0 0.0 1.0
Lower_Leg_R -0.9721274 0.2344392 -0.002542489 7.45058E-9 0.2302667 0.9526736 -0.19847 0.4431015 -0.04410697 -0.1935236 -0.9801035 0.0 0.0 0.0 0.0 1.0
Foot_R -0.675182 0.7372973 0.0228258 -1.49012E-8 0.7335517 0.6743666 -0.0844471 0.541993 -0.07765562 -0.04027326 -0.9961665 0.0 0.0 0.0 0.0 1.0
Upper_Leg_L 0.8733417 0.4794401 -0.08609004 0.0 0.4871078 -0.8593717 0.1555845 -2.17676E-4 6.0974E-4 -0.1778137 -0.9840685 0.0 0.0 0.0 0.0 1.0
Lower_Leg_L -0.9762684 -0.2165636 5.3939E-4 2.98023E-8 -0.2124372 0.9571761 -0.196682 0.4389734 0.04207788 -0.1921289 -0.980467 -1.49012E-8 0.0 0.0 0.0 1.0
Foot_L -0.390669 -0.9205233 0.003834017 3.72529E-9 -0.9198991 0.3902431 -0.03867732 0.547265 0.03410718 -0.01863695 -0.9992444 7.45058E-9 0.0 0.0 0.0 1.0
Time 17.0
Torso -2.8213E-7 0.0 -1.0 0.0 -0.353943 0.935267 9.98579E-8 -0.2973088 0.9352669 0.3539429 -2.63867E-7 0.1433921 0.0 0.0 0.0 1.0
Shoulder_R -0.9942029 -0.05756883 -0.09081062 0.0 -0.09511575 0.0770688 0.9924785 0.5655811 -0.05013716 0.9953625 -0.08209778 0.0 0.0 0.0 0.0 1.0
Upper_Arm_R -0.1297733 -0.004802489 -0.9915321 1.42109E-14 -0.7221834 0.6856629 0.0911995 0.2280482 0.679419 0.7279033 -0.09244908 0.0 0.0 0.0 0.0 1.0
Lower_Arm_R 0.9129625 0.09171215 -0.3976032 0.0 -0.03690042 0.988978 0.1433907 0.2496952 0.4063715 -0.1162386 0.9062841 0.0 0.0 0.0 0.0 1.0
Hand_R 0.9959802 -0.05429813 -0.07124013 0.0 0.02253029 0.9216142 -0.387453 0.2283604 0.08669388 0.3842904 0.9191326 -2.98023E-8 0.0 0.0 0.0 1.0
Shoulder_L 0.9309777 -0.05507318 -0.3608981 0.0 0.361957 0.0102948 0.932138 0.5655811 -0.04762044 -0.9984293 0.02951829 0.0 0.0 0.0 0.0 1.0
Upper_Arm_L 0.08320802 -0.5136595 0.8539498 0.0 -0.7291629 0.5527183 0.4035146 0.2248114 -0.6792628 -0.6562441 -0.3285508 0.0 0.0 0.0 0.0 1.0
Lower_Arm_L 0.9870905 0.1493524 -0.05784711 -7.10543E-15 -0.1569249 0.9741133 -0.1627199 0.2769328 0.03204702 0.169697 0.9849751 0.0 0.0 0.0 0.0 1.0
Hand_L 0.9945104 0.0902059 -0.05302725 7.10543E-15 -0.09967262 0.9709175 -0.2176802 0.2313012 0.03184905 0.2217706 0.9745787 1.49012E-8 0.0 0.0 0.0 1.0
Head -0.5232111 0.8521969 0.003239023 0.0 0.8522018 0.5231999 0.003758019 0.5655811 0.001507915 0.004726539 -0.9999877 0.0 0.0 0.0 0.0 1.0
Upper_Leg_R -0.9101329 0.4078887 -0.07269812 0.0 -0.414317 -0.896013 0.1597004 0.0 -5.8514E-7 0.1754656 0.9844955 0.0 0.0 0.0 0.0 1.0
Lower_Leg_R -0.9721274 0.2344392 -0.002542489 7.45058E-9 0.2302667 0.9526736 -0.19847 0.4431015 -0.04410697 -0.1935236 -0.9801035 0.0 0.0 0.0 0.0 1.0
Foot_R -0.675182 0.7372973 0.0228258 -1.49012E-8 0.7335517 0.6743666 -0.0844471 0.541993 -0.07765562 -0.04027326 -0.9961665 0.0 0.0 0.0 0.0 1.0
Upper_Leg_L 0.8733417 0.4794401 -0.08609004 0.0 0.4871078 -0.8593717 0.1555845 -2.17676E-4 6.0974E-4 -0.1778137 -0.9840685 0.0 0.0 0.0 0.0 1.0
Lower_Leg_L -0.9762684 -0.2165636 5.3939E-4 2.98023E-8 -0.2124372 0.9571761 -0.196682 0.4389734 0.04207788 -0.1921289 -0.980467 -1.49012E-8 0.0 0.0 0.0 1.0
Foot_L -0.390669 -0.9205233 0.003834017 3.72529E-9 -0.9198991 0.3902431 -0.03867732 0.547265 0.03410718 -0.01863695 -0.9992444 7.45058E-9 0.0 0.0 0.0 1.0
Time 20.0
Torso -2.8213E-7 0.0 -1.0 -3.55271E-15 -0.9743396 -0.2250829 2.7489E-7 0.1439361 -0.2250829 0.9743395 6.35026E-8 0.2405985 0.0 0.0 0.0 1.0
Shoulder_R -0.9930822 0.0607891 -0.1004611 0.0 -0.1002779 0.006064878 0.9949411 0.5655811 0.06109086 0.9981323 7.28354E-5 0.0 0.0 0.0 0.0 1.0
Upper_Arm_R 0.3307823 -0.6687424 -0.6658581 1.42109E-14 0.8138611 0.5593235 -0.1574396 0.2280482 0.4777167 -0.4898379 0.7292776 0.0 0.0 0.0 0.0 1.0
Lower_Arm_R 0.6791777 -0.7331049 -0.03570167 0.0 0.713338 0.6707543 -0.2030711 0.2496952 0.1728195 0.112454 0.978513 0.0 0.0 0.0 0.0 1.0
Hand_R 0.9959802 -0.05429813 -0.07124013 0.0 0.02253029 0.9216142 -0.387453 0.2283604 0.08669388 0.3842904 0.9191326 -2.98023E-8 0.0 0.0 0.0 1.0
Shoulder_L 0.9313223 0.03077134 -0.3628938 0.0 0.3620366 0.03012583 0.931677 0.5655811 0.03960139 -0.9990724 0.0169165 0.0 0.0 0.0 0.0 1.0
Upper_Arm_L 0.2661611 0.5230356 0.8096863 0.0 -0.916397 0.397816 0.04426061 0.2248114 -0.2989562 -0.7537745 0.5851915 0.0 0.0 0.0 0.0 1.0
Lower_Arm_L 0.7612789 0.6129911 -0.2114153 -7.10543E-15 -0.5759814 0.7890286 0.2137268 0.2769328 0.2978254 -0.04093441 0.9537424 0.0 0.0 0.0 0.0 1.0
Hand_L 0.9945104 0.0902059 -0.05302725 7.10543E-15 -0.09967262 0.9709175 -0.2176802 0.2313012 0.03184905 0.2217706 0.9745787 1.49012E-8 0.0 0.0 0.0 1.0
Head -0.9356894 0.3528246 2.56642E-4 0.0 0.3528215 0.9356775 0.004954775 0.5655811 0.001508031 0.00472668 -0.9999877 0.0 0.0 0.0 0.0 1.0
Upper_Leg_R 0.7498919 0.6512973 -0.1160778 0.0 -0.6615611 0.7382586 -0.1315796 0.0 -5.37482E-6 0.1754684 0.984495 0.0 0.0 0.0 0.0 1.0
Lower_Leg_R 0.9103111 0.4137385 -0.01240307 7.45058E-9 0.4069657 -0.9000767 -0.1556944 0.4431015 -0.07558051 0.1366827 -0.9877273 0.0 0.0 0.0 0.0 1.0
Foot_R 0.5042975 0.8618485 -0.0538555 -1.49012E-8 0.8594211 -0.5069976 -0.0659446 0.541993 -0.08413889 -0.01302884 -0.9963688 0.0 0.0 0.0 0.0 1.0
Upper_Leg_L -0.7409514 0.6607761 -0.1198566 0.0 0.6715581 0.7292169 -0.1313475 -2.17676E-4 6.09681E-4 -0.1778142 -0.9840683 0.0 0.0 0.0 0.0 1.0
Lower_Leg_L 0.9221542 -0.3866438 0.01175506 2.98023E-8 -0.3797772 -0.9107141 -0.1623829 0.4389734 0.0734898 0.1452777 -0.9866576 -1.49012E-8 0.0 0.0 0.0 1.0
Foot_L 0.5107094 -0.8595192 0.02007272 3.72529E-9 -0.8589665 -0.5111015 -0.03085068 0.547265 0.03677595 -0.001486066 -0.9993225 7.45058E-9 0.0 0.0 0.0 1.0
Time 21.0
Torso -2.8213E-7 0.0 -1.0 -3.55271E-15 -0.9743396 -0.2250829 2.7489E-7 0.1439361 -0.2250829 0.9743395 6.35026E-8 0.2405985 0.0 0.0 0.0 1.0
Shoulder_R -0.9930822 0.0607891 -0.1004611 0.0 -0.1002779 0.006064878 0.9949411 0.5655811 0.06109086 0.9981323 7.28354E-5 0.0 0.0 0.0 0.0 1.0
Upper_Arm_R 0.5181473 -0.5185867 -0.6801405 1.42109E-14 0.7253135 0.6878449 0.02810025 0.2280482 0.4532586 -0.5078753 0.732543 0.0 0.0 0.0 0.0 1.0
Lower_Arm_R 0.6791777 -0.7331049 -0.03570167 0.0 0.713338 0.6707543 -0.2030711 0.2496952 0.1728195 0.112454 0.978513 0.0 0.0 0.0 0.0 1.0
Hand_R 0.9959802 -0.05429813 -0.07124013 0.0 0.02253029 0.9216142 -0.387453 0.2283604 0.08669388 0.3842904 0.9191326 -2.98023E-8 0.0 0.0 0.0 1.0
Shoulder_L 0.9313223 0.03077134 -0.3628938 0.0 0.3620366 0.03012583 0.931677 0.5655811 0.03960139 -0.9990724 0.0169165 0.0 0.0 0.0 0.0 1.0
Upper_Arm_L -0.09290836 0.6317781 0.7695615 0.0 -0.9648274 0.1337723 -0.226304 0.2248114 -0.2459201 -0.7635193 0.5971279 0.0 0.0 0.0 0.0 1.0
Lower_Arm_L 0.7612789 0.6129911 -0.2114153 -7.10543E-15 -0.5759814 0.7890286 0.2137268 0.2769328 0.2978254 -0.04093441 0.9537424 0.0 0.0 0.0 0.0 1.0
Hand_L 0.9945104 0.0902059 -0.05302725 7.10543E-15 -0.09967262 0.9709175 -0.2176802 0.2313012 0.03184905 0.2217706 0.9745787 1.49012E-8 0.0 0.0 0.0 1.0
Head -0.9356894 0.3528246 2.56642E-4 0.0 0.3528215 0.9356775 0.004954775 0.5655811 0.001508031 0.00472668 -0.9999877 0.0 0.0 0.0 0.0 1.0
Upper_Leg_R 0.5656567 0.8118477 -0.1446934 0.0 -0.8246419 0.5568814 -0.0992533 0.0 -5.79223E-6 0.1754679 0.9844951 0.0 0.0 0.0 0.0 1.0
Lower_Leg_R 0.9276023 0.3733916 -0.0115118 7.45058E-9 0.3672352 -0.9170923 -0.1551773 0.4431015 -0.0684993 0.1397153 -0.9878196 0.0 0.0 0.0 0.0 1.0
Foot_R 0.7010331 0.7103578 -0.06279802 -1.49012E-8 0.7084905 -0.7037951 -0.05209263 0.541993 -0.08120136 -0.00797313 -0.9966657 0.0 0.0 0.0 0.0 1.0
Upper_Leg_L -0.8847876 0.4584728 -0.08339107 0.0 0.4659947 0.8707387 -0.1570468 -2.17676E-4 6.09789E-4 -0.1778142 -0.9840683 0.0 0.0 0.0 0.0 1.0
Lower_Leg_L 0.7179453 -0.6958995 0.01668777 2.98023E-8 -0.6841617 -0.7098508 -0.1674344 0.4389734 0.1283633 0.1087915 -0.9857418 -1.49012E-8 0.0 0.0 0.0 1.0
Foot_L -0.1490822 -0.9887856 0.008815201 3.72529E-9 -0.9881544 0.148647 -0.03814572 0.547265 0.03640759 -0.01439763 -0.9992332 7.45058E-9 0.0 0.0 0.0 1.0
Time 22.0
Torso -2.8213E-7 0.0 -1.0 -3.55271E-15 -0.9743396 -0.2250829 2.7489E-7 0.1439361 -0.2250829 0.9743395 6.35026E-8 0.2405985 0.0 0.0 0.0 1.0
Shoulder_R -0.9930822 0.0607891 -0.1004611 0.0 -0.1002779 0.006064878 0.9949411 0.5655811 0.06109086 0.9981323 7.28354E-5 0.0 0.0 0.0 0.0 1.0
Upper_Arm_R 0.03841132 -0.8208298 -0.56988 1.42109E-14 0.8562504 0.3210334 -0.4046887 0.2280482 0.515131 -0.4724153 0.715167 0.0 0.0 0.0 0.0 1.0
Lower_Arm_R 0.6791777 -0.7331049 -0.03570167 0.0 0.713338 0.6707543 -0.2030711 0.2496952 0.1728195 0.112454 0.978513 0.0 0.0 0.0 0.0 1.0
Hand_R 0.9959802 -0.05429813 -0.07124013 0.0 0.02253029 0.9216142 -0.387453 0.2283604 0.08669388 0.3842904 0.9191326 -2.98023E-8 0.0 0.0 0.0 1.0
Shoulder_L 0.9313223 0.03077134 -0.3628938 0.0 0.3620366 0.03012583 0.931677 0.5655811 0.03960139 -0.9990724 0.0169165 0.0 0.0 0.0 0.0 1.0
Upper_Arm_L 0.5477998 0.3515529 0.7591614 0.0 -0.7629867 0.5821549 0.2809754 0.2248114 -0.3431719 -0.7331482 0.5871345 0.0 0.0 0.0 0.0 1.0
Lower_Arm_L 0.7612789 0.6129911 -0.2114153 -7.10543E-15 -0.5759814 0.7890286 0.2137268 0.2769328 0.2978254 -0.04093441 0.9537424 0.0 0.0 0.0 0.0 1.0
Hand_L 0.9945104 0.0902059 -0.05302725 7.10543E-15 -0.09967262 0.9709175 -0.2176802 0.2313012 0.03184905 0.2217706 0.9745787 1.49012E-8 0.0 0.0 0.0 1.0
Head -0.9356894 0.3528246 2.56642E-4 0.0 0.3528215 0.9356775 0.004954775 0.5655811 0.001508031 0.00472668 -0.9999877 0.0 0.0 0.0 0.0 1.0
Upper_Leg_R 0.8402835 0.5337372 -0.09512474 0.0 -0.5421482 0.827248 -0.14744 0.0 -5.26621E-6 0.1754688 0.9844949 0.0 0.0 0.0 0.0 1.0
Lower_Leg_R 0.5182816 0.8549386 -0.02154026 7.45058E-9 0.8414102 -0.5142633 -0.1660185 0.4431015 -0.1530131 0.06792017 -0.9858873 0.0 0.0 0.0 0.0 1.0
Foot_R -0.2586475 0.9659349 -0.008380923 -1.49012E-8 0.9622905 0.2568958 -0.08945122 0.541993 -0.08425108 -0.03120121 -0.9959559 0.0 0.0 0.0 0.0 1.0
Upper_Leg_L -0.5679851 0.8098614 -0.146688 0.0 0.8230386 0.5590234 -0.100501 -2.17676E-4 6.09543E-4 -0.1778142 -0.9840683 0.0 0.0 0.0 0.0 1.0
Lower_Leg_L 0.9289426 -0.3700461 0.01147272 2.98023E-8 -0.3634411 -0.9173903 -0.1621886 0.4389734 0.0705422 0.1464942 -0.9866928 -1.49012E-8 0.0 0.0 0.0 1.0
Foot_L 0.6830249 -0.7300547 0.02230144 3.72529E-9 -0.7295523 -0.683385 -0.02717371 0.547265 0.03507876 0.002290256 -0.9993819 7.45058E-9 0.0 0.0 0.0 1.0
Time 23.0
Torso -2.8213E-7 0.0 -1.0 -3.55271E-15 -0.9743396 -0.2250829 2.7489E-7 0.1439361 -0.2250829 0.9743395 6.35026E-8 0.2405985 0.0 0.0 0.0 1.0
Shoulder_R -0.9930822 0.0607891 -0.1004611 0.0 -0.1002779 0.006064878 0.9949411 0.5655811 0.06109086 0.9981323 7.28354E-5 0.0 0.0 0.0 0.0 1.0
Upper_Arm_R 0.5181473 -0.5185867 -0.6801405 1.42109E-14 0.7253135 0.6878449 0.02810025 0.2280482 0.4532586 -0.5078753 0.732543 0.0 0.0 0.0 0.0 1.0
Lower_Arm_R 0.6791777 -0.7331049 -0.03570167 0.0 0.713338 0.6707543 -0.2030711 0.2496952 0.1728195 0.112454 0.978513 0.0 0.0 0.0 0.0 1.0
Hand_R 0.9959802 -0.05429813 -0.07124013 0.0 0.02253029 0.9216142 -0.387453 0.2283604 0.08669388 0.3842904 0.9191326 -2.98023E-8 0.0 0.0 0.0 1.0
Shoulder_L 0.9313223 0.03077134 -0.3628938 0.0 0.3620366 0.03012583 0.931677 0.5655811 0.03960139 -0.9990724 0.0169165 0.0 0.0 0.0 0.0 1.0
Upper_Arm_L -0.09290836 0.6317781 0.7695615 0.0 -0.9648274 0.1337723 -0.226304 0.2248114 -0.2459201 -0.7635193 0.5971279 0.0 0.0 0.0 0.0 1.0
Lower_Arm_L 0.7612789 0.6129911 -0.2114153 -7.10543E-15 -0.5759814 0.7890286 0.2137268 0.2769328 0.2978254 -0.04093441 0.9537424 0.0 0.0 0.0 0.0 1.0
Hand_L 0.9945104 0.0902059 -0.05302725 7.10543E-15 -0.09967262 0.9709175 -0.2176802 0.2313012 0.03184905 0.2217706 0.9745787 1.49012E-8 0.0 0.0 0.0 1.0
Head -0.9356894 0.3528246 2.56642E-4 0.0 0.3528215 0.9356775 0.004954775 0.5655811 0.001508031 0.00472668 -0.9999877 0.0 0.0 0.0 0.0 1.0
Upper_Leg_R 0.5656567 0.8118477 -0.1446934 0.0 -0.8246419 0.5568814 -0.0992533 0.0 -5.79223E-6 0.1754679 0.9844951 0.0 0.0 0.0 0.0 1.0
Lower_Leg_R 0.9276023 0.3733916 -0.0115118 7.45058E-9 0.3672352 -0.9170923 -0.1551773 0.4431015 -0.0684993 0.1397153 -0.9878196 0.0 0.0 0.0 0.0 1.0
Foot_R 0.7010331 0.7103578 -0.06279802 -1.49012E-8 0.7084905 -0.7037951 -0.05209263 0.541993 -0.08120136 -0.00797313 -0.9966657 0.0 0.0 0.0 0.0 1.0
Upper_Leg_L -0.8847876 0.4584728 -0.08339107 0.0 0.4659947 0.8707387 -0.1570468 -2.17676E-4 6.09789E-4 -0.1778142 -0.9840683 0.0 0.0 0.0 0.0 1.0
Lower_Leg_L 0.7179453 -0.6958995 0.01668777 2.98023E-8 -0.6841617 -0.7098508 -0.1674344 0.4389734 0.1283633 0.1087915 -0.9857418 -1.49012E-8 0.0 0.0 0.0 1.0
Foot_L -0.1490822 -0.9887856 0.008815201 3.72529E-9 -0.9881544 0.148647 -0.03814572 0.547265 0.03640759 -0.01439763 -0.9992332 7.45058E-9 0.0 0.0 0.0 1.0
Time 25.0
Torso -2.8213E-7 0.0 -1.0 0.0 -1.0 0.0 2.8213E-7 0.0 0.0 0.9999999 0.0 1.00475 0.0 0.0 0.0 1.0
Shoulder_R -1.0 2.31212E-7 -9.28199E-8 0.0 -1.46432E-7 -0.2440075 0.9697734 0.5655811 2.01574E-7 0.9697734 0.2440075 0.0 0.0 0.0 0.0 1.0
Upper_Arm_R 1.0 -3.76804E-8 3.73523E-5 1.42109E-14 9.35756E-6 0.9683632 -0.2495446 0.2280482 -3.61612E-5 0.2495446 0.9683633 0.0 0.0 0.0 0.0 1.0
Lower_Arm_R 1.0 -7.22972E-7 -3.21037E-5 0.0 1.03878E-7 0.9998142 -0.01927999 0.2496952 3.21117E-5 0.01928 0.9998142 0.0 0.0 0.0 0.0 1.0
Hand_R 1.0 7.17364E-7 -6.39516E-6 0.0 1.40503E-7 0.9910967 0.1331446 0.2283604 6.43373E-6 -0.1331446 0.9910966 -2.98023E-8 0.0 0.0 0.0 1.0
Shoulder_L 1.0 -2.30324E-7 -2.89193E-7 0.0 2.11367E-7 -0.2855999 0.958349 0.5655811 -3.03324E-7 -0.9583489 -0.2855999 0.0 0.0 0.0 0.0 1.0
Upper_Arm_L 1.0 7.16068E-8 2.72078E-7 0.0 1.77693E-8 0.9490624 -0.3150883 0.2248114 -2.80782E-7 0.3150883 0.9490623 0.0 0.0 0.0 0.0 1.0
Lower_Arm_L 1.0 -3.4413E-10 -2.02759E-7 -7.10543E-15 -8.93094E-10 0.9999813 -0.006101966 0.2769328 2.02758E-7 0.006101966 0.9999814 0.0 0.0 0.0 0.0 1.0
Hand_L 1.0 -2.77466E-8 4.58494E-7 7.10543E-15 -5.96733E-8 0.9818672 0.1895702 0.2313012 -4.5544E-7 -0.1895703 0.9818672 1.49012E-8 0.0 0.0 0.0 1.0
Head -0.9500929 0.3119672 4.17994E-5 0.0 0.3119635 0.9500811 0.004961255 0.5655811 0.001508035 0.004726694 -0.9999877 0.0 0.0 0.0 0.0 1.0
Upper_Leg_R -1.0 4.18348E-8 8.62559E-7 0.0 1.10165E-7 -0.9844856 0.1754713 0.0 8.56513E-7 0.1754678 0.9844951 0.0 0.0 0.0 0.0 1.0
Lower_Leg_R -0.9910057 0.1338196 -1.38223E-4 7.45058E-9 0.131181 0.9712611 -0.1986038 0.4431015 -0.02644282 -0.1968357 -0.9800798 0.0 0.0 0.0 0.0 1.0
Foot_R 0.08709863 0.9957254 -0.03072303 -1.49012E-8 0.99248 -0.08939447 -0.08361784 0.541993 -0.0860069 -0.02320899 -0.9960241 0.0 0.0 0.0 0.0 1.0
Upper_Leg_L 0.9999998 -4.24043E-8 6.20205E-4 0.0 -1.10322E-4 -0.9840642 0.1778139 -2.17676E-4 6.10311E-4 -0.1778139 -0.9840683 0.0 0.0 0.0 0.0 1.0
Lower_Leg_L -0.9909018 -0.1345824 -0.001058708 2.98023E-8 -0.1317495 0.9715893 -0.1966105 0.4389734 0.02748897 -0.1946822 -0.9804808 -1.49012E-8 0.0 0.0 0.0 1.0
Foot_L 0.06263986 -0.9979541 0.01280504 3.72529E-9 -0.9973324 -0.06307226 -0.03674319 0.547265 0.03747566 -0.0104693 -0.9992426 7.45058E-9 0.0 0.0 0.0 1.0
Time 27.0
Torso 2.8213E-7 0.0 1.0 -0.006544699 1.0 0.0 -2.8213E-7 -0.00758337 0.0 0.9999999 0.0 1.00475 0.0 0.0 0.0 1.0
Shoulder_R -1.0 2.31212E-7 -9.28199E-8 0.0 -1.46432E-7 -0.2440075 0.9697734 0.5655811 2.01574E-7 0.9697734 0.2440075 0.0 0.0 0.0 0.0 1.0
Upper_Arm_R 0.03231737 -0.6011139 -0.7985098 1.42109E-14 0.9577861 0.2469665 -0.1471513 0.2280482 0.2856599 -0.7600461 0.5837197 0.0 0.0 0.0 0.0 1.0
Lower_Arm_R 0.9962556 0.07045045 0.05011483 0.0 0.06891983 -0.2971689 -0.9523343 0.2496952 -0.05219981 0.9522222 -0.3009116 0.0 0.0 0.0 0.0 1.0
Hand_R 0.9998977 3.43048E-4 0.01429782 0.0 0.001536191 0.9913526 -0.1312168 0.2283604 -0.01421919 0.1312254 0.9912505 -2.98023E-8 0.0 0.0 0.0 1.0
Shoulder_L 1.0 -2.30324E-7 -2.89193E-7 0.0 2.11367E-7 -0.2855999 0.958349 0.5655811 -3.03324E-7 -0.9583489 -0.2855999 0.0 0.0 0.0 0.0 1.0
Upper_Arm_L -0.03209368 -0.8830526 0.4681752 0.0 -0.9532369 0.1678818 0.2513069 0.2248114 -0.3005153 -0.4382165 -0.8471464 0.0 0.0 0.0 0.0 1.0
Lower_Arm_L 0.9992674 -0.02166015 -0.03155106 -7.10543E-15 -0.01946844 0.4220741 -0.9063522 0.2769328 0.03294861 0.9063025 0.4213433 0.0 0.0 0.0 0.0 1.0
Hand_L 0.9985195 -0.03549083 -0.04122062 7.10543E-15 -0.04004831 0.03313217 -0.9986482 0.2313012 0.03680858 0.9988205 0.03166178 1.49012E-8 0.0 0.0 0.0 1.0
Head -0.9500929 0.3119672 4.17994E-5 0.0 0.3119635 0.9500811 0.004961255 0.5655811 0.001508035 0.004726694 -0.9999877 0.0 0.0 0.0 0.0 1.0
Upper_Leg_R -0.9547897 -0.2926695 0.05216447 0.0 0.2972823 -0.9399767 0.167538 0.0 1.63283E-6 0.1754679 0.9844951 0.0 0.0 0.0 0.0 1.0
Lower_Leg_R -0.9364582 0.3507381 -0.005370462 7.45058E-9 0.3447952 0.9175593 -0.1979935 0.4431015 -0.06451614 -0.1872644 -0.9801886 0.0 0.0 0.0 0.0 1.0
Foot_R 0.06744686 0.9972854 -0.02952614 -1.49012E-8 0.9940109 -0.0697166 -0.08415334 0.541993 -0.0859834 -0.02367342 -0.9960153 0.0 0.0 0.0 0.0 1.0
Upper_Leg_L 0.8299587 0.5490253 -0.09869036 0.0 0.5578247 -0.8166723 0.1479134 -2.17676E-4 6.10125E-4 -0.1778141 -0.9840684 0.0 0.0 0.0 0.0 1.0
Lower_Leg_L -0.9876152 -0.1568945 -6.26692E-4 2.98023E-8 -0.1537095 0.9683514 -0.1966427 0.4389734 0.03145903 -0.1941109 -0.9804748 -1.49012E-8 0.0 0.0 0.0 1.0
Foot_L 0.2593177 -0.9656562 0.01620786 3.72529E-9 -0.9650559 -0.2597386 -0.03468411 0.547265 0.03770273 -0.006647285 -0.9992669 7.45058E-9 0.0 0.0 0.0 1.0
Time 27.5
Torso 2.8213E-7 0.0 1.0 -0.006544699 1.0 0.0 -2.8213E-7 -0.00758337 0.0 0.9999999 0.0 0.9329842 0.0 0.0 0.0 1.0
Shoulder_R -1.0 2.31212E-7 -9.28199E-8 0.0 -1.46432E-7 -0.2440075 0.9697734 0.5655811 2.01574E-7 0.9697734 0.2440075 0.0 0.0 0.0 0.0 1.0
Upper_Arm_R 0.006345581 -0.8957697 -0.4444732 1.42109E-14 0.9597989 0.1301876 -0.2486711 0.2280482 0.280617 -0.425027 0.8605849 0.0 0.0 0.0 0.0 1.0
Lower_Arm_R 0.9973757 0.04980983 0.05254232 0.0 0.04821582 0.08440524 -0.9952642 0.2496952 -0.05400879 0.9951858 0.08178212 0.0 0.0 0.0 0.0 1.0
Hand_R 0.9997905 -0.004342763 0.01999982 0.0 0.0108743 0.9405916 -0.339366 0.2283604 -0.01733788 0.3395124 0.9404418 -2.98023E-8 0.0 0.0 0.0 1.0
