Root_Bone_Name Torso
Num_Keyframes 15
Num_Bones 16
Time 0.0
Torso -2.8213E-7 0.0 -1.0 0.0 -1.0 0.0 2.8213E-7 0.0 0.0 0.9999999 0.0 1.061726 0.0 0.0 0.0 1.0
Shoulder_R -0.9440187 -0.3199205 -0.08049633 -1.49012E-8 -1.63913E-7 -0.2440075 0.9697734 0.5655811 -0.3298922 0.9154842 0.2303476 0.0 0.0 0.0 0.0 1.0
Upper_Arm_R -0.05654804 0.1660234 -0.9844992 -1.49012E-8 0.8471681 0.5297655 0.04067855 0.2280482 0.5283074 -0.831736 -0.1706071 0.0 0.0 0.0 0.0 1.0
Lower_Arm_R 0.992209 -0.1245794 -0.00109607 0.0 0.06373042 0.5150993 -0.854758 0.2496953 0.1070498 0.8480287 0.5190257 -5.96046E-8 0.0 0.0 0.0 1.0
Hand_R 0.9959801 -0.05429813 -0.0712401 2.98023E-8 0.0225303 0.9216141 -0.387453 0.2283605 0.08669389 0.3842905 0.9191328 0.0 0.0 0.0 0.0 1.0
Shoulder_L 0.9031508 0.4114419 0.1226146 -1.49012E-8 2.23517E-7 -0.2855999 0.958349 0.5655811 0.4293236 -0.8655335 -0.2579399 0.0 0.0 0.0 0.0 1.0
Upper_Arm_L 0.514588 0.2124717 0.8306957 0.0 -0.6888613 0.6793194 0.2529731 0.2248114 -0.5105579 -0.7024109 0.495933 0.0 0.0 0.0 0.0 1.0
Lower_Arm_L 0.9213407 -0.2547677 -0.2936403 0.0 -0.3504007 -0.2170748 -0.911097 0.2769328 0.1683763 0.9423227 -0.2892706 0.0 0.0 0.0 0.0 1.0
Hand_L 0.9950091 0.07995638 0.05970021 -2.98023E-8 -0.09845549 0.8840101 0.4569822 0.2313012 -0.01623696 -0.4605792 0.8874701 0.0 0.0 0.0 0.0 1.0
Head -0.9743466 0.2250521 -4.05604E-4 -1.49012E-8 0.2250473 0.9743353 0.00494485 0.5655811 0.001508042 0.004726718 -0.9999877 0.0 0.0 0.0 0.0 1.0
Upper_Leg_R -0.8964784 -0.4362129 0.07774867 1.49012E-8 0.4430881 -0.8825699 0.157306 0.0 2.03361E-6 0.1754679 0.984495 3.55271E-15 0.0 0.0 0.0 1.0
Lower_Leg_R -0.1863755 0.9822235 -0.0223862 2.98023E-8 0.9667017 0.179268 -0.1826228 0.4431015 -0.1753633 -0.05567719 -0.9829281 -1.49012E-8 0.0 0.0 0.0 1.0
Foot_R -0.287889 0.9576423 -0.006369017 2.23517E-8 0.9539745 0.2861908 -0.08959337 0.541993 -0.08397567 -0.03186882 -0.9959581 -7.45058E-9 0.0 0.0 0.0 1.0
Upper_Leg_L 0.4008662 0.9015807 -0.1626608 0.0 0.9161365 -0.3943788 0.07183017 -2.17676E-4 6.1003E-4 -0.1778142 -0.9840683 3.55271E-15 0.0 0.0 0.0 1.0
Lower_Leg_L -0.7336325 -0.679469 0.01024047 -2.98023E-8 -0.6680343 0.7183604 -0.1941335 0.4389734 0.1245514 -0.1492636 -0.9809216 -1.76951E-8 0.0 0.0 0.0 1.0
Foot_L 0.06263983 -0.9979541 0.01280504 1.49012E-8 -0.9973323 -0.06307226 -0.03674319 0.547265 0.03747566 -0.0104693 -0.9992426 7.45058E-9 0.0 0.0 0.0 1.0
Time 1.0
Torso -2.8213E-7 0.0 -1.0 0.0 -1.0 0.0 2.8213E-7 0.0 0.0 0.9999999 0.0 0.9363774 0.0 0.0 0.0 1.0
Shoulder_R -0.896889 -0.2278135 -0.3790662 -1.49012E-8 -0.2945528 -0.3316472 0.8962415 0.5655811 -0.3298922 0.9154841 0.2303477 0.0 0.0 0.0 0.0 1.0
Upper_Arm_R -0.05654804 0.1660234 -0.9844992 -1.49012E-8 0.8471681 0.5297655 0.04067855 0.2280482 0.5283074 -0.831736 -0.1706071 0.0 0.0 0.0 0.0 1.0
Lower_Arm_R 0.992209 -0.1245794 -0.00109607 0.0 0.06373042 0.5150993 -0.854758 0.2496953 0.1070498 0.8480287 0.5190257 -5.96046E-8 0.0 0.0 0.0 1.0
Hand_R 0.9959801 -0.05429813 -0.0712401 2.98023E-8 0.0225303 0.9216141 -0.387453 0.2283605 0.08669389 0.3842905 0.9191328 0.0 0.0 0.0 0.0 1.0
Shoulder_L 0.6863554 0.1270453 0.7160835 -1.49012E-8 -0.5870243 -0.4844702 0.6486072 0.5655811 0.4293236 -0.8655335 -0.2579401 0.0 0.0 0.0 0.0 1.0
Upper_Arm_L 0.514588 0.2124717 0.8306957 0.0 -0.6888613 0.6793194 0.2529731 0.2248114 -0.5105579 -0.7024109 0.495933 0.0 0.0 0.0 0.0 1.0
Lower_Arm_L 0.9483059 -0.09297468 -0.303433 0.0 -0.2693399 0.2698915 -0.9244535 0.2769328 0.1678448 0.9583915 0.230898 0.0 0.0 0.0 0.0 1.0
Hand_L 0.9950091 0.07995638 0.05970021 -2.98023E-8 -0.09845549 0.8840101 0.4569822 0.2313012 -0.01623696 -0.4605792 0.8874701 0.0 0.0 0.0 0.0 1.0
Head -0.9743466 0.2250521 -4.05604E-4 -1.49012E-8 0.2250473 0.9743353 0.00494485 0.5655811 0.001508042 0.004726718 -0.9999877 0.0 0.0 0.0 0.0 1.0
Upper_Leg_R -0.8865874 0.4553849 -0.0811635 1.49012E-8 -0.4625617 -0.8728325 0.15557 0.0 -3.38463E-7 0.1754665 0.9844953 3.55271E-15 0.0 0.0 0.0 1.0
Lower_Leg_R -0.1863755 0.9822235 -0.0223862 2.98023E-8 0.9667017 0.179268 -0.1826228 0.4431015 -0.1753633 -0.05567719 -0.9829281 -1.49012E-8 0.0 0.0 0.0 1.0
Foot_R -0.287889 0.9576423 -0.006369017 2.23517E-8 0.9539745 0.2861908 -0.08959337 0.541993 -0.08397567 -0.03186882 -0.9959581 -7.45058E-9 0.0 0.0 0.0 1.0
Upper_Leg_L 0.8998452 0.4293554 -0.07702352 0.0 0.436209 -0.8854583 0.1602668 -2.17676E-4 6.09979E-4 -0.1778138 -0.9840684 3.55271E-15 0.0 0.0 0.0 1.0
Lower_Leg_L -0.7336325 -0.679469 0.01024047 -2.98023E-8 -0.6680343 0.7183604 -0.1941335 0.4389734 0.1245514 -0.1492636 -0.9809216 -1.76951E-8 0.0 0.0 0.0 1.0
Foot_L 0.06263983 -0.9979541 0.01280504 1.49012E-8 -0.9973323 -0.06307226 -0.03674319 0.547265 0.03747566 -0.0104693 -0.9992426 7.45058E-9 0.0 0.0 0.0 1.0
Time 2.0
Torso -2.8213E-7 0.0 -1.0 0.0 -1.0 0.0 2.8213E-7 0.0 0.0 0.9999999 0.0 1.059013 0.0 0.0 0.0 1.0
Shoulder_R -0.3030034 0.1284114 -0.9442985 -1.49012E-8 -0.8940694 -0.381313 0.2350328 0.5655811 -0.3298923 0.9154841 0.2303478 0.0 0.0 0.0 0.0 1.0
Upper_Arm_R -0.05654804 0.1660234 -0.9844992 -1.49012E-8 0.8471681 0.5297655 0.04067855 0.2280482 0.5283074 -0.831736 -0.1706071 0.0 0.0 0.0 0.0 1.0
Lower_Arm_R 0.992209 -0.1245794 -0.00109607 0.0 0.06373042 0.5150993 -0.854758 0.2496953 0.1070498 0.8480287 0.5190257 -5.96046E-8 0.0 0.0 0.0 1.0
Hand_R 0.9959801 -0.05429813 -0.0712401 2.98023E-8 0.0225303 0.9216141 -0.387453 0.2283605 0.08669389 0.3842905 0.9191328 0.0 0.0 0.0 0.0 1.0
Shoulder_L 0.1583941 -0.2090153 0.9649995 -1.49012E-8 -0.8891527 -0.4551534 0.04736012 0.5655811 0.4293238 -0.8655334 -0.2579401 0.0 0.0 0.0 0.0 1.0
Upper_Arm_L 0.514588 0.2124717 0.8306957 0.0 -0.6888613 0.6793194 0.2529731 0.2248114 -0.5105579 -0.7024109 0.495933 0.0 0.0 0.0 0.0 1.0
Lower_Arm_L 0.9213407 -0.2547677 -0.2936403 0.0 -0.3504007 -0.2170748 -0.911097 0.2769328 0.1683763 0.9423227 -0.2892706 0.0 0.0 0.0 0.0 1.0
Hand_L 0.9950091 0.07995638 0.05970021 -2.98023E-8 -0.09845549 0.8840101 0.4569822 0.2313012 -0.01623696 -0.4605792 0.8874701 0.0 0.0 0.0 0.0 1.0
Head -0.9101536 0.4142706 5.85591E-4 -1.49012E-8 0.4142682 0.9101415 0.004926721 0.5655811 0.001508024 0.004726665 -0.9999877 0.0 0.0 0.0 0.0 1.0
Upper_Leg_R 0.3059013 0.9372941 -0.1670474 1.49012E-8 -0.9520644 0.3011555 -0.05367646 0.0 -8.32665E-6 0.1754626 0.9844961 3.55271E-15 0.0 0.0 0.0 1.0
Lower_Leg_R -0.1863755 0.9822235 -0.0223862 2.98023E-8 0.9667017 0.179268 -0.1826228 0.4431015 -0.1753633 -0.05567719 -0.9829281 -1.49012E-8 0.0 0.0 0.0 1.0
Foot_R -0.287889 0.9576423 -0.006369017 2.23517E-8 0.9539745 0.2861908 -0.08959337 0.541993 -0.08397567 -0.03186882 -0.9959581 -7.45058E-9 0.0 0.0 0.0 1.0
Upper_Leg_L 0.8948743 -0.4391084 0.07989819 0.0 -0.4463179 -0.8806626 0.1588525 -2.17676E-4 6.10196E-4 -0.1778131 -0.9840686 3.55271E-15 0.0 0.0 0.0 1.0
Lower_Leg_L -0.2137557 -0.976721 0.01801005 -2.98023E-8 -0.9605821 0.2067979 -0.1857843 0.4389734 0.177735 -0.05701256 -0.9824254 -1.76951E-8 0.0 0.0 0.0 1.0
Foot_L 0.06263983 -0.9979541 0.01280504 1.49012E-8 -0.9973323 -0.06307226 -0.03674319 0.547265 0.03747566 -0.0104693 -0.9992426 7.45058E-9 0.0 0.0 0.0 1.0
Time 3.0
Torso -2.8213E-7 0.0 -1.0 0.0 -1.0 0.0 2.8213E-7 0.0 0.0 0.9999999 0.0 0.8376175 0.0 0.0 0.0 1.0
Shoulder_R -0.3030034 0.1284114 -0.9442985 -1.49012E-8 -0.8940694 -0.381313 0.2350328 0.5655811 -0.3298923 0.9154841 0.2303478 0.0 0.0 0.0 0.0 1.0
Upper_Arm_R -0.4690474 0.8291566 -0.3041283 -1.49012E-8 0.6940255 0.5590137 0.4536876 0.2280482 0.5461899 0.001728103 -0.8376599 0.0 0.0 0.0 0.0 1.0
Lower_Arm_R 0.992209 -0.1245794 -0.00109607 0.0 0.06373042 0.5150993 -0.854758 0.2496953 0.1070498 0.8480287 0.5190257 -5.96046E-8 0.0 0.0 0.0 1.0
Hand_R 0.9959801 -0.05429813 -0.0712401 2.98023E-8 0.0225303 0.9216141 -0.387453 0.2283605 0.08669389 0.3842905 0.9191328 0.0 0.0 0.0 0.0 1.0
Shoulder_L 0.1583941 -0.2090153 0.9649995 -1.49012E-8 -0.8891527 -0.4551534 0.04736012 0.5655811 0.4293238 -0.8655334 -0.2579401 0.0 0.0 0.0 0.0 1.0
Upper_Arm_L 0.6628744 0.6444283 0.3811955 0.0 -0.6648313 0.7407719 -0.09620968 0.2248114 -0.3443792 -0.1896557 0.9194746 0.0 0.0 0.0 0.0 1.0
Lower_Arm_L 0.9213407 -0.2547677 -0.2936403 0.0 -0.3504007 -0.2170748 -0.911097 0.2769328 0.1683763 0.9423227 -0.2892706 0.0 0.0 0.0 0.0 1.0
Hand_L 0.9950091 0.07995638 0.05970021 -2.98023E-8 -0.09845549 0.8840101 0.4569822 0.2313012 -0.01623696 -0.4605792 0.8874701 0.0 0.0 0.0 0.0 1.0
Head -0.9101536 0.4142706 5.85591E-4 -1.49012E-8 0.4142682 0.9101415 0.004926721 0.5655811 0.001508024 0.004726665 -0.9999877 0.0 0.0 0.0 0.0 1.0
Upper_Leg_R -0.8977282 0.433714 -0.07730576 1.49012E-8 -0.44055 -0.8838025 0.1575139 0.0 -9.32817E-6 0.1754587 0.9844967 3.55271E-15 0.0 0.0 0.0 1.0
Lower_Leg_R -0.1863755 0.9822235 -0.0223862 2.98023E-8 0.9667017 0.179268 -0.1826228 0.4431015 -0.1753633 -0.05567719 -0.9829281 -1.49012E-8 0.0 0.0 0.0 1.0
Foot_R 0.3419352 0.9386251 -0.04541454 2.23517E-8 0.9358296 -0.3445151 -0.07437528 0.541993 -0.08545652 -0.01706875 -0.9961958 -7.45058E-9 0.0 0.0 0.0 1.0
Upper_Leg_L 0.7646903 0.6342117 -0.1141231 0.0 0.6443976 -0.7524348 0.136359 -2.17676E-4 6.09815E-4 -0.1778132 -0.9840685 3.55271E-15 0.0 0.0 0.0 1.0
Lower_Leg_L -0.2137557 -0.976721 0.01801005 -2.98023E-8 -0.9605821 0.2067979 -0.1857843 0.4389734 0.177735 -0.05701256 -0.9824254 -1.76951E-8 0.0 0.0 0.0 1.0
Foot_L 0.3344046 -0.9422686 0.0174246 1.49012E-8 -0.94168 -0.3348188 -0.03369344 0.547265 0.03758236 -0.005141157 -0.9992802 7.45058E-9 0.0 0.0 0.0 1.0
Time 4.0
Torso -2.8213E-7 0.0 -1.0 0.0 -1.0 0.0 2.8213E-7 0.0 0.0 0.9999999 0.0 1.061726 0.0 0.0 0.0 1.0
Shoulder_R -0.9440187 -0.3199205 -0.08049633 -1.49012E-8 -1.63913E-7 -0.2440075 0.9697734 0.5655811 -0.3298922 0.9154842 0.2303476 0.0 0.0 0.0 0.0 1.0
Upper_Arm_R -0.05654804 0.1660234 -0.9844992 -1.49012E-8 0.8471681 0.5297655 0.04067855 0.2280482 0.5283074 -0.831736 -0.1706071 0.0 0.0 0.0 0.0 1.0
Lower_Arm_R 0.992209 -0.1245794 -0.00109607 0.0 0.06373042 0.5150993 -0.854758 0.2496953 0.1070498 0.8480287 0.5190257 -5.96046E-8 0.0 0.0 0.0 1.0
Hand_R 0.9959801 -0.05429813 -0.0712401 2.98023E-8 0.0225303 0.9216141 -0.387453 0.2283605 0.08669389 0.3842905 0.9191328 0.0 0.0 0.0 0.0 1.0
Shoulder_L 0.9031508 0.4114419 0.1226146 -1.49012E-8 2.23517E-7 -0.2855999 0.958349 0.5655811 0.4293236 -0.8655335 -0.2579399 0.0 0.0 0.0 0.0 1.0
Upper_Arm_L 0.514588 0.2124717 0.8306957 0.0 -0.6888613 0.6793194 0.2529731 0.2248114 -0.5105579 -0.7024109 0.495933 0.0 0.0 0.0 0.0 1.0
Lower_Arm_L 0.9213407 -0.2547677 -0.2936403 0.0 -0.3504007 -0.2170748 -0.911097 0.2769328 0.1683763 0.9423227 -0.2892706 0.0 0.0 0.0 0.0 1.0
Hand_L 0.9950091 0.07995638 0.05970021 -2.98023E-8 -0.09845549 0.8840101 0.4569822 0.2313012 -0.01623696 -0.4605792 0.8874701 0.0 0.0 0.0 0.0 1.0
Head -0.9743466 0.2250521 -4.05604E-4 -1.49012E-8 0.2250473 0.9743353 0.00494485 0.5655811 0.001508042 0.004726718 -0.9999877 0.0 0.0 0.0 0.0 1.0
Upper_Leg_R -0.8964784 -0.4362129 0.07774867 1.49012E-8 0.4430881 -0.8825699 0.157306 0.0 2.03361E-6 0.1754679 0.984495 3.55271E-15 0.0 0.0 0.0 1.0
Lower_Leg_R -0.1863755 0.9822235 -0.0223862 2.98023E-8 0.9667017 0.179268 -0.1826228 0.4431015 -0.1753633 -0.05567719 -0.9829281 -1.49012E-8 0.0 0.0 0.0 1.0
Foot_R -0.287889 0.9576423 -0.006369017 2.23517E-8 0.9539745 0.2861908 -0.08959337 0.541993 -0.08397567 -0.03186882 -0.9959581 -7.45058E-9 0.0 0.0 0.0 1.0
Upper_Leg_L 0.4008662 0.9015807 -0.1626608 0.0 0.9161365 -0.3943788 0.07183017 -2.17676E-4 6.1003E-4 -0.1778142 -0.9840683 3.55271E-15 0.0 0.0 0.0 1.0
Lower_Leg_L -0.7336325 -0.679469 0.01024047 -2.98023E-8 -0.6680343 0.7183604 -0.1941335 0.4389734 0.1245514 -0.1492636 -0.9809216 -1.76951E-8 0.0 0.0 0.0 1.0
Foot_L 0.06263983 -0.9979541 0.01280504 1.49012E-8 -0.9973323 -0.06307226 -0.03674319 0.547265 0.03747566 -0.0104693 -0.9992426 7.45058E-9 0.0 0.0 0.0 1.0
Time 8.0
Torso -2.8213E-7 0.0 -1.0 0.0 -1.0 0.0 2.8213E-7 0.0 0.0 0.9999999 0.0 1.061726 0.0 0.0 0.0 1.0
Shoulder_R -0.9440187 -0.3199205 -0.08049633 -1.49012E-8 -1.63913E-7 -0.2440075 0.9697734 0.5655811 -0.3298922 0.9154842 0.2303476 0.0 0.0 0.0 0.0 1.0
Upper_Arm_R -0.05654804 0.1660234 -0.9844992 -1.49012E-8 0.8471681 0.5297655 0.04067855 0.2280482 0.5283074 -0.831736 -0.1706071 0.0 0.0 0.0 0.0 1.0
Lower_Arm_R 0.9327053 0.02978939 -0.359407 0.0 -0.04672024 0.9981654 -0.03851208 0.2496953 0.3576005 0.05271196 0.9323858 -5.96046E-8 0.0 0.0 0.0 1.0
Hand_R 0.9959801 -0.05429813 -0.0712401 2.98023E-8 0.0225303 0.9216141 -0.387453 0.2283605 0.08669389 0.3842905 0.9191328 0.0 0.0 0.0 0.0 1.0
Shoulder_L 0.839483 0.4877692 -0.2394777 -1.49012E-8 0.3330911 -0.1137226 0.9360115 0.5655811 0.4293235 -0.8655335 -0.2579398 0.0 0.0 0.0 0.0 1.0
Upper_Arm_L 0.5113004 0.2027247 0.8351495 0.0 -0.6899445 0.6762257 0.2582549 0.2248114 -0.5123949 -0.7082525 0.4856231 0.0 0.0 0.0 0.0 1.0
Lower_Arm_L 0.9870905 0.1493524 -0.05784711 0.0 -0.1569249 0.9741132 -0.16272 0.2769328 0.03204705 0.169697 0.9849752 0.0 0.0 0.0 0.0 1.0
Hand_L 0.9945105 0.09020592 -0.05302727 -2.98023E-8 -0.09967259 0.9709175 -0.2176802 0.2313012 0.03184907 0.2217706 0.9745786 0.0 0.0 0.0 0.0 1.0
Head -0.8136383 0.5813693 0.001520964 -1.49012E-8 0.5813694 0.813626 0.00472246 0.5655811 0.001507997 0.004726617 -0.9999877 0.0 0.0 0.0 0.0 1.0
Upper_Leg_R -0.9837156 0.1769444 -0.03153634 1.49012E-8 -0.1797329 -0.9684539 0.1726132 0.0 5.21542E-7 0.175467 0.9844952 3.55271E-15 0.0 0.0 0.0 1.0
Lower_Leg_R -0.6577005 0.7531177 -0.0156108 2.98023E-8 0.7410571 0.643172 -0.1927804 0.4431015 -0.1351459 -0.1383603 -0.9811177 -1.49012E-8 0.0 0.0 0.0 1.0
Foot_R -0.287889 0.9576423 -0.006369017 2.23517E-8 0.9539745 0.2861908 -0.08959337 0.541993 -0.08397567 -0.03186882 -0.9959581 -7.45058E-9 0.0 0.0 0.0 1.0
Upper_Leg_L 0.8847554 0.4587244 -0.08233964 0.0 0.4660553 -0.8706058 0.1576017 -2.17676E-4 6.09983E-4 -0.1778138 -0.9840684 3.55271E-15 0.0 0.0 0.0 1.0
Lower_Leg_L -0.7336325 -0.679469 0.01024047 -2.98023E-8 -0.6680343 0.7183604 -0.1941335 0.4389734 0.1245514 -0.1492636 -0.9809216 -1.76951E-8 0.0 0.0 0.0 1.0
Foot_L 0.06263983 -0.9979541 0.01280504 1.49012E-8 -0.9973323 -0.06307226 -0.03674319 0.547265 0.03747566 -0.0104693 -0.9992426 7.45058E-9 0.0 0.0 0.0 1.0
Time 9.0
Torso -2.8213E-7 0.0 -1.0 0.0 -1.0 0.0 2.8213E-7 0.0 0.0 0.9999999 0.0 1.061726 0.0 0.0 0.0 1.0
Shoulder_R -0.9440187 -0.3199205 -0.08049633 -1.49012E-8 -1.63913E-7 -0.2440075 0.9697734 0.5655811 -0.3298922 0.9154842 0.2303476 0.0 0.0 0.0 0.0 1.0
Upper_Arm_R -0.09525703 0.2764531 -0.9562947 -1.49012E-8 0.8265779 0.5572833 0.07876794 0.2280482 0.5547027 -0.7829488 -0.2815952 0.0 0.0 0.0 0.0 1.0
Lower_Arm_R 0.9129624 0.09171221 -0.3976031 0.0 -0.03690043 0.9889782 0.1433907 0.2496953 0.4063715 -0.1162387 0.9062841 -5.96046E-8 0.0 0.0 0.0 1.0
Hand_R 0.9959801 -0.05429813 -0.0712401 2.98023E-8 0.0225303 0.9216141 -0.387453 0.2283605 0.08669389 0.3842905 0.9191328 0.0 0.0 0.0 0.0 1.0
Shoulder_L 0.839483 0.4877692 -0.2394777 -1.49012E-8 0.3330911 -0.1137226 0.9360115 0.5655811 0.4293235 -0.8655335 -0.2579398 0.0 0.0 0.0 0.0 1.0
Upper_Arm_L 0.6887126 0.7051061 -0.1688212 0.0 -0.7077609 0.6033016 -0.3675617 0.2248114 -0.1573199 0.3726293 0.9145478 0.0 0.0 0.0 0.0 1.0
Lower_Arm_L 0.9870905 0.1493524 -0.05784711 0.0 -0.1569249 0.9741132 -0.16272 0.2769328 0.03204705 0.169697 0.9849752 0.0 0.0 0.0 0.0 1.0
Hand_L 0.9945105 0.09020592 -0.05302727 -2.98023E-8 -0.09967259 0.9709175 -0.2176802 0.2313012 0.03184907 0.2217706 0.9745786 0.0 0.0 0.0 0.0 1.0
Head -0.9900442 0.1407547 -8.27733E-4 -1.49012E-8 0.1407491 0.9900331 0.004891946 0.5655811 0.001508046 0.004726741 -0.9999877 0.0 0.0 0.0 0.0 1.0
Upper_Leg_R -0.984312 -0.1736993 0.03095992 1.49012E-8 0.176437 -0.9690411 0.1727175 0.0 1.44372E-6 0.1754669 0.9844953 3.55271E-15 0.0 0.0 0.0 1.0
Lower_Leg_R -0.6577005 0.7531177 -0.0156108 2.98023E-8 0.7410571 0.643172 -0.1927804 0.4431015 -0.1351459 -0.1383603 -0.9811177 -1.49012E-8 0.0 0.0 0.0 1.0
Foot_R -0.287889 0.9576423 -0.006369017 2.23517E-8 0.9539745 0.2861908 -0.08959337 0.541993 -0.08397567 -0.03186882 -0.9959581 -7.45058E-9 0.0 0.0 0.0 1.0
Upper_Leg_L 0.1445015 0.9737518 -0.1758605 0.0 0.9895047 -0.1420914 0.02628892 -2.17676E-4 6.09879E-4 -0.1778141 -0.9840683 3.55271E-15 0.0 0.0 0.0 1.0
Lower_Leg_L -0.5826258 -0.8126303 0.01337461 -2.98023E-8 -0.7990907 0.5697599 -0.1919031 0.4389734 0.1483259 -0.1224952 -0.9813226 -1.76951E-8 0.0 0.0 0.0 1.0
Foot_L 0.06263983 -0.9979541 0.01280504 1.49012E-8 -0.9973323 -0.06307226 -0.03674319 0.547265 0.03747566 -0.0104693 -0.9992426 7.45058E-9 0.0 0.0 0.0 1.0
Time 12.0
Torso -2.8213E-7 0.0 -1.0 0.0 -1.0 0.0 2.8213E-7 0.0 0.0 0.9999999 0.0 1.061726 0.0 0.0 0.0 1.0
Shoulder_R -0.9440187 -0.3199205 -0.08049633 -1.49012E-8 -1.63913E-7 -0.2440075 0.9697734 0.5655811 -0.3298922 0.9154842 0.2303476 0.0 0.0 0.0 0.0 1.0
Upper_Arm_R -0.09525703 0.2764531 -0.9562947 -1.49012E-8 0.8265779 0.5572833 0.07876794 0.2280482 0.5547027 -0.7829488 -0.2815952 0.0 0.0 0.0 0.0 1.0
Lower_Arm_R 0.9129624 0.09171221 -0.3976031 0.0 -0.03690043 0.9889782 0.1433907 0.2496953 0.4063715 -0.1162387 0.9062841 -5.96046E-8 0.0 0.0 0.0 1.0
Hand_R 0.9959801 -0.05429813 -0.0712401 2.98023E-8 0.0225303 0.9216141 -0.387453 0.2283605 0.08669389 0.3842905 0.9191328 0.0 0.0 0.0 0.0 1.0
Shoulder_L 0.839483 0.4877692 -0.2394777 -1.49012E-8 0.3330911 -0.1137226 0.9360115 0.5655811 0.4293235 -0.8655335 -0.2579398 0.0 0.0 0.0 0.0 1.0
Upper_Arm_L 0.6887126 0.7051061 -0.1688212 0.0 -0.7077609 0.6033016 -0.3675617 0.2248114 -0.1573199 0.3726293 0.9145478 0.0 0.0 0.0 0.0 1.0
Lower_Arm_L 0.9870905 0.1493524 -0.05784711 0.0 -0.1569249 0.9741132 -0.16272 0.2769328 0.03204705 0.169697 0.9849752 0.0 0.0 0.0 0.0 1.0
Hand_L 0.9945105 0.09020592 -0.05302727 -2.98023E-8 -0.09967259 0.9709175 -0.2176802 0.2313012 0.03184907 0.2217706 0.9745786 0.0 0.0 0.0 0.0 1.0
Head -0.9900442 0.1407547 -8.27733E-4 -1.49012E-8 0.1407491 0.9900331 0.004891946 0.5655811 0.001508046 0.004726741 -0.9999877 0.0 0.0 0.0 0.0 1.0
Upper_Leg_R -0.984312 -0.1736993 0.03095992 1.49012E-8 0.176437 -0.9690411 0.1727175 0.0 1.44372E-6 0.1754669 0.9844953 3.55271E-15 0.0 0.0 0.0 1.0
Lower_Leg_R -0.6577005 0.7531177 -0.0156108 2.98023E-8 0.7410571 0.643172 -0.1927804 0.4431015 -0.1351459 -0.1383603 -0.9811177 -1.49012E-8 0.0 0.0 0.0 1.0
Foot_R -0.287889 0.9576423 -0.006369017 2.23517E-8 0.9539745 0.2861908 -0.08959337 0.541993 -0.08397567 -0.03186882 -0.9959581 -7.45058E-9 0.0 0.0 0.0 1.0
Upper_Leg_L 0.1445015 0.9737518 -0.1758605 0.0 0.9895047 -0.1420914 0.02628892 -2.17676E-4 6.09879E-4 -0.1778141 -0.9840683 3.55271E-15 0.0 0.0 0.0 1.0
Lower_Leg_L -0.5826258 -0.8126303 0.01337461 -2.98023E-8 -0.7990907 0.5697599 -0.1919031 0.4389734 0.1483259 -0.1224952 -0.9813226 -1.76951E-8 0.0 0.0 0.0 1.0
Foot_L 0.06263983 -0.9979541 0.01280504 1.49012E-8 -0.9973323 -0.06307226 -0.03674319 0.547265 0.03747566 -0.0104693 -0.9992426 7.45058E-9 0.0 0.0 0.0 1.0
Time 13.0
Torso -2.8213E-7 7.10543E-15 -1.0 0.0 -0.9753021 0.220875 2.75162E-7 -0.06667665 0.220875 0.975302 -6.23154E-8 1.063982 0.0 0.0 0.0 1.0
Shoulder_R -0.8990687 -0.4245743 -0.1068285 -1.49012E-8 -0.05626537 -0.1299321 0.9899251 0.5655811 -0.4341772 0.8960214 0.09292907 0.0 0.0 0.0 0.0 1.0
Upper_Arm_R 0.02101646 -0.1374298 -0.9902885 -1.49012E-8 0.8184718 0.5712024 -0.06189993 0.2280482 0.5741621 -0.8092224 0.124487 0.0 0.0 0.0 0.0 1.0
Lower_Arm_R 0.9129624 0.09171221 -0.3976031 0.0 -0.03690043 0.9889782 0.1433907 0.2496953 0.4063715 -0.1162387 0.9062841 -5.96046E-8 0.0 0.0 0.0 1.0
Hand_R 0.9959801 -0.05429813 -0.0712401 2.98023E-8 0.0225303 0.9216141 -0.387453 0.2283605 0.08669389 0.3842905 0.9191328 0.0 0.0 0.0 0.0 1.0
Shoulder_L 0.8547019 -0.3827796 -0.3506627 -1.49012E-8 0.3330911 -0.1137226 0.9360115 0.5655811 -0.3981644 -0.9168135 0.03030149 0.0 0.0 0.0 0.0 1.0
Upper_Arm_L 0.3885052 -0.1642765 0.9066846 0.0 -0.7398793 0.5308769 0.413217 0.2248114 -0.5492196 -0.8313741 0.08470356 0.0 0.0 0.0 0.0 1.0
Lower_Arm_L 0.9870905 0.1493524 -0.05784711 0.0 -0.1569249 0.9741132 -0.16272 0.2769328 0.03204705 0.169697 0.9849752 0.0 0.0 0.0 0.0 1.0
Hand_L 0.9945105 0.09020592 -0.05302727 -2.98023E-8 -0.09967259 0.9709175 -0.2176802 0.2313012 0.03184907 0.2217706 0.9745786 0.0 0.0 0.0 0.0 1.0
Head -0.651306 0.7588106 0.002604462 -1.49012E-8 0.7588137 0.6512941 0.00422269 0.5655811 0.00150795 0.004726566 -0.9999877 0.0 0.0 0.0 0.0 1.0
Upper_Leg_R -0.9101329 0.4078887 -0.07269812 1.49012E-8 -0.414317 -0.8960129 0.1597005 0.0 -5.8514E-7 0.1754656 0.9844955 3.55271E-15 0.0 0.0 0.0 1.0
Lower_Leg_R -0.6577005 0.7531177 -0.0156108 2.98023E-8 0.7410571 0.643172 -0.1927804 0.4431015 -0.1351459 -0.1383603 -0.9811177 -1.49012E-8 0.0 0.0 0.0 1.0
Foot_R -0.287889 0.9576423 -0.006369017 2.23517E-8 0.9539745 0.2861908 -0.08959337 0.541993 -0.08397567 -0.03186882 -0.9959581 -7.45058E-9 0.0 0.0 0.0 1.0
Upper_Leg_L 0.8733417 0.4794402 -0.08609005 0.0 0.4871078 -0.8593716 0.1555846 -2.17676E-4 6.0974E-4 -0.1778137 -0.9840685 3.55271E-15 0.0 0.0 0.0 1.0
Lower_Leg_L -0.9762683 -0.2165636 5.39401E-4 -2.98023E-8 -0.2124372 0.9571761 -0.196682 0.4389734 0.04207788 -0.1921289 -0.9804671 -1.76951E-8 0.0 0.0 0.0 1.0
Foot_L -0.1617664 -0.986792 0.008565895 1.49012E-8 -0.9861606 0.1613313 -0.03820366 0.547265 0.03631712 -0.01462742 -0.9992331 7.45058E-9 0.0 0.0 0.0 1.0
Time 16.0
Torso -2.8213E-7 0.0 -1.0 0.0 -0.353943 0.935267 9.98579E-8 -0.2973088 0.9352669 0.3539429 -2.63867E-7 0.1433921 0.0 0.0 0.0 1.0
Shoulder_R -0.9942029 -0.05756883 -0.09081066 -1.49012E-8 -0.09511578 0.07706883 0.9924784 0.5655811 -0.05013716 0.9953625 -0.08209778 0.0 0.0 0.0 0.0 1.0
Upper_Arm_R -0.1297733 -0.004802503 -0.991532 -1.49012E-8 -0.7221834 0.6856629 0.09119949 0.2280482 0.6794189 0.7279032 -0.09244908 0.0 0.0 0.0 0.0 1.0
Lower_Arm_R 0.9129624 0.09171221 -0.3976031 0.0 -0.03690043 0.9889782 0.1433907 0.2496953 0.4063715 -0.1162387 0.9062841 -5.96046E-8 0.0 0.0 0.0 1.0
Hand_R 0.9959801 -0.05429813 -0.0712401 2.98023E-8 0.0225303 0.9216141 -0.387453 0.2283605 0.08669389 0.3842905 0.9191328 0.0 0.0 0.0 0.0 1.0
Shoulder_L 0.9309778 -0.05507318 -0.3608982 -1.49012E-8 0.361957 0.01029475 0.932138 0.5655811 -0.04762044 -0.9984293 0.02951829 0.0 0.0 0.0 0.0 1.0
Upper_Arm_L 0.08320803 -0.5136595 0.8539499 0.0 -0.7291629 0.5527183 0.4035146 0.2248114 -0.6792628 -0.6562442 -0.3285508 0.0 0.0 0.0 0.0 1.0
Lower_Arm_L 0.9870905 0.1493524 -0.05784711 0.0 -0.1569249 0.9741132 -0.16272 0.2769328 0.03204705 0.169697 0.9849752 0.0 0.0 0.0 0.0 1.0
Hand_L 0.9945105 0.09020592 -0.05302727 -2.98023E-8 -0.09967259 0.9709175 -0.2176802 0.2313012 0.03184907 0.2217706 0.9745786 0.0 0.0 0.0 0.0 1.0
Head -0.5232112 0.8521969 0.003239023 -1.49012E-8 0.8522017 0.5231999 0.003758019 0.5655811 0.001507915 0.004726539 -0.9999877 0.0 0.0 0.0 0.0 1.0
Upper_Leg_R -0.9101329 0.4078887 -0.07269812 1.49012E-8 -0.414317 -0.8960129 0.1597005 0.0 -5.8514E-7 0.1754656 0.9844955 3.55271E-15 0.0 0.0 0.0 1.0
Lower_Leg_R -0.9721275 0.2344392 -0.002542497 2.98023E-8 0.2302668 0.9526737 -0.19847 0.4431015 -0.04410698 -0.1935236 -0.9801036 -1.49012E-8 0.0 0.0 0.0 1.0
Foot_R -0.6751822 0.7372974 0.0228258 2.23517E-8 0.7335516 0.6743666 -0.0844471 0.541993 -0.07765563 -0.04027326 -0.9961665 -7.45058E-9 0.0 0.0 0.0 1.0
Upper_Leg_L 0.8733417 0.4794402 -0.08609005 0.0 0.4871078 -0.8593716 0.1555846 -2.17676E-4 6.0974E-4 -0.1778137 -0.9840685 3.55271E-15 0.0 0.0 0.0 1.0
Lower_Leg_L -0.9762683 -0.2165636 5.39401E-4 -2.98023E-8 -0.2124372 0.9571761 -0.196682 0.4389734 0.04207788 -0.1921289 -0.9804671 -1.76951E-8 0.0 0.0 0.0 1.0
Foot_L -0.3906691 -0.9205233 0.003834017 1.49012E-8 -0.9198991 0.3902431 -0.03867733 0.547265 0.03410717 -0.01863695 -0.9992443 7.45058E-9 0.0 0.0 0.0 1.0
Time 17.0
Torso -2.8213E-7 0.0 -1.0 0.0 -0.353943 0.935267 9.98579E-8 -0.2973088 0.9352669 0.3539429 -2.63867E-7 0.1433921 0.0 0.0 0.0 1.0
Shoulder_R -0.9942029 -0.05756883 -0.09081066 -1.49012E-8 -0.09511578 0.07706883 0.9924784 0.5655811 -0.05013716 0.9953625 -0.08209778 0.0 0.0 0.0 0.0 1.0
Upper_Arm_R -0.1297733 -0.004802503 -0.991532 -1.49012E-8 -0.7221834 0.6856629 0.09119949 0.2280482 0.6794189 0.7279032 -0.09244908 0.0 0.0 0.0 0.0 1.0
Lower_Arm_R 0.9129624 0.09171221 -0.3976031 0.0 -0.03690043 0.9889782 0.1433907 0.2496953 0.4063715 -0.1162387 0.9062841 -5.96046E-8 0.0 0.0 0.0 1.0
Hand_R 0.9959801 -0.05429813 -0.0712401 2.98023E-8 0.0225303 0.9216141 -0.387453 0.2283605 0.08669389 0.3842905 0.9191328 0.0 0.0 0.0 0.0 1.0
Shoulder_L 0.9309778 -0.05507318 -0.3608982 -1.49012E-8 0.361957 0.01029475 0.932138 0.5655811 -0.04762044 -0.9984293 0.02951829 0.0 0.0 0.0 0.0 1.0
Upper_Arm_L 0.08320803 -0.5136595 0.8539499 0.0 -0.7291629 0.5527183 0.4035146 0.2248114 -0.6792628 -0.6562442 -0.3285508 0.0 0.0 0.0 0.0 1.0
Lower_Arm_L 0.9870905 0.1493524 -0.05784711 0.0 -0.1569249 0.9741132 -0.16272 0.2769328 0.03204705 0.169697 0.9849752 0.0 0.0 0.0 0.0 1.0
Hand_L 0.9945105 0.09020592 -0.05302727 -2.98023E-8 -0.09967259 0.9709175 -0.2176802 0.2313012 0.03184907 0.2217706 0.9745786 0.0 0.0 0.0 0.0 1.0
Head -0.5232112 0.8521969 0.003239023 -1.49012E-8 0.8522017 0.5231999 0.003758019 0.5655811 0.001507915 0.004726539 -0.9999877 0.0 0.0 0.0 0.0 1.0
Upper_Leg_R -0.9101329 0.4078887 -0.07269812 1.49012E-8 -0.414317 -0.8960129 0.1597005 0.0 -5.8514E-7 0.1754656 0.9844955 3.55271E-15 0.0 0.0 0.0 1.0
Lower_Leg_R -0.9721275 0.2344392 -0.002542497 2.98023E-8 0.2302668 0.9526737 -0.19847 0.4431015 -0.04410698 -0.1935236 -0.9801036 -1.49012E-8 0.0 0.0 0.0 1.0
Foot_R -0.6751822 0.7372974 0.0228258 2.23517E-8 0.7335516 0.6743666 -0.0844471 0.541993 -0.07765563 -0.04027326 -0.9961665 -7.45058E-9 0.0 0.0 0.0 1.0
Upper_Leg_L 0.8733417 0.4794402 -0.08609005 0.0 0.4871078 -0.8593716 0.1555846 -2.17676E-4 6.0974E-4 -0.1778137 -0.9840685 3.55271E-15 0.0 0.0 0.0 1.0
Lower_Leg_L -0.9762683 -0.2165636 5.39401E-4 -2.98023E-8 -0.2124372 0.9571761 -0.196682 0.4389734 0.04207788 -0.1921289 -0.9804671 -1.76951E-8 0.0 0.0 0.0 1.0
Foot_L -0.3906691 -0.9205233 0.003834017 1.49012E-8 -0.9198991 0.3902431 -0.03867733 0.547265 0.03410717 -0.01863695 -0.9992443 7.45058E-9 0.0 0.0 0.0 1.0
Time 20.0
Torso -2.8213E-7 0.0 -1.0 -3.55271E-15 -0.9743396 -0.2250829 2.7489E-7 0.1439361 -0.2250829 0.9743395 6.35026E-8 0.2405985 0.0 0.0 0.0 1.0
Shoulder_R -0.9930822 0.0607891 -0.1004611 -1.49012E-8 -0.1002779 0.006064888 0.994941 0.5655811 0.06109086 0.9981323 7.28354E-5 0.0 0.0 0.0 0.0 1.0
Upper_Arm_R 0.3307822 -0.6687422 -0.665858 -1.49012E-8 0.8138612 0.5593235 -0.1574396 0.2280482 0.4777167 -0.4898378 0.7292775 0.0 0.0 0.0 0.0 1.0
Lower_Arm_R 0.6791777 -0.7331049 -0.03570169 0.0 0.713338 0.6707542 -0.2030711 0.2496953 0.1728194 0.112454 0.978513 -5.96046E-8 0.0 0.0 0.0 1.0
Hand_R 0.9959801 -0.05429813 -0.0712401 2.98023E-8 0.0225303 0.9216141 -0.387453 0.2283605 0.08669389 0.3842905 0.9191328 0.0 0.0 0.0 0.0 1.0
Shoulder_L 0.9313223 0.03077133 -0.3628938 -1.49012E-8 0.3620366 0.03012584 0.9316769 0.5655811 0.03960139 -0.9990724 0.0169165 0.0 0.0 0.0 0.0 1.0
Upper_Arm_L 0.2661611 0.5230356 0.8096864 0.0 -0.9163969 0.397816 0.04426063 0.2248114 -0.2989562 -0.7537745 0.5851915 0.0 0.0 0.0 0.0 1.0
Lower_Arm_L 0.7612787 0.6129911 -0.2114153 0.0 -0.5759814 0.7890286 0.2137267 0.2769328 0.2978254 -0.04093438 0.9537424 0.0 0.0 0.0 0.0 1.0
Hand_L 0.9945105 0.09020592 -0.05302727 -2.98023E-8 -0.09967259 0.9709175 -0.2176802 0.2313012 0.03184907 0.2217706 0.9745786 0.0 0.0 0.0 0.0 1.0
Head -0.9356894 0.3528247 2.56642E-4 -1.49012E-8 0.3528215 0.9356775 0.004954776 0.5655811 0.001508031 0.00472668 -0.9999877 0.0 0.0 0.0 0.0 1.0
Upper_Leg_R 0.7498919 0.6512972 -0.1160778 1.49012E-8 -0.661561 0.7382586 -0.1315796 0.0 -5.37482E-6 0.1754684 0.984495 3.55271E-15 0.0 0.0 0.0 1.0
Lower_Leg_R 0.9103111 0.4137385 -0.01240307 2.98023E-8 0.4069656 -0.9000767 -0.1556944 0.4431015 -0.07558049 0.1366827 -0.9877273 -1.49012E-8 0.0 0.0 0.0 1.0
Foot_R 0.5042976 0.8618486 -0.0538555 2.23517E-8 0.859421 -0.5069976 -0.0659446 0.541993 -0.0841389 -0.01302885 -0.9963689 -7.45058E-9 0.0 0.0 0.0 1.0
Upper_Leg_L -0.7409513 0.660776 -0.1198566 0.0 0.6715581 0.7292169 -0.1313474 -2.17676E-4 6.09681E-4 -0.1778142 -0.9840683 3.55271E-15 0.0 0.0 0.0 1.0
Lower_Leg_L 0.9221541 -0.3866437 0.01175507 -2.98023E-8 -0.3797772 -0.9107142 -0.1623829 0.4389734 0.07348979 0.1452777 -0.9866577 -1.76951E-8 0.0 0.0 0.0 1.0
Foot_L 0.5107093 -0.8595191 0.02007272 1.49012E-8 -0.8589665 -0.5111015 -0.03085068 0.547265 0.03677594 -0.001486066 -0.9993224 7.45058E-9 0.0 0.0 0.0 1.0
Time 21.0
Torso -2.8213E-7 0.0 -1.0 -3.55271E-15 -0.9743396 -0.2250829 2.7489E-7 0.1439361 -0.2250829 0.9743395 6.35026E-8 0.2405985 0.0 0.0 0.0 1.0
Shoulder_R -0.9930822 0.0607891 -0.1004611 -1.49012E-8 -0.1002779 0.006064888 0.994941 0.5655811 0.06109086 0.9981323 7.28354E-5 0.0 0.0 0.0 0.0 1.0
Upper_Arm_R 0.5181473 -0.5185866 -0.6801404 -1.49012E-8 0.7253136 0.6878448 0.02810025 0.2280482 0.4532587 -0.5078752 0.7325429 0.0 0.0 0.0 0.0 1.0
Lower_Arm_R 0.6791777 -0.7331049 -0.03570169 0.0 0.713338 0.6707542 -0.2030711 0.2496953 0.1728194 0.112454 0.978513 -5.96046E-8 0.0 0.0 0.0 1.0
Hand_R 0.9959801 -0.05429813 -0.0712401 2.98023E-8 0.0225303 0.9216141 -0.387453 0.2283605 0.08669389 0.3842905 0.9191328 0.0 0.0 0.0 0.0 1.0
Shoulder_L 0.9313223 0.03077133 -0.3628938 -1.49012E-8 0.3620366 0.03012584 0.9316769 0.5655811 0.03960139 -0.9990724 0.0169165 0.0 0.0 0.0 0.0 1.0
Upper_Arm_L -0.09290837 0.6317781 0.7695616 0.0 -0.9648273 0.1337723 -0.226304 0.2248114 -0.24592 -0.7635193 0.5971279 0.0 0.0 0.0 0.0 1.0
Lower_Arm_L 0.7612787 0.6129911 -0.2114153 0.0 -0.5759814 0.7890286 0.2137267 0.2769328 0.2978254 -0.04093438 0.9537424 0.0 0.0 0.0 0.0 1.0
Hand_L 0.9945105 0.09020592 -0.05302727 -2.98023E-8 -0.09967259 0.9709175 -0.2176802 0.2313012 0.03184907 0.2217706 0.9745786 0.0 0.0 0.0 0.0 1.0
Head -0.9356894 0.3528247 2.56642E-4 -1.49012E-8 0.3528215 0.9356775 0.004954776 0.5655811 0.001508031 0.00472668 -0.9999877 0.0 0.0 0.0 0.0 1.0
Upper_Leg_R 0.5656567 0.8118477 -0.1446934 1.49012E-8 -0.8246419 0.5568814 -0.09925333 0.0 -5.79223E-6 0.1754679 0.9844951 3.55271E-15 0.0 0.0 0.0 1.0
Lower_Leg_R 0.9276024 0.3733916 -0.0115118 2.98023E-8 0.3672352 -0.9170924 -0.1551773 0.4431015 -0.06849928 0.1397153 -0.9878195 -1.49012E-8 0.0 0.0 0.0 1.0
Foot_R 0.7010331 0.7103579 -0.06279802 2.23517E-8 0.7084904 -0.703795 -0.05209263 0.541993 -0.08120136 -0.007973134 -0.9966658 -7.45058E-9 0.0 0.0 0.0 1.0
Upper_Leg_L -0.8847876 0.4584727 -0.08339107 0.0 0.4659947 0.8707387 -0.1570468 -2.17676E-4 6.09789E-4 -0.1778142 -0.9840683 3.55271E-15 0.0 0.0 0.0 1.0
Lower_Leg_L 0.7179453 -0.6958994 0.01668777 -2.98023E-8 -0.6841615 -0.7098507 -0.1674343 0.4389734 0.1283632 0.1087915 -0.9857419 -1.76951E-8 0.0 0.0 0.0 1.0
Foot_L -0.1490822 -0.9887855 0.008815201 1.49012E-8 -0.9881544 0.148647 -0.03814572 0.547265 0.03640758 -0.01439763 -0.9992332 7.45058E-9 0.0 0.0 0.0 1.0
Time 22.0
Torso -2.8213E-7 0.0 -1.0 -3.55271E-15 -0.9743396 -0.2250829 2.7489E-7 0.1439361 -0.2250829 0.9743395 6.35026E-8 0.2405985 0.0 0.0 0.0 1.0
Shoulder_R -0.9930822 0.0607891 -0.1004611 -1.49012E-8 -0.1002779 0.006064888 0.994941 0.5655811 0.06109086 0.9981323 7.28354E-5 0.0 0.0 0.0 0.0 1.0
Upper_Arm_R 0.03841132 -0.8208297 -0.5698799 -1.49012E-8 0.8562503 0.3210333 -0.4046887 0.2280482 0.515131 -0.4724153 0.715167 0.0 0.0 0.0 0.0 1.0
Lower_Arm_R 0.6791777 -0.7331049 -0.03570169 0.0 0.713338 0.6707542 -0.2030711 0.2496953 0.1728194 0.112454 0.978513 -5.96046E-8 0.0 0.0 0.0 1.0
Hand_R 0.9959801 -0.05429813 -0.0712401 2.98023E-8 0.0225303 0.9216141 -0.387453 0.2283605 0.08669389 0.3842905 0.9191328 0.0 0.0 0.0 0.0 1.0
Shoulder_L 0.9313223 0.03077133 -0.3628938 -1.49012E-8 0.3620366 0.03012584 0.9316769 0.5655811 0.03960139 -0.9990724 0.0169165 0.0 0.0 0.0 0.0 1.0
Upper_Arm_L 0.5477998 0.351553 0.7591615 0.0 -0.7629867 0.5821549 0.2809755 0.2248114 -0.3431719 -0.7331483 0.5871344 0.0 0.0 0.0 0.0 1.0
Lower_Arm_L 0.7612787 0.6129911 -0.2114153 0.0 -0.5759814 0.7890286 0.2137267 0.2769328 0.2978254 -0.04093438 0.9537424 0.0 0.0 0.0 0.0 1.0
Hand_L 0.9945105 0.09020592 -0.05302727 -2.98023E-8 -0.09967259 0.9709175 -0.2176802 0.2313012 0.03184907 0.2217706 0.9745786 0.0 0.0 0.0 0.0 1.0
Head -0.9356894 0.3528247 2.56642E-4 -1.49012E-8 0.3528215 0.9356775 0.004954776 0.5655811 0.001508031 0.00472668 -0.9999877 0.0 0.0 0.0 0.0 1.0
Upper_Leg_R 0.8402835 0.5337372 -0.09512474 1.49012E-8 -0.5421482 0.827248 -0.14744 0.0 -5.26621E-6 0.1754688 0.984495 3.55271E-15 0.0 0.0 0.0 1.0
Lower_Leg_R 0.5182817 0.8549387 -0.02154027 2.98023E-8 0.8414103 -0.5142633 -0.1660185 0.4431015 -0.1530131 0.06792018 -0.9858872 -1.49012E-8 0.0 0.0 0.0 1.0
Foot_R -0.2586476 0.9659351 -0.00838092 2.23517E-8 0.9622903 0.2568957 -0.08945121 0.541993 -0.08425108 -0.03120121 -0.995956 -7.45058E-9 0.0 0.0 0.0 1.0
Upper_Leg_L -0.5679852 0.8098614 -0.146688 0.0 0.8230386 0.5590234 -0.100501 -2.17676E-4 6.09543E-4 -0.1778142 -0.9840683 3.55271E-15 0.0 0.0 0.0 1.0
Lower_Leg_L 0.9289424 -0.370046 0.01147273 -2.98023E-8 -0.3634411 -0.9173902 -0.1621886 0.4389734 0.07054219 0.1464942 -0.9866931 -1.76951E-8 0.0 0.0 0.0 1.0
Foot_L 0.6830248 -0.7300547 0.02230144 1.49012E-8 -0.7295523 -0.683385 -0.02717371 0.547265 0.03507876 0.002290259 -0.9993818 7.45058E-9 0.0 0.0 0.0 1.0
Time 23.0
Torso -2.8213E-7 0.0 -1.0 -3.55271E-15 -0.9743396 -0.2250829 2.7489E-7 0.1439361 -0.2250829 0.9743395 6.35026E-8 0.2405985 0.0 0.0 0.0 1.0
Shoulder_R -0.9930822 0.0607891 -0.1004611 -1.49012E-8 -0.1002779 0.006064888 0.994941 0.5655811 0.06109086 0.9981323 7.28354E-5 0.0 0.0 0.0 0.0 1.0
Upper_Arm_R 0.5181473 -0.5185866 -0.6801404 -1.49012E-8 0.7253136 0.6878448 0.02810025 0.2280482 0.4532587 -0.5078752 0.7325429 0.0 0.0 0.0 0.0 1.0
Lower_Arm_R 0.6791777 -0.7331049 -0.03570169 0.0 0.713338 0.6707542 -0.2030711 0.2496953 0.1728194 0.112454 0.978513 -5.96046E-8 0.0 0.0 0.0 1.0
Hand_R 0.9959801 -0.05429813 -0.0712401 2.98023E-8 0.0225303 0.9216141 -0.387453 0.2283605 0.08669389 0.3842905 0.9191328 0.0 0.0 0.0 0.0 1.0
Shoulder_L 0.9313223 0.03077133 -0.3628938 -1.49012E-8 0.3620366 0.03012584 0.9316769 0.5655811 0.03960139 -0.9990724 0.0169165 0.0 0.0 0.0 0.0 1.0
Upper_Arm_L -0.09290837 0.6317781 0.7695616 0.0 -0.9648273 0.1337723 -0.226304 0.2248114 -0.24592 -0.7635193 0.5971279 0.0 0.0 0.0 0.0 1.0
Lower_Arm_L 0.7612787 0.6129911 -0.2114153 0.0 -0.5759814 0.7890286 0.2137267 0.2769328 0.2978254 -0.04093438 0.9537424 0.0 0.0 0.0 0.0 1.0
Hand_L 0.9945105 0.09020592 -0.05302727 -2.98023E-8 -0.09967259 0.9709175 -0.2176802 0.2313012 0.03184907 0.2217706 0.9745786 0.0 0.0 0.0 0.0 1.0
Head -0.9356894 0.3528247 2.56642E-4 -1.49012E-8 0.3528215 0.9356775 0.004954776 0.5655811 0.001508031 0.00472668 -0.9999877 0.0 0.0 0.0 0.0 1.0
Upper_Leg_R 0.5656567 0.8118477 -0.1446934 1.49012E-8 -0.8246419 0.5568814 -0.09925333 0.0 -5.79223E-6 0.1754679 0.9844951 3.55271E-15 0.0 0.0 0.0 1.0
Lower_Leg_R 0.9276024 0.3733916 -0.0115118 2.98023E-8 0.3672352 -0.9170924 -0.1551773 0.4431015 -0.06849928 0.1397153 -0.9878195 -1.49012E-8 0.0 0.0 0.0 1.0
Foot_R 0.7010331 0.7103579 -0.06279802 2.23517E-8 0.7084904 -0.703795 -0.05209263 0.541993 -0.08120136 -0.007973134 -0.9966658 -7.45058E-9 0.0 0.0 0.0 1.0
Upper_Leg_L -0.8847876 0.4584727 -0.08339107 0.0 0.4659947 0.8707387 -0.1570468 -2.17676E-4 6.09789E-4 -0.1778142 -0.9840683 3.55271E-15 0.0 0.0 0.0 1.0
Lower_Leg_L 0.7179453 -0.6958994 0.01668777 -2.98023E-8 -0.6841615 -0.7098507 -0.1674343 0.4389734 0.1283632 0.1087915 -0.9857419 -1.76951E-8 0.0 0.0 0.0 1.0
Foot_L -0.1490822 -0.9887855 0.008815201 1.49012E-8 -0.9881544 0.148647 -0.03814572 0.547265 0.03640758 -0.01439763 -0.9992332 7.45058E-9 0.0 0.0 0.0 1.0
