Root_Bone_Name Torso
Num_Keyframes 9
Num_Bones 16
Time_Wrapping_Mode LOOP
Time 0
Torso -2.8213E-7 0.0 -1.0 0.0 -1.0 0.0 2.8213E-7 0.0 0.0 0.9999999 0.0 0.9164601 0.0 0.0 0.0 1.0
Shoulder_R -1.0 2.31212E-7 -9.28199E-8 0.0 -1.46432E-7 -0.2440075 0.9697734 0.565581 2.01574E-7 0.9697734 0.2440075 0.0 0.0 0.0 0.0 1.0
Upper_Arm_R 0.7542366 -0.6213268 0.212321 0.0 0.1601818 0.4877076 0.8581859 0.2280482 -0.6367645 -0.6132652 0.4673721 0.0 0.0 0.0 0.0 1.0
Lower_Arm_R 0.01717606 -0.939752 0.3414253 -5.96046E-8 0.9461473 0.1256853 0.2983434 0.2496951 -0.3232809 0.3179142 0.8913024 0.0 0.0 0.0 0.0 1.0
Hand_R 1.0 7.15256E-7 -6.4224E-6 1.19209E-7 5.96046E-8 0.9910967 0.1331446 0.2283604 6.4671E-6 -0.1331446 0.9910966 1.49012E-8 0.0 0.0 0.0 1.0
Shoulder_L 1.0 -2.30324E-7 -2.89193E-7 0.0 2.11367E-7 -0.2855999 0.958349 0.565581 -3.03324E-7 -0.9583489 -0.2855999 0.0 0.0 0.0 0.0 1.0
Upper_Arm_L 0.3471856 -0.8871816 0.3039255 -2.84217E-14 0.2678345 0.4043908 0.8744898 0.2248114 -0.8987361 -0.2222084 0.3780165 0.0 0.0 0.0 0.0 1.0
Lower_Arm_L 0.3476951 0.8851324 -0.3092712 0.0 -0.8870029 0.41742 0.197449 0.2769329 0.3038644 0.2056725 0.9302502 2.98023E-8 0.0 0.0 0.0 1.0
Hand_L 0.9999999 -2.57278E-8 4.57214E-7 1.49012E-8 -5.97211E-8 0.9818671 0.1895703 0.2313013 -4.55402E-7 -0.1895702 0.9818671 -5.96046E-8 0.0 0.0 0.0 1.0
Head -0.9500929 0.3119672 4.17994E-5 0.0 0.3119635 0.9500811 0.004961255 0.565581 0.001508035 0.004726694 -0.9999877 0.0 0.0 0.0 0.0 1.0
Upper_Leg_R -0.9622886 -0.26781 0.04773365 0.0 0.272031 -0.9473593 0.1688539 0.0 1.55672E-6 0.1754678 0.9844951 0.0 0.0 0.0 0.0 1.0
Lower_Leg_R -0.8975015 0.4409459 -0.007595423 0.0 0.4336299 0.8792109 -0.1973656 0.4431015 -0.08034956 -0.1804295 -0.9803005 -1.49012E-8 0.0 0.0 0.0 1.0
Foot_R 0.3839686 0.9221135 -0.04768592 -2.98023E-8 0.9194072 -0.3865855 -0.07239914 0.541993 -0.08519496 -0.01604378 -0.9962352 0.0 0.0 0.0 0.0 1.0
Upper_Leg_L 0.7434034 0.6582654 -0.118483 0.0 0.6688432 -0.7314841 0.1325894 -2.17676E-4 6.10082E-4 -0.1778141 -0.9840683 0.0 0.0 0.0 0.0 1.0
Lower_Leg_L -0.9512335 -0.3084621 0.002367488 -5.96046E-8 -0.3028854 0.9325274 -0.1966024 0.4389735 0.05843662 -0.1877318 -0.9804804 0.0 0.0 0.0 0.0 1.0
Foot_L 0.1506807 -0.9884783 0.01436529 5.96046E-8 -0.9878645 -0.151109 -0.0359137 0.547265 0.03767063 -0.008779465 -0.9992517 -1.49012E-8 0.0 0.0 0.0 1.0
Time 1
Torso -2.8213E-7 0.0 -1.0 0.0 -1.0 0.0 2.8213E-7 0.0 0.0 0.9999999 0.0 0.865572 0.0 0.0 0.0 1.0
Shoulder_R -1.0 2.31212E-7 -9.28199E-8 0.0 -1.46432E-7 -0.2440075 0.9697734 0.565581 2.01574E-7 0.9697734 0.2440075 0.0 0.0 0.0 0.0 1.0
Upper_Arm_R 0.2961927 -0.9254523 0.236237 0.0 0.2330234 0.3098786 0.9217784 0.2280482 -0.9262666 -0.2179753 0.3074358 0.0 0.0 0.0 0.0 1.0
Lower_Arm_R 0.1706399 -0.9498553 0.2620248 -5.96046E-8 0.9547222 0.2251547 0.1944506 0.2496951 -0.243696 0.2169799 0.9452682 0.0 0.0 0.0 0.0 1.0
Hand_R 1.0 7.15256E-7 -6.4224E-6 1.19209E-7 5.96046E-8 0.9910967 0.1331446 0.2283604 6.4671E-6 -0.1331446 0.9910966 1.49012E-8 0.0 0.0 0.0 1.0
Shoulder_L 1.0 -2.30324E-7 -2.89193E-7 0.0 2.11367E-7 -0.2855999 0.958349 0.565581 -3.03324E-7 -0.9583489 -0.2855999 0.0 0.0 0.0 0.0 1.0
Upper_Arm_L 0.04007779 -0.9412492 0.3353263 -2.84217E-14 0.2853703 0.3324004 0.8989292 0.2248114 -0.957579 0.05966505 0.2819264 0.0 0.0 0.0 0.0 1.0
Lower_Arm_L 0.5127947 0.8069497 -0.2930423 0.0 -0.8087229 0.5685954 0.150555 0.2769329 0.2881128 0.1597861 0.9441713 2.98023E-8 0.0 0.0 0.0 1.0
Hand_L 0.9999999 -2.57278E-8 4.57214E-7 1.49012E-8 -5.97211E-8 0.9818671 0.1895703 0.2313013 -4.55402E-7 -0.1895702 0.9818671 -5.96046E-8 0.0 0.0 0.0 1.0
Head -0.9500929 0.3119672 4.17994E-5 0.0 0.3119635 0.9500811 0.004961255 0.565581 0.001508035 0.004726694 -0.9999877 0.0 0.0 0.0 0.0 1.0
Upper_Leg_R -0.997467 -0.07002671 0.012482 0.0 0.07113052 -0.9819919 0.1750268 0.0 1.04044E-6 0.1754678 0.9844951 0.0 0.0 0.0 0.0 1.0
Lower_Leg_R -0.2897037 0.9568753 -0.0214826 0.0 0.9417329 0.2809676 -0.1849229 0.4431015 -0.1709123 -0.07380375 -0.9825181 -1.49012E-8 0.0 0.0 0.0 1.0
Foot_R 0.08709857 0.9957254 -0.03072303 -2.98023E-8 0.9924799 -0.08939445 -0.08361782 0.541993 -0.08600691 -0.02320899 -0.9960241 0.0 0.0 0.0 0.0 1.0
Upper_Leg_L 0.8167784 0.5678459 -0.1020993 0.0 0.5769513 -0.8036999 0.1455813 -2.17676E-4 6.10129E-4 -0.1778141 -0.9840683 0.0 0.0 0.0 0.0 1.0
Lower_Leg_L -0.4538691 -0.8909353 0.01538652 -5.96046E-8 -0.8761569 0.4430616 -0.1898551 0.4389735 0.1623314 -0.09965032 -0.9816914 0.0 0.0 0.0 0.0 1.0
Foot_L 0.3776293 -0.9257802 0.01810285 5.96046E-8 -0.9251992 -0.3780387 -0.03306692 0.547265 0.03745628 -0.004261712 -0.9992892 -1.49012E-8 0.0 0.0 0.0 1.0
Time 2
Torso -2.8213E-7 0.0 -1.0 0.0 -1.0 0.0 2.8213E-7 0.0 0.0 0.9999999 0.0 0.924289 0.0 0.0 0.0 1.0
Shoulder_R -1.0 2.31212E-7 -9.28199E-8 0.0 -1.46432E-7 -0.2440075 0.9697734 0.565581 2.01574E-7 0.9697734 0.2440075 0.0 0.0 0.0 0.0 1.0
Upper_Arm_R 0.9530866 0.2971333 -0.05777322 0.0 -0.07389603 0.4134812 0.907509 0.2280482 0.2935393 -0.8606654 0.4160404 0.0 0.0 0.0 0.0 1.0
Lower_Arm_R 0.7593879 -0.6361558 0.1365134 -5.96046E-8 0.6386678 0.7688863 0.03029051 0.2496951 -0.1242328 0.06418442 0.990175 0.0 0.0 0.0 0.0 1.0
Hand_R 1.0 7.15256E-7 -6.4224E-6 1.19209E-7 5.96046E-8 0.9910967 0.1331446 0.2283604 6.4671E-6 -0.1331446 0.9910966 1.49012E-8 0.0 0.0 0.0 1.0
Shoulder_L 1.0 -2.30324E-7 -2.89193E-7 0.0 2.11367E-7 -0.2855999 0.958349 0.565581 -3.03324E-7 -0.9583489 -0.2855999 0.0 0.0 0.0 0.0 1.0
Upper_Arm_L 0.9847679 -0.1666166 0.04971008 -2.84217E-14 0.04965821 0.5434985 0.8379402 0.2248114 -0.1666321 -0.8227081 0.5434937 0.0 0.0 0.0 0.0 1.0
Lower_Arm_L 0.8003135 0.5734989 -0.1749208 0.0 -0.5745555 0.8169538 0.04972263 0.2769329 0.1714181 0.06070808 0.9833262 2.98023E-8 0.0 0.0 0.0 1.0
Hand_L 0.9999999 -2.57278E-8 4.57214E-7 1.49012E-8 -5.97211E-8 0.9818671 0.1895703 0.2313013 -4.55402E-7 -0.1895702 0.9818671 -5.96046E-8 0.0 0.0 0.0 1.0
Head -0.9500929 0.3119672 4.17994E-5 0.0 0.3119635 0.9500811 0.004961255 0.565581 0.001508035 0.004726694 -0.9999877 0.0 0.0 0.0 0.0 1.0
Upper_Leg_R -0.8465757 0.5240105 -0.09339554 0.0 -0.5322689 -0.8334414 0.1485501 0.0 -6.85028E-7 0.1754676 0.9844951 0.0 0.0 0.0 0.0 1.0
Lower_Leg_R -0.1652549 0.9859933 -0.02253969 0.0 0.9704157 0.1584803 -0.1821468 0.4431015 -0.1760234 -0.05197352 -0.983013 -1.49012E-8 0.0 0.0 0.0 1.0
Foot_R 0.08709857 0.9957254 -0.03072303 -2.98023E-8 0.9924799 -0.08939445 -0.08361782 0.541993 -0.08600691 -0.02320899 -0.9960241 0.0 0.0 0.0 0.0 1.0
Upper_Leg_L 0.9844983 -0.1724909 0.03177848 0.0 -0.1753927 -0.9688289 0.1749522 -2.17676E-4 6.10387E-4 -0.1778139 -0.9840683 0.0 0.0 0.0 0.0 1.0
Lower_Leg_L -0.9410094 -0.3383669 0.002971107 -5.96046E-8 -0.3323183 0.9224622 -0.1965383 0.4389735 0.06376132 -0.1859317 -0.9804916 0.0 0.0 0.0 0.0 1.0
Foot_L 0.4242871 -0.9053326 0.01881514 5.96046E-8 -0.9047605 -0.4246911 -0.03234172 0.547265 0.03727063 -0.003301028 -0.9992997 -1.49012E-8 0.0 0.0 0.0 1.0
Time 3
Torso -2.8213E-7 0.0 -1.0 0.0 -1.0 0.0 2.8213E-7 0.0 0.0 0.9999999 0.0 0.9634337 0.0 0.0 0.0 1.0
Shoulder_R -1.0 2.31212E-7 -9.28199E-8 0.0 -1.46432E-7 -0.2440075 0.9697734 0.565581 2.01574E-7 0.9697734 0.2440075 0.0 0.0 0.0 0.0 1.0
Upper_Arm_R 0.5615704 0.8117929 -0.1600966 0.0 -0.2019344 0.3220979 0.9249191 0.2280482 0.8024095 -0.4870781 0.3448096 0.0 0.0 0.0 0.0 1.0
Lower_Arm_R 0.4401446 -0.877448 0.1906777 -5.96046E-8 0.8809566 0.4630675 0.09738627 0.2496951 -0.173748 0.1251147 0.97681 0.0 0.0 0.0 0.0 1.0
Hand_R 1.0 7.15256E-7 -6.4224E-6 1.19209E-7 5.96046E-8 0.9910967 0.1331446 0.2283604 6.4671E-6 -0.1331446 0.9910966 1.49012E-8 0.0 0.0 0.0 1.0
Shoulder_L 1.0 -2.30324E-7 -2.89193E-7 0.0 2.11367E-7 -0.2855999 0.958349 0.565581 -3.03324E-7 -0.9583489 -0.2855999 0.0 0.0 0.0 0.0 1.0
Upper_Arm_L 0.8315866 0.5354151 -0.1476291 -2.84217E-14 -0.158621 0.4836953 0.8607429 0.2248114 0.5322622 -0.6923651 0.4871626 0.0 0.0 0.0 0.0 1.0
Lower_Arm_L -0.02880928 0.9619862 -0.2715745 0.0 -0.9636254 0.04548886 0.2633567 0.2769329 0.2656992 0.2692832 0.9256839 2.98023E-8 0.0 0.0 0.0 1.0
Hand_L 0.9999999 -2.57278E-8 4.57214E-7 1.49012E-8 -5.97211E-8 0.9818671 0.1895703 0.2313013 -4.55402E-7 -0.1895702 0.9818671 -5.96046E-8 0.0 0.0 0.0 1.0
Head -0.9500929 0.3119672 4.17994E-5 0.0 0.3119635 0.9500811 0.004961255 0.565581 0.001508035 0.004726694 -0.9999877 0.0 0.0 0.0 0.0 1.0
Upper_Leg_R -0.3643921 0.9167977 -0.1634028 0.0 -0.9312466 -0.3587386 0.06394093 0.0 -2.80292E-6 0.1754675 0.9844952 0.0 0.0 0.0 0.0 1.0
Lower_Leg_R 0.3491663 0.9367799 -0.02294362 0.0 0.9219893 -0.347821 -0.1701664 0.4431015 -0.1673888 0.03826263 -0.9851482 -1.49012E-8 0.0 0.0 0.0 1.0
Foot_R 0.08709857 0.9957254 -0.03072303 -2.98023E-8 0.9924799 -0.08939445 -0.08361782 0.541993 -0.08600691 -0.02320899 -0.9960241 0.0 0.0 0.0 0.0 1.0
Upper_Leg_L 0.892741 -0.4432927 0.08065355 0.0 -0.4505697 -0.8785636 0.1584711 -2.17676E-4 6.10532E-4 -0.1778138 -0.9840683 0.0 0.0 0.0 0.0 1.0
Lower_Leg_L -0.9730477 -0.2306018 8.16153E-4 -5.96046E-8 -0.2262539 0.9540049 -0.1966808 0.4389735 0.04457634 -0.1915644 -0.9804672 0.0 0.0 0.0 0.0 1.0
Foot_L 0.0626398 -0.9979542 0.01280504 5.96046E-8 -0.9973324 -0.06307223 -0.03674319 0.547265 0.03747566 -0.0104693 -0.9992427 -1.49012E-8 0.0 0.0 0.0 1.0
Time 4
Torso -2.8213E-7 0.0 -1.0 0.0 -1.0 0.0 2.8213E-7 0.0 0.0 0.9999999 0.0 0.9164601 0.0 0.0 0.0 1.0
Shoulder_R -1.0 2.31212E-7 -9.28199E-8 0.0 -1.46432E-7 -0.2440075 0.9697734 0.565581 2.01574E-7 0.9697734 0.2440075 0.0 0.0 0.0 0.0 1.0
Upper_Arm_R 0.3665589 0.8804259 -0.3008074 0.0 -0.2270577 0.398188 0.8887582 0.2280482 0.9022635 -0.2574817 0.3458667 0.0 0.0 0.0 0.0 1.0
Lower_Arm_R 0.3736034 -0.871832 0.3167482 -5.96046E-8 0.8777688 0.442691 0.1831577 0.2496951 -0.2999043 0.2096033 0.9306578 0.0 0.0 0.0 0.0 1.0
Hand_R 1.0 7.15256E-7 -6.4224E-6 1.19209E-7 5.96046E-8 0.9910967 0.1331446 0.2283604 6.4671E-6 -0.1331446 0.9910966 1.49012E-8 0.0 0.0 0.0 1.0
Shoulder_L 1.0 -2.30324E-7 -2.89193E-7 0.0 2.11367E-7 -0.2855999 0.958349 0.565581 -3.03324E-7 -0.9583489 -0.2855999 0.0 0.0 0.0 0.0 1.0
Upper_Arm_L 0.7175909 0.6588754 -0.2257134 -2.84217E-14 -0.1989105 0.5044688 0.8402059 0.2248114 0.6674564 -0.5580272 0.4930595 0.0 0.0 0.0 0.0 1.0
Lower_Arm_L -0.05102295 0.9428034 -0.3294218 0.0 -0.9447958 0.06133226 0.3218683 0.2769329 0.3236627 0.3276589 0.8876272 2.98023E-8 0.0 0.0 0.0 1.0
Hand_L 0.9999999 -2.57278E-8 4.57214E-7 1.49012E-8 -5.97211E-8 0.9818671 0.1895703 0.2313013 -4.55402E-7 -0.1895702 0.9818671 -5.96046E-8 0.0 0.0 0.0 1.0
Head -0.9500929 0.3119672 4.17994E-5 0.0 0.3119635 0.9500811 0.004961255 0.565581 0.001508035 0.004726694 -0.9999877 0.0 0.0 0.0 0.0 1.0
Upper_Leg_R -0.7501912 0.6509624 -0.1160221 0.0 -0.6612216 -0.7385524 0.1316368 0.0 -1.21141E-6 0.1754669 0.9844953 0.0 0.0 0.0 0.0 1.0
Lower_Leg_R -0.9540486 0.2996233 -0.004123046 0.0 0.2944586 0.9348757 -0.1982463 0.4431015 -0.05554468 -0.1903508 -0.9801435 -1.49012E-8 0.0 0.0 0.0 1.0
Foot_R 0.3839686 0.9221135 -0.04768592 -2.98023E-8 0.9194072 -0.3865855 -0.07239914 0.541993 -0.08519496 -0.01604378 -0.9962352 0.0 0.0 0.0 0.0 1.0
Upper_Leg_L 0.9072888 -0.4137081 0.0753166 0.0 -0.4205076 -0.8928764 0.1610757 -2.17676E-4 6.10394E-4 -0.1778135 -0.9840684 0.0 0.0 0.0 0.0 1.0
Lower_Leg_L -0.9344165 -0.3561662 0.003332583 -5.96046E-8 -0.3498367 0.9159722 -0.1964908 0.4389735 0.06693082 -0.18477 -0.9805 0.0 0.0 0.0 0.0 1.0
Foot_L 0.2276156 -0.9736251 0.01567986 5.96046E-8 -0.9730204 -0.228039 -0.03506717 0.547265 0.03771789 -0.007274994 -0.999262 -1.49012E-8 0.0 0.0 0.0 1.0
Time 5
Torso -2.8213E-7 0.0 -1.0 0.0 -1.0 0.0 2.8213E-7 0.0 0.0 0.9999999 0.0 0.865572 0.0 0.0 0.0 1.0
Shoulder_R -1.0 2.31212E-7 -9.28199E-8 0.0 -1.46432E-7 -0.2440075 0.9697734 0.565581 2.01574E-7 0.9697734 0.2440075 0.0 0.0 0.0 0.0 1.0
Upper_Arm_R 0.09068648 0.9649411 -0.2463024 0.0 -0.2430374 0.2612873 0.9341638 0.2280482 0.9657686 -0.02485556 0.2582118 0.0 0.0 0.0 0.0 1.0
Lower_Arm_R 0.6066169 -0.7663709 0.2114044 -5.96046E-8 0.7703003 0.6323744 0.08209929 0.2496951 -0.1966053 0.113042 0.9739445 0.0 0.0 0.0 0.0 1.0
Hand_R 1.0 7.15256E-7 -6.4224E-6 1.19209E-7 5.96046E-8 0.9910967 0.1331446 0.2283604 6.4671E-6 -0.1331446 0.9910966 1.49012E-8 0.0 0.0 0.0 1.0
Shoulder_L 1.0 -2.30324E-7 -2.89193E-7 0.0 2.11367E-7 -0.2855999 0.958349 0.565581 -3.03324E-7 -0.9583489 -0.2855999 0.0 0.0 0.0 0.0 1.0
Upper_Arm_L 0.2439298 0.9135509 -0.3254583 -2.84217E-14 -0.276973 0.3872439 0.8793908 0.2248114 0.9293999 -0.1243665 0.3474892 0.0 0.0 0.0 0.0 1.0
Lower_Arm_L 0.2377813 0.912982 -0.3315478 0.0 -0.914988 0.3250903 0.2389834 0.2769329 0.3259705 0.2465364 0.9126681 2.98023E-8 0.0 0.0 0.0 1.0
Hand_L 0.9999999 -2.57278E-8 4.57214E-7 1.49012E-8 -5.97211E-8 0.9818671 0.1895703 0.2313013 -4.55402E-7 -0.1895702 0.9818671 -5.96046E-8 0.0 0.0 0.0 1.0
Head -0.9500929 0.3119672 4.17994E-5 0.0 0.3119635 0.9500811 0.004961255 0.565581 0.001508035 0.004726694 -0.9999877 0.0 0.0 0.0 0.0 1.0
Upper_Leg_R -0.8120421 0.5745445 -0.1024023 0.0 -0.5835993 -0.7994437 0.1424903 0.0 -8.58683E-7 0.1754675 0.9844951 0.0 0.0 0.0 0.0 1.0
Lower_Leg_R -0.4461694 0.8947349 -0.01955862 0.0 0.8805293 0.4349687 -0.1883364 0.4431015 -0.1600037 -0.1012519 -0.9819098 -1.49012E-8 0.0 0.0 0.0 1.0
Foot_R 0.396417 0.9167963 -0.04834706 -2.98023E-8 0.9141169 -0.399044 -0.07178985 0.541993 -0.08510932 -0.01573613 -0.9962473 0.0 0.0 0.0 0.0 1.0
Upper_Leg_L 0.994879 -0.09935241 0.01856926 0.0 -0.101071 -0.979036 0.1768425 -2.17676E-4 6.10319E-4 -0.1778137 -0.9840684 0.0 0.0 0.0 0.0 1.0
Lower_Leg_L 0.03931409 -0.9990366 0.01949845 -5.96046E-8 -0.9825379 -0.04220167 -0.1812115 0.4389735 0.1818597 -0.01203379 -0.9832507 0.0 0.0 0.0 0.0 1.0
Foot_L 0.2811634 -0.9595171 0.01656684 5.96046E-8 -0.95892 -0.2815825 -0.03440815 0.547265 0.03768014 -0.006211964 -0.9992705 -1.49012E-8 0.0 0.0 0.0 1.0
Time 6
Torso -2.8213E-7 0.0 -1.0 0.0 -1.0 0.0 2.8213E-7 0.0 0.0 0.9999999 0.0 0.924289 0.0 0.0 0.0 1.0
Shoulder_R -1.0 2.31212E-7 -9.28199E-8 0.0 -1.46432E-7 -0.2440075 0.9697734 0.565581 2.01574E-7 0.9697734 0.2440075 0.0 0.0 0.0 0.0 1.0
Upper_Arm_R 0.9917929 0.1255082 -0.02438128 0.0 -0.03123292 0.4227522 0.905707 0.2280482 0.1239809 -0.8975123 0.4232026 0.0 0.0 0.0 0.0 1.0
Lower_Arm_R 0.8137683 -0.5682535 0.1219388 -5.96046E-8 0.5704975 0.8210776 0.01908762 0.2496951 -0.1109679 0.05403287 0.992354 0.0 0.0 0.0 0.0 1.0
Hand_R 1.0 7.15256E-7 -6.4224E-6 1.19209E-7 5.96046E-8 0.9910967 0.1331446 0.2283604 6.4671E-6 -0.1331446 0.9910966 1.49012E-8 0.0 0.0 0.0 1.0
Shoulder_L 1.0 -2.30324E-7 -2.89193E-7 0.0 2.11367E-7 -0.2855999 0.958349 0.565581 -3.03324E-7 -0.9583489 -0.2855999 0.0 0.0 0.0 0.0 1.0
Upper_Arm_L 0.9653737 -0.2499824 0.07458215 -2.84217E-14 0.07450455 0.5381907 0.8395237 0.2248114 -0.2500055 -0.8048973 0.5381799 0.0 0.0 0.0 0.0 1.0
Lower_Arm_L 0.4398829 0.8589882 -0.2619968 0.0 -0.860571 0.4865922 0.1504849 0.2769329 0.2567504 0.1592711 0.9532639 2.98023E-8 0.0 0.0 0.0 1.0
Hand_L 0.9999999 -2.57278E-8 4.57214E-7 1.49012E-8 -5.97211E-8 0.9818671 0.1895703 0.2313013 -4.55402E-7 -0.1895702 0.9818671 -5.96046E-8 0.0 0.0 0.0 1.0
Head -0.9500929 0.3119672 4.17994E-5 0.0 0.3119635 0.9500811 0.004961255 0.565581 0.001508035 0.004726694 -0.9999877 0.0 0.0 0.0 0.0 1.0
Upper_Leg_R -0.9845778 -0.1722328 0.03069816 0.0 0.1749473 -0.9693029 0.1727641 0.0 1.07685E-6 0.1754668 0.9844953 0.0 0.0 0.0 0.0 1.0
Lower_Leg_R -0.9324218 0.3613278 -0.00562887 0.0 0.3552232 0.9135854 -0.1979351 0.4431015 -0.06637698 -0.1865585 -0.9801989 -1.49012E-8 0.0 0.0 0.0 1.0
Foot_R 0.433142 0.8999222 -0.05027128 -2.98023E-8 0.8973249 -0.4357974 -0.06991676 0.541993 -0.08482778 -0.01482578 -0.9962853 0.0 0.0 0.0 0.0 1.0
Upper_Leg_L 0.7977477 0.5934687 -0.1067409 0.0 0.6029912 -0.7849696 0.142213 -2.17676E-4 6.10134E-4 -0.177814 -0.9840683 0.0 0.0 0.0 0.0 1.0
Lower_Leg_L 0.02714729 -0.999442 0.01945484 -5.96046E-8 -0.9829373 -0.03023088 -0.1814376 0.4389735 0.1819244 -0.01419734 -0.98321 0.0 0.0 0.0 0.0 1.0
Foot_L 0.006150156 -0.999912 0.01177348 5.96046E-8 -0.9992863 -0.006584287 -0.03719901 0.547265 0.03727325 -0.0115363 -0.9992385 -1.49012E-8 0.0 0.0 0.0 1.0
Time 7
Torso -2.8213E-7 0.0 -1.0 0.0 -1.0 0.0 2.8213E-7 0.0 0.0 0.9999999 0.0 0.9634337 0.0 0.0 0.0 1.0
Shoulder_R -1.0 2.31212E-7 -9.28199E-8 0.0 -1.46432E-7 -0.2440075 0.9697734 0.565581 2.01574E-7 0.9697734 0.2440075 0.0 0.0 0.0 0.0 1.0
Upper_Arm_R 0.838685 -0.5343165 0.1054196 0.0 0.132855 0.38844 0.9118465 0.2280482 -0.5281638 -0.7507465 0.3967654 0.0 0.0 0.0 0.0 1.0
Lower_Arm_R 0.02637398 -0.9768528 0.212281 -5.96046E-8 0.9807562 0.06637907 0.1836069 0.2496951 -0.1934479 0.2033534 0.9598048 0.0 0.0 0.0 0.0 1.0
Hand_R 1.0 7.15256E-7 -6.4224E-6 1.19209E-7 5.96046E-8 0.9910967 0.1331446 0.2283604 6.4671E-6 -0.1331446 0.9910966 1.49012E-8 0.0 0.0 0.0 1.0
Shoulder_L 1.0 -2.30324E-7 -2.89193E-7 0.0 2.11367E-7 -0.2855999 0.958349 0.565581 -3.03324E-7 -0.9583489 -0.2855999 0.0 0.0 0.0 0.0 1.0
Upper_Arm_L 0.6256626 -0.7520304 0.2073564 -2.84217E-14 0.2227946 0.4269992 0.8763757 0.2248114 -0.747602 -0.5021178 0.4347057 0.0 0.0 0.0 0.0 1.0
Lower_Arm_L 0.1131562 0.9562044 -0.2699423 0.0 -0.9578337 0.1771994 0.2261741 0.2769329 0.2641022 0.2329668 0.9359362 2.98023E-8 0.0 0.0 0.0 1.0
Hand_L 0.9999999 -2.57278E-8 4.57214E-7 1.49012E-8 -5.97211E-8 0.9818671 0.1895703 0.2313013 -4.55402E-7 -0.1895702 0.9818671 -5.96046E-8 0.0 0.0 0.0 1.0
Head -0.9500929 0.3119672 4.17994E-5 0.0 0.3119635 0.9500811 0.004961255 0.565581 0.001508035 0.004726694 -0.9999877 0.0 0.0 0.0 0.0 1.0
Upper_Leg_R -0.9031357 -0.4226944 0.07533457 0.0 0.4293556 -0.8891248 0.1584709 0.0 -7.13774E-7 0.175463 0.984496 0.0 0.0 0.0 0.0 1.0
Lower_Leg_R -0.9630925 0.2691498 -0.003377085 0.0 0.2644476 0.9437786 -0.1983669 0.4431015 -0.05020317 -0.1919388 -0.980122 -1.49012E-8 0.0 0.0 0.0 1.0
Foot_R 0.08709857 0.9957254 -0.03072303 -2.98023E-8 0.9924799 -0.08939445 -0.08361782 0.541993 -0.08600691 -0.02320899 -0.9960241 0.0 0.0 0.0 0.0 1.0
Upper_Leg_L 0.4167376 0.8945859 -0.1613867 0.0 0.9090267 -0.4099979 0.07464782 -2.17676E-4 6.09966E-4 -0.1778138 -0.9840683 0.0 0.0 0.0 0.0 1.0
Lower_Leg_L 0.294364 -0.9554889 0.01976198 -5.96046E-8 -0.9396695 -0.2931374 -0.1763268 0.4389735 0.1742713 0.03333453 -0.9841331 0.0 0.0 0.0 0.0 1.0
Foot_L 0.1095265 -0.9938905 0.01364321 5.96046E-8 -0.9932726 -0.1099569 -0.03631963 0.547265 0.03759789 -0.009573471 -0.9992471 -1.49012E-8 0.0 0.0 0.0 1.0
Time 8
Torso -2.8213E-7 0.0 -1.0 0.0 -1.0 0.0 2.8213E-7 0.0 0.0 0.9999999 0.0 0.9164601 0.0 0.0 0.0 1.0
Shoulder_R -1.0 2.31212E-7 -9.28199E-8 0.0 -1.46432E-7 -0.2440075 0.9697734 0.565581 2.01574E-7 0.9697734 0.2440075 0.0 0.0 0.0 0.0 1.0
Upper_Arm_R 0.7542366 -0.6213268 0.212321 0.0 0.1601818 0.4877076 0.8581859 0.2280482 -0.6367645 -0.6132652 0.4673721 0.0 0.0 0.0 0.0 1.0
Lower_Arm_R 0.01717606 -0.939752 0.3414253 -5.96046E-8 0.9461473 0.1256853 0.2983434 0.2496951 -0.3232809 0.3179142 0.8913024 0.0 0.0 0.0 0.0 1.0
Hand_R 1.0 7.15256E-7 -6.4224E-6 1.19209E-7 5.96046E-8 0.9910967 0.1331446 0.2283604 6.4671E-6 -0.1331446 0.9910966 1.49012E-8 0.0 0.0 0.0 1.0
Shoulder_L 1.0 -2.30324E-7 -2.89193E-7 0.0 2.11367E-7 -0.2855999 0.958349 0.565581 -3.03324E-7 -0.9583489 -0.2855999 0.0 0.0 0.0 0.0 1.0
Upper_Arm_L 0.3471856 -0.8871816 0.3039255 -2.84217E-14 0.2678345 0.4043908 0.8744898 0.2248114 -0.8987361 -0.2222084 0.3780165 0.0 0.0 0.0 0.0 1.0
Lower_Arm_L 0.3476951 0.8851324 -0.3092712 0.0 -0.8870029 0.41742 0.197449 0.2769329 0.3038644 0.2056725 0.9302502 2.98023E-8 0.0 0.0 0.0 1.0
Hand_L 0.9999999 -2.57278E-8 4.57214E-7 1.49012E-8 -5.97211E-8 0.9818671 0.1895703 0.2313013 -4.55402E-7 -0.1895702 0.9818671 -5.96046E-8 0.0 0.0 0.0 1.0
Head -0.9500929 0.3119672 4.17994E-5 0.0 0.3119635 0.9500811 0.004961255 0.565581 0.001508035 0.004726694 -0.9999877 0.0 0.0 0.0 0.0 1.0
Upper_Leg_R -0.9622886 -0.26781 0.04773365 0.0 0.272031 -0.9473593 0.1688539 0.0 1.55672E-6 0.1754678 0.9844951 0.0 0.0 0.0 0.0 1.0
Lower_Leg_R -0.8975015 0.4409459 -0.007595423 0.0 0.4336299 0.8792109 -0.1973656 0.4431015 -0.08034956 -0.1804295 -0.9803005 -1.49012E-8 0.0 0.0 0.0 1.0
Foot_R 0.3839686 0.9221135 -0.04768592 -2.98023E-8 0.9194072 -0.3865855 -0.07239914 0.541993 -0.08519496 -0.01604378 -0.9962352 0.0 0.0 0.0 0.0 1.0
Upper_Leg_L 0.7434034 0.6582654 -0.118483 0.0 0.6688432 -0.7314841 0.1325894 -2.17676E-4 6.10082E-4 -0.1778141 -0.9840683 0.0 0.0 0.0 0.0 1.0
Lower_Leg_L -0.9512335 -0.3084621 0.002367488 -5.96046E-8 -0.3028854 0.9325274 -0.1966024 0.4389735 0.05843662 -0.1877318 -0.9804804 0.0 0.0 0.0 0.0 1.0
Foot_L 0.1506807 -0.9884783 0.01436529 5.96046E-8 -0.9878645 -0.151109 -0.0359137 0.547265 0.03767063 -0.008779465 -0.9992517 -1.49012E-8 0.0 0.0 0.0 1.0
