Root_Bone_Name Hips
Num_Keyframes 3
Num_Bones 28
Time_Wrapping_Mode LOOP
Time 0.0
Hips 0.9999505 0.0 0.009948213 0.006861079 0.009948213 0.0 -0.9999505 -5.30556E-4 0.0 1.0 0.0 1.089459 0.0 0.0 0.0 1.0
Spine 1.0 0.0 0.0 -4.65661E-10 0.0 1.0 0.0 0.08270144 0.0 0.0 1.0 0.0 0.0 0.0 0.0 1.0
Spine1 1.0 0.0 0.0 -4.65661E-10 0.0 1.0 0.0 0.0960958 0.0 0.0 1.0 0.0 0.0 0.0 0.0 1.0
Spine2 1.0 0.0 0.0 0.0 0.0 1.0 0.0 0.152944 0.0 0.0 1.0 0.0 0.0 0.0 0.0 1.0
Neck 0.7358547 0.6025809 -0.3088918 -4.65661E-10 -0.5585056 0.7980353 0.2262986 0.1584063 0.3828698 0.005994869 0.9237829 0.0 0.0 0.0 0.0 1.0
Head 0.8483446 -0.3604188 0.387827 1.19209E-7 0.3888404 0.921288 0.00561818 0.07431257 -0.3593253 0.1460367 0.921715 -2.98023E-8 0.0 0.0 0.0 1.0
LeftShoulder -0.9997585 0.009684365 -0.01972345 -0.01398024 0.01699102 -0.2284245 -0.9734133 0.1443802 -0.01393221 -0.9735136 0.2282048 -0.05705015 0.0 0.0 0.0 1.0
LeftArm 0.9999964 0.002631221 1.9967E-4 0.0 -0.002631243 0.9885626 0.1507888 0.1790588 1.99378E-4 -0.1507887 0.9885659 -1.19209E-7 0.0 0.0 0.0 1.0
LeftForeArm 0.9998477 0.0030218 -0.01718895 3.72529E-9 1.6168E-8 0.9848965 0.1731447 0.2785366 0.01745255 -0.1731183 0.9847464 -1.19209E-7 0.0 0.0 0.0 1.0
LeftHand 0.9960173 -0.08643602 0.02187076 0.0 0.0890488 0.9766322 -0.195601 0.2080489 -0.004452711 0.1967696 0.9804397 0.0 0.0 0.0 0.0 1.0
LeftHandIndex1 0.9986326 0.04752333 -0.02178185 0.0 -0.04810962 0.9984708 -0.02723343 0.1217247 0.02045432 0.02824406 0.9993918 1.19209E-7 0.0 0.0 0.0 1.0
LeftHandIndex2 0.9895962 0.098123 -0.1052213 1.86265E-9 -0.08920577 0.9922628 0.08635251 0.0364126 0.1128804 -0.07606781 0.9906925 -1.19209E-7 0.0 0.0 0.0 1.0
LeftHandIndex3 0.9915296 -0.1298406 0.003238723 0.0 0.1298446 0.9915338 -0.001073599 0.04258025 -0.003071912 0.001485024 0.9999941 0.0 0.0 0.0 0.0 1.0
RightShoulder 0.9999428 -0.009685943 0.004534798 -0.01510195 0.002202514 -0.2284245 -0.973559 0.1443802 0.0104657 0.9735135 -0.22839 0.05569967 0.0 0.0 0.0 1.0
RightArm 0.9820504 3.41993E-4 0.1886185 -4.65661E-10 -0.02877779 0.9885626 0.1480405 0.1790588 -0.1864105 -0.1508112 0.9708279 0.0 0.0 0.0 0.0 1.0
RightForeArm 0.4972742 0.0330385 0.8669642 0.0 -0.1637119 0.9848963 0.05636934 0.2785366 -0.8520076 -0.1699634 0.4951723 0.0 0.0 0.0 0.0 1.0
RightHand 0.9139904 -0.1579094 -0.3737462 -1.19209E-7 0.08867864 0.9766322 -0.1957691 0.2080491 0.3959264 0.1457877 0.9066356 2.98023E-8 0.0 0.0 0.0 1.0
RightHandIndex1 -0.3912563 -0.05254023 0.9187807 0.0 -0.03642558 0.9984705 0.04158577 0.1217248 -0.9195606 -0.01719643 -0.3925716 0.0 0.0 0.0 0.0 1.0
RightHandIndex2 0.1044346 0.1177304 -0.9875388 0.0 -0.05184775 0.9922628 0.1128106 0.03641254 0.9931792 0.03942031 0.1097306 0.0 0.0 0.0 0.0 1.0
RightHandIndex3 -0.8397201 0.04169601 -0.5414163 0.0 -0.03191818 0.991534 0.1258649 0.04258025 0.5420805 0.1229723 -0.8312802 0.0 0.0 0.0 0.0 1.0
LeftUpLeg -0.9980595 0.0 -0.06226804 -0.004150655 0.0 -1.0 0.0 -0.06948018 -0.06226804 0.0 0.9980595 -0.08787922 0.0 0.0 0.0 1.0
LeftLeg 0.9823681 0.1485732 -0.1134862 4.65661E-10 -0.1484906 0.9888709 0.009227943 0.4013815 0.1135942 0.007786405 0.9934969 -7.45058E-9 0.0 0.0 0.0 1.0
LeftFoot -0.346792 -0.5204352 -0.7803095 0.0 -0.2458225 0.8532887 -0.4598587 0.4440999 0.9051556 0.0323424 -0.4238482 0.0 0.0 0.0 0.0 1.0
LeftToeBase 0.563718 0.4205404 0.7108922 7.45058E-9 0.5492613 0.4519347 -0.7028989 0.1699878 -0.6168743 0.7867023 0.02377726 -1.49012E-8 0.0 0.0 0.0 1.0
RightUpLeg -0.9968207 0.0 -0.07967701 -0.005887665 0.0 -1.0 0.0 -0.06948018 -0.07967701 0.0 0.9968207 0.08671818 0.0 0.0 0.0 1.0
RightLeg 0.9750737 0.1484147 -0.1649376 0.0 -0.1480781 0.9888708 0.01440454 0.4013815 0.1652399 0.01037817 0.9861988 0.0 0.0 0.0 0.0 1.0
RightFoot -0.3149914 -0.5189893 -0.7946261 0.0 -0.2458225 0.8532887 -0.4598586 0.4440999 0.916707 0.05048563 -0.3963579 0.0 0.0 0.0 0.0 1.0
RightToeBase 0.6349384 0.4205406 0.6480733 -7.45058E-9 0.4727795 0.4519347 -0.7564619 0.1699878 -0.6110097 0.7867026 0.08812764 3.72529E-9 0.0 0.0 0.0 1.0
Time 0.1
Hips 0.9999505 0.0 0.009948213 0.006861079 0.009948213 0.0 -0.9999505 -5.30556E-4 0.0 1.0 0.0 1.089459 0.0 0.0 0.0 1.0
Spine 1.0 0.0 0.0 -4.65661E-10 0.0 1.0 0.0 0.08270144 0.0 0.0 1.0 0.0 0.0 0.0 0.0 1.0
Spine1 1.0 0.0 0.0 -4.65661E-10 0.0 1.0 0.0 0.0960958 0.0 0.0 1.0 0.0 0.0 0.0 0.0 1.0
Spine2 1.0 0.0 0.0 0.0 0.0 1.0 0.0 0.152944 0.0 0.0 1.0 0.0 0.0 0.0 0.0 1.0
Neck 0.7358547 0.6025809 -0.3088918 -4.65661E-10 -0.5585056 0.7980353 0.2262986 0.1584063 0.3828698 0.005994869 0.9237829 0.0 0.0 0.0 0.0 1.0
Head 0.2744381 -0.8835366 0.3795348 1.19209E-7 0.9532098 0.3019956 0.01377243 0.07431257 -0.1267863 0.3579966 0.9250749 -2.98023E-8 0.0 0.0 0.0 1.0
LeftShoulder -0.9997585 0.009684365 -0.01972345 -0.01398024 0.01699102 -0.2284245 -0.9734133 0.1443802 -0.01393221 -0.9735136 0.2282048 -0.05705015 0.0 0.0 0.0 1.0
LeftArm 0.9999123 0.01224618 0.005017348 0.0 -0.01224608 0.7124448 0.7016214 0.1790588 0.0050176 -0.7016214 0.7125324 -1.19209E-7 0.0 0.0 0.0 1.0
LeftForeArm 0.9998477 0.0030218 -0.01718895 3.72529E-9 1.6168E-8 0.9848965 0.1731447 0.2785366 0.01745255 -0.1731183 0.9847464 -1.19209E-7 0.0 0.0 0.0 1.0
LeftHand 0.9960173 -0.08643602 0.02187076 0.0 0.0890488 0.9766322 -0.195601 0.2080489 -0.004452711 0.1967696 0.9804397 0.0 0.0 0.0 0.0 1.0
LeftHandIndex1 0.9986326 0.04752333 -0.02178185 0.0 -0.04810962 0.9984708 -0.02723343 0.1217247 0.02045432 0.02824406 0.9993918 1.19209E-7 0.0 0.0 0.0 1.0
LeftHandIndex2 0.9895962 0.098123 -0.1052213 1.86265E-9 -0.08920577 0.9922628 0.08635251 0.0364126 0.1128804 -0.07606781 0.9906925 -1.19209E-7 0.0 0.0 0.0 1.0
LeftHandIndex3 0.9915296 -0.1298406 0.003238723 0.0 0.1298446 0.9915338 -0.001073599 0.04258025 -0.003071912 0.001485024 0.9999941 0.0 0.0 0.0 0.0 1.0
RightShoulder 0.9999428 -0.009685943 0.004534798 -0.01510195 0.002202514 -0.2284245 -0.973559 0.1443802 0.0104657 0.9735135 -0.22839 0.05569967 0.0 0.0 0.0 1.0
RightArm 0.9818867 -0.00179363 0.1894603 -4.65661E-10 0.1513134 0.609233 -0.7784212 0.1790588 -0.1140292 0.7929893 0.598469 0.0 0.0 0.0 0.0 1.0
RightForeArm 0.4972742 0.0330385 0.8669642 0.0 -0.1637119 0.9848963 0.05636934 0.2785366 -0.8520076 -0.1699634 0.4951723 0.0 0.0 0.0 0.0 1.0
RightHand 0.9139904 -0.1579094 -0.3737462 -1.19209E-7 0.08867864 0.9766322 -0.1957691 0.2080491 0.3959264 0.1457877 0.9066356 2.98023E-8 0.0 0.0 0.0 1.0
RightHandIndex1 -0.3912563 -0.05254023 0.9187807 0.0 -0.03642558 0.9984705 0.04158577 0.1217248 -0.9195606 -0.01719643 -0.3925716 0.0 0.0 0.0 0.0 1.0
RightHandIndex2 0.1044346 0.1177304 -0.9875388 0.0 -0.05184775 0.9922628 0.1128106 0.03641254 0.9931792 0.03942031 0.1097306 0.0 0.0 0.0 0.0 1.0
RightHandIndex3 -0.8397201 0.04169601 -0.5414163 0.0 -0.03191818 0.991534 0.1258649 0.04258025 0.5420805 0.1229723 -0.8312802 0.0 0.0 0.0 0.0 1.0
LeftUpLeg -0.9980947 0.003594805 -0.06159676 -0.004150655 0.01891172 -0.9324296 -0.3608564 -0.06948018 -0.05873185 -0.3613338 0.930585 -0.08787922 0.0 0.0 0.0 1.0
LeftLeg 0.9823681 0.1485732 -0.1134862 4.65661E-10 -0.1484906 0.9888709 0.009227943 0.4013815 0.1135942 0.007786405 0.9934969 -7.45058E-9 0.0 0.0 0.0 1.0
LeftFoot -0.346792 -0.5204352 -0.7803095 0.0 -0.2458225 0.8532887 -0.4598587 0.4440999 0.9051556 0.0323424 -0.4238482 0.0 0.0 0.0 0.0 1.0
LeftToeBase 0.563718 0.4205404 0.7108922 7.45058E-9 0.5492613 0.4519347 -0.7028989 0.1699878 -0.6168743 0.7867023 0.02377726 -1.49012E-8 0.0 0.0 0.0 1.0
RightUpLeg -0.9969133 -0.004962216 -0.07835428 -0.005887665 -0.03479487 -0.8667144 0.4975897 -0.06948018 -0.07037993 0.4987801 0.8638663 0.08671818 0.0 0.0 0.0 1.0
RightLeg 0.9750737 0.1484147 -0.1649376 0.0 -0.1480781 0.9888708 0.01440454 0.4013815 0.1652399 0.01037817 0.9861988 0.0 0.0 0.0 0.0 1.0
RightFoot -0.3149914 -0.5189893 -0.7946261 0.0 -0.2458225 0.8532887 -0.4598586 0.4440999 0.916707 0.05048563 -0.3963579 0.0 0.0 0.0 0.0 1.0
RightToeBase 0.6349384 0.4205406 0.6480733 -7.45058E-9 0.4727795 0.4519347 -0.7564619 0.1699878 -0.6110097 0.7867026 0.08812764 3.72529E-9 0.0 0.0 0.0 1.0
Time 0.2
Hips 0.9999505 0.0 0.009948213 0.006861079 0.009948213 0.0 -0.9999505 -5.30556E-4 0.0 1.0 0.0 1.089459 0.0 0.0 0.0 1.0
Spine 1.0 0.0 0.0 -4.65661E-10 0.0 1.0 0.0 0.08270144 0.0 0.0 1.0 0.0 0.0 0.0 0.0 1.0
Spine1 1.0 0.0 0.0 -4.65661E-10 0.0 1.0 0.0 0.0960958 0.0 0.0 1.0 0.0 0.0 0.0 0.0 1.0
Spine2 1.0 0.0 0.0 0.0 0.0 1.0 0.0 0.152944 0.0 0.0 1.0 0.0 0.0 0.0 0.0 1.0
Neck 0.7358547 0.6025809 -0.3088918 -4.65661E-10 -0.5585056 0.7980353 0.2262986 0.1584063 0.3828698 0.005994869 0.9237829 0.0 0.0 0.0 0.0 1.0
Head 0.8483446 -0.3604188 0.387827 1.19209E-7 0.3888404 0.921288 0.00561818 0.07431257 -0.3593253 0.1460367 0.921715 -2.98023E-8 0.0 0.0 0.0 1.0
LeftShoulder -0.9997585 0.009684365 -0.01972345 -0.01398024 0.01699102 -0.2284245 -0.9734133 0.1443802 -0.01393221 -0.9735136 0.2282048 -0.05705015 0.0 0.0 0.0 1.0
LeftArm 0.9999964 0.002631221 1.9967E-4 0.0 -0.002631243 0.9885626 0.1507888 0.1790588 1.99378E-4 -0.1507887 0.9885659 -1.19209E-7 0.0 0.0 0.0 1.0
LeftForeArm 0.9998477 0.0030218 -0.01718895 3.72529E-9 1.6168E-8 0.9848965 0.1731447 0.2785366 0.01745255 -0.1731183 0.9847464 -1.19209E-7 0.0 0.0 0.0 1.0
LeftHand 0.9960173 -0.08643602 0.02187076 0.0 0.0890488 0.9766322 -0.195601 0.2080489 -0.004452711 0.1967696 0.9804397 0.0 0.0 0.0 0.0 1.0
LeftHandIndex1 0.9986326 0.04752333 -0.02178185 0.0 -0.04810962 0.9984708 -0.02723343 0.1217247 0.02045432 0.02824406 0.9993918 1.19209E-7 0.0 0.0 0.0 1.0
LeftHandIndex2 0.9895962 0.098123 -0.1052213 1.86265E-9 -0.08920577 0.9922628 0.08635251 0.0364126 0.1128804 -0.07606781 0.9906925 -1.19209E-7 0.0 0.0 0.0 1.0
LeftHandIndex3 0.9915296 -0.1298406 0.003238723 0.0 0.1298446 0.9915338 -0.001073599 0.04258025 -0.003071912 0.001485024 0.9999941 0.0 0.0 0.0 0.0 1.0
RightShoulder 0.9999428 -0.009685943 0.004534798 -0.01510195 0.002202514 -0.2284245 -0.973559 0.1443802 0.0104657 0.9735135 -0.22839 0.05569967 0.0 0.0 0.0 1.0
RightArm 0.9820504 3.41993E-4 0.1886185 -4.65661E-10 -0.02877779 0.9885626 0.1480405 0.1790588 -0.1864105 -0.1508112 0.9708279 0.0 0.0 0.0 0.0 1.0
RightForeArm 0.4972742 0.0330385 0.8669642 0.0 -0.1637119 0.9848963 0.05636934 0.2785366 -0.8520076 -0.1699634 0.4951723 0.0 0.0 0.0 0.0 1.0
RightHand 0.9139904 -0.1579094 -0.3737462 -1.19209E-7 0.08867864 0.9766322 -0.1957691 0.2080491 0.3959264 0.1457877 0.9066356 2.98023E-8 0.0 0.0 0.0 1.0
RightHandIndex1 -0.3912563 -0.05254023 0.9187807 0.0 -0.03642558 0.9984705 0.04158577 0.1217248 -0.9195606 -0.01719643 -0.3925716 0.0 0.0 0.0 0.0 1.0
RightHandIndex2 0.1044346 0.1177304 -0.9875388 0.0 -0.05184775 0.9922628 0.1128106 0.03641254 0.9931792 0.03942031 0.1097306 0.0 0.0 0.0 0.0 1.0
RightHandIndex3 -0.8397201 0.04169601 -0.5414163 0.0 -0.03191818 0.991534 0.1258649 0.04258025 0.5420805 0.1229723 -0.8312802 0.0 0.0 0.0 0.0 1.0
LeftUpLeg -0.9980595 0.0 -0.06226804 -0.004150655 0.0 -1.0 0.0 -0.06948018 -0.06226804 0.0 0.9980595 -0.08787922 0.0 0.0 0.0 1.0
LeftLeg 0.9823681 0.1485732 -0.1134862 4.65661E-10 -0.1484906 0.9888709 0.009227943 0.4013815 0.1135942 0.007786405 0.9934969 -7.45058E-9 0.0 0.0 0.0 1.0
LeftFoot -0.346792 -0.5204352 -0.7803095 0.0 -0.2458225 0.8532887 -0.4598587 0.4440999 0.9051556 0.0323424 -0.4238482 0.0 0.0 0.0 0.0 1.0
LeftToeBase 0.563718 0.4205404 0.7108922 7.45058E-9 0.5492613 0.4519347 -0.7028989 0.1699878 -0.6168743 0.7867023 0.02377726 -1.49012E-8 0.0 0.0 0.0 1.0
RightUpLeg -0.9968207 0.0 -0.07967701 -0.005887665 0.0 -1.0 0.0 -0.06948018 -0.07967701 0.0 0.9968207 0.08671818 0.0 0.0 0.0 1.0
RightLeg 0.9750737 0.1484147 -0.1649376 0.0 -0.1480781 0.9888708 0.01440454 0.4013815 0.1652399 0.01037817 0.9861988 0.0 0.0 0.0 0.0 1.0
RightFoot -0.3149914 -0.5189893 -0.7946261 0.0 -0.2458225 0.8532887 -0.4598586 0.4440999 0.916707 0.05048563 -0.3963579 0.0 0.0 0.0 0.0 1.0
RightToeBase 0.6349384 0.4205406 0.6480733 -7.45058E-9 0.4727795 0.4519347 -0.7564619 0.1699878 -0.6110097 0.7867026 0.08812764 3.72529E-9 0.0 0.0 0.0 1.0
