Root_Bone_Name Hips
Num_Keyframes 3
Num_Bones 34
Time_Wrapping_Mode LOOP
Time 0.0
Hips 1.0 -2.20202E-5 2.22726E-5 0.0 2.202E-5 -0.01140644 -0.9999349 0.007925 2.22728E-5 0.9999349 -0.0114063 1.04503 0.0 0.0 0.0 1.0
Spine 1.0 2.20203E-5 -2.22725E-5 0.0 -2.20202E-5 1.0 6.65896E-6 0.0908258 2.22726E-5 -6.65803E-6 1.0 0.0 0.0 0.0 0.0 1.0
Spine1 1.0 -8.59356E-13 3.63746E-12 -2.27374E-13 8.68084E-13 0.9999999 -4.21051E-6 0.1059669 -3.63798E-12 4.21144E-6 1.0 0.0 0.0 0.0 0.0 1.0
Spine2 1.0 2.36113E-13 4.79495E-16 0.0 -1.137E-13 0.9999999 -2.44658E-6 0.1210979 0.0 2.44845E-6 1.0 0.0 0.0 0.0 0.0 1.0
Neck 1.0 -1.00796E-13 3.3865E-14 0.0 1.14838E-13 0.9667776 -0.2556186 0.1362387 -5.6778E-15 0.2556186 0.9667776 3.72529E-9 0.0 0.0 0.0 1.0
Head 1.0 8.77544E-15 0.0 0.0 0.0 1.0 -4.76241E-5 0.05033207 3.55195E-15 4.76539E-5 1.0 -2.98023E-8 0.0 0.0 0.0 1.0
LeftShoulder 0.003430388 0.9716848 -0.2362556 0.074602 -2.07312E-4 -0.2362563 -0.9716908 0.1202804 -0.9999941 0.003382131 -6.0901E-4 2.36046E-4 0.0 0.0 0.0 1.0
LeftArm 0.9999675 0.007966843 0.001277972 0.0 -0.0080685 0.9884207 0.1515246 0.1571868 -5.60032E-5 -0.15153 0.9884527 0.0 0.0 0.0 0.0 1.0
LeftForeArm 0.9996154 -0.02743752 -0.004058094 0.0 0.02773596 0.9891019 0.1445963 0.2433179 4.65065E-5 -0.1446533 0.9894824 0.0 0.0 0.0 0.0 1.0
LeftHand 0.9970336 5.47082E-6 -0.07696809 1.86265E-9 -7.18003E-6 0.9999999 -2.19308E-5 0.2210218 0.07696807 2.24598E-5 0.9970335 -1.19209E-7 0.0 0.0 0.0 1.0
LeftHandIndex1 0.9883412 -0.1423999 -0.05388938 0.00141868 0.1404722 0.989354 -0.0380303 0.1204929 0.0587312 0.03001696 0.9978224 0.01899123 0.0 0.0 0.0 1.0
LeftHandIndex2 0.9999951 0.002944889 -0.001115605 1.86265E-8 -0.003008486 0.9980657 -0.0620949 0.03294855 9.3057E-4 0.06209793 0.9980696 0.0 0.0 0.0 0.0 1.0
LeftHandIndex3 0.9998772 6.16463E-5 -0.01567074 2.6077E-8 -6.51923E-5 0.9999999 -2.26691E-4 0.03357917 0.01567074 2.27744E-4 0.9998773 1.19209E-7 0.0 0.0 0.0 1.0
LeftHandThumb1 0.7109648 -0.606867 0.355305 -0.02609302 0.6889428 0.4997616 -0.5249726 0.0214889 0.1410208 0.6180219 0.7734095 0.02657545 0.0 0.0 0.0 1.0
LeftHandThumb2 0.995532 -0.0325416 0.08863995 -2.98023E-8 0.04799335 0.9828218 -0.1782077 0.03439733 -0.08131802 0.1816656 0.9799924 1.19209E-7 0.0 0.0 0.0 1.0
LeftHandThumb3 -0.3318359 4.51356E-5 0.943337 0.0 8.2463E-5 0.9999999 -1.87755E-5 0.04414237 -0.9433371 7.15554E-5 -0.3318359 -1.19209E-7 0.0 0.0 0.0 1.0
RightShoulder 0.002011833 -0.9716843 0.2362749 -0.074604 2.24638E-4 -0.236275 -0.9716862 0.1202792 0.9999981 0.002008098 -2.57066E-4 1.27051E-4 0.0 0.0 0.0 1.0
RightArm 0.9999594 -0.008905919 -0.00143487 0.0 0.009020504 0.9884136 0.1515154 0.1571848 6.8862E-5 -0.1515221 0.9884537 -1.19209E-7 0.0 0.0 0.0 1.0
RightForeArm 0.9993905 0.03453734 0.005096931 0.0 -0.03491138 0.9888688 0.1446364 0.2433216 -4.48404E-5 -0.1447262 0.9894717 0.0 0.0 0.0 0.0 1.0
RightHand -0.01997891 -1.40214E-5 0.9998003 0.0 1.3072E-5 1.0 1.428E-5 0.2210494 -0.9998003 1.33775E-5 -0.01997891 -1.19209E-7 0.0 0.0 0.0 1.0
RightHandIndex1 0.08311782 -0.1375854 -0.9869962 -0.01598489 -0.09577303 0.9847358 -0.1453357 0.122717 0.9919268 0.1066076 0.06867214 -4.34049E-4 0.0 0.0 0.0 1.0
RightHandIndex2 0.9999799 0.005677964 -0.002838537 -3.72529E-9 -0.005454919 0.9973002 0.07322985 0.03529185 0.003246665 -0.07321292 0.9973109 1.19209E-7 0.0 0.0 0.0 1.0
RightHandIndex3 0.9998887 7.18594E-6 0.01491903 -1.76951E-8 -1.17657E-5 0.9999999 3.07385E-4 0.03171402 -0.01491902 -3.07556E-4 0.9998887 0.0 0.0 0.0 0.0 1.0
RightHandThumb1 0.1887252 -0.5457944 -0.8163893 -0.02159917 -0.6552679 0.5492063 -0.5186487 0.0217337 0.7314414 0.6328357 -0.2539924 0.02504515 0.0 0.0 0.0 1.0
RightHandThumb2 0.9580837 0.08938427 -0.272188 0.0 -0.160436 0.9545295 -0.2512643 0.03165892 0.2373523 0.2844009 0.9288593 0.0 0.0 0.0 0.0 1.0
RightHandThumb3 0.9992176 1.26213E-5 -0.03955057 0.0 -1.37545E-5 1.0 -2.84314E-5 0.04512745 0.03955061 2.89381E-5 0.9992175 1.19209E-7 0.0 0.0 0.0 1.0
LeftUpLeg -0.999961 -0.008956166 -1.12027E-4 0.07555851 0.008953244 -0.9992104 -0.03870757 -0.05019176 2.44081E-4 -0.0387054 0.999271 0.01711829 0.0 0.0 0.0 1.0
LeftLeg 0.9999961 0.002805723 -5.19918E-5 -7.45058E-9 -0.002802939 0.9995539 0.02973776 0.4532723 1.35405E-4 -0.0297375 0.9995577 3.72529E-9 0.0 0.0 0.0 1.0
LeftFoot 0.9991453 0.034275 0.02311167 0.0 -2.52575E-6 0.5591254 -0.829083 0.4083858 -0.04133913 0.8283743 0.5586475 -3.72529E-9 0.0 0.0 0.0 1.0
LeftToeBase 0.9986042 9.70066E-6 0.05281726 0.0 -1.05873E-5 1.0 1.65701E-5 0.2128072 -0.05281727 -1.71661E-5 0.9986042 0.0 0.0 0.0 0.0 1.0
RightUpLeg -0.9999611 0.00890371 1.51992E-5 -0.07556558 -0.008888487 -0.99825 -0.05846924 -0.05014277 -5.15401E-4 -0.05846319 0.9983223 0.02111666 0.0 0.0 0.0 1.0
RightLeg 0.999996 -0.002826619 9.21714E-5 -7.45058E-9 0.00282743 0.9999411 -0.01046896 0.4538124 -6.25742E-5 0.01046917 0.9999452 -7.45058E-9 0.0 0.0 0.0 1.0
RightFoot 0.9990642 -0.03501127 -0.0253951 0.0 -1.15111E-6 0.587127 -0.8094949 0.4078031 0.04325159 0.8087374 0.5865775 -3.72529E-9 0.0 0.0 0.0 1.0
RightToeBase 0.9988624 -1.24797E-7 -0.04768417 0.0 6.84522E-7 1.0 1.17421E-5 0.2092163 0.04768417 -1.17719E-5 0.9988624 0.0 0.0 0.0 0.0 1.0
Time 1.0
Hips 1.0 -2.20202E-5 2.22726E-5 0.0 2.202E-5 -0.01140644 -0.9999349 0.007925 2.22728E-5 0.9999349 -0.0114063 1.04503 0.0 0.0 0.0 1.0
Spine 1.0 2.20203E-5 -2.22725E-5 0.0 -2.20202E-5 1.0 6.65896E-6 0.0908258 2.22726E-5 -6.65803E-6 1.0 0.0 0.0 0.0 0.0 1.0
Spine1 1.0 -8.59356E-13 3.63746E-12 -2.27374E-13 8.68084E-13 0.9999999 -4.21051E-6 0.1059669 -3.63798E-12 4.21144E-6 1.0 0.0 0.0 0.0 0.0 1.0
Spine2 1.0 2.36113E-13 4.79495E-16 0.0 -1.137E-13 0.9999999 -2.44658E-6 0.1210979 0.0 2.44845E-6 1.0 0.0 0.0 0.0 0.0 1.0
Neck 1.0 -1.00796E-13 3.3865E-14 0.0 1.14838E-13 0.9667776 -0.2556186 0.1362387 -5.6778E-15 0.2556186 0.9667776 3.72529E-9 0.0 0.0 0.0 1.0
Head 1.0 1.01465E-12 6.04247E-13 0.0 -1.16643E-12 0.905404 0.424551 0.05033207 -1.12765E-13 -0.424551 0.9054041 -2.98023E-8 0.0 0.0 0.0 1.0
LeftShoulder 0.003430388 0.9716848 -0.2362556 0.074602 -2.07312E-4 -0.2362563 -0.9716908 0.1202804 -0.9999941 0.003382131 -6.0901E-4 2.36046E-4 0.0 0.0 0.0 1.0
LeftArm 0.999863 0.01530266 0.006297275 0.0 -0.01419186 0.5972905 0.8018996 0.1571868 0.008509889 -0.801879 0.5974258 0.0 0.0 0.0 0.0 1.0
LeftForeArm 0.9996154 -0.02743752 -0.004058094 0.0 0.02773596 0.9891019 0.1445963 0.2433179 4.65065E-5 -0.1446533 0.9894824 0.0 0.0 0.0 0.0 1.0
LeftHand 0.9970336 5.47082E-6 -0.07696809 1.86265E-9 -7.18003E-6 0.9999999 -2.19308E-5 0.2210218 0.07696807 2.24598E-5 0.9970335 -1.19209E-7 0.0 0.0 0.0 1.0
LeftHandIndex1 0.9883412 -0.1423999 -0.05388938 0.00141868 0.1404722 0.989354 -0.0380303 0.1204929 0.0587312 0.03001696 0.9978224 0.01899123 0.0 0.0 0.0 1.0
LeftHandIndex2 0.9999951 0.002944889 -0.001115605 1.86265E-8 -0.003008486 0.9980657 -0.0620949 0.03294855 9.3057E-4 0.06209793 0.9980696 0.0 0.0 0.0 0.0 1.0
LeftHandIndex3 0.9998772 6.16463E-5 -0.01567074 2.6077E-8 -6.51923E-5 0.9999999 -2.26691E-4 0.03357917 0.01567074 2.27744E-4 0.9998773 1.19209E-7 0.0 0.0 0.0 1.0
LeftHandThumb1 0.7109648 -0.606867 0.355305 -0.02609302 0.6889428 0.4997616 -0.5249726 0.0214889 0.1410208 0.6180219 0.7734095 0.02657545 0.0 0.0 0.0 1.0
LeftHandThumb2 0.995532 -0.0325416 0.08863995 -2.98023E-8 0.04799335 0.9828218 -0.1782077 0.03439733 -0.08131802 0.1816656 0.9799924 1.19209E-7 0.0 0.0 0.0 1.0
LeftHandThumb3 -0.3318359 4.51356E-5 0.943337 0.0 8.2463E-5 0.9999999 -1.87755E-5 0.04414237 -0.9433371 7.15554E-5 -0.3318359 -1.19209E-7 0.0 0.0 0.0 1.0
RightShoulder 0.002011833 -0.9716843 0.2362749 -0.074604 2.24638E-4 -0.236275 -0.9716862 0.1202792 0.9999981 0.002008098 -2.57066E-4 1.27051E-4 0.0 0.0 0.0 1.0
RightArm 0.9999816 0.001242436 -0.005958335 0.0 -0.005354295 0.6450832 -0.7640934 0.1571848 0.002894285 0.7641112 0.6450779 -1.19209E-7 0.0 0.0 0.0 1.0
RightForeArm 0.9993905 0.03453734 0.005096931 0.0 -0.03491138 0.9888688 0.1446364 0.2433216 -4.48404E-5 -0.1447262 0.9894717 0.0 0.0 0.0 0.0 1.0
RightHand -0.01997891 -1.40214E-5 0.9998003 0.0 1.3072E-5 1.0 1.428E-5 0.2210494 -0.9998003 1.33775E-5 -0.01997891 -1.19209E-7 0.0 0.0 0.0 1.0
RightHandIndex1 0.08311782 -0.1375854 -0.9869962 -0.01598489 -0.09577303 0.9847358 -0.1453357 0.122717 0.9919268 0.1066076 0.06867214 -4.34049E-4 0.0 0.0 0.0 1.0
RightHandIndex2 0.9999799 0.005677964 -0.002838537 -3.72529E-9 -0.005454919 0.9973002 0.07322985 0.03529185 0.003246665 -0.07321292 0.9973109 1.19209E-7 0.0 0.0 0.0 1.0
RightHandIndex3 0.9998887 7.18594E-6 0.01491903 -1.76951E-8 -1.17657E-5 0.9999999 3.07385E-4 0.03171402 -0.01491902 -3.07556E-4 0.9998887 0.0 0.0 0.0 0.0 1.0
RightHandThumb1 0.1887252 -0.5457944 -0.8163893 -0.02159917 -0.6552679 0.5492063 -0.5186487 0.0217337 0.7314414 0.6328357 -0.2539924 0.02504515 0.0 0.0 0.0 1.0
RightHandThumb2 0.9580837 0.08938427 -0.272188 0.0 -0.160436 0.9545295 -0.2512643 0.03165892 0.2373523 0.2844009 0.9288593 0.0 0.0 0.0 0.0 1.0
RightHandThumb3 0.9992176 1.26213E-5 -0.03955057 0.0 -1.37545E-5 1.0 -2.84314E-5 0.04512745 0.03955061 2.89381E-5 0.9992175 1.19209E-7 0.0 0.0 0.0 1.0
LeftUpLeg -0.9443545 0.3285036 0.0167961 0.07386855 -0.3289074 -0.9436833 -0.03579904 -0.05158752 0.00409977 -0.039333 0.9992381 0.01713417 0.0 0.0 0.0 1.0
LeftLeg 0.9999961 0.002805723 -5.19918E-5 -7.45058E-9 -0.002802939 0.9995539 0.02973776 0.4532723 1.35405E-4 -0.0297375 0.9995577 3.72529E-9 0.0 0.0 0.0 1.0
LeftFoot 0.9991453 0.034275 0.02311167 0.0 -2.52575E-6 0.5591254 -0.829083 0.4083858 -0.04133913 0.8283743 0.5586475 -3.72529E-9 0.0 0.0 0.0 1.0
LeftToeBase 0.9986042 9.70066E-6 0.05281726 0.0 -1.05873E-5 1.0 1.65701E-5 0.2128072 -0.05281727 -1.71661E-5 0.9986042 0.0 0.0 0.0 0.0 1.0
RightUpLeg -0.9644069 -0.2637379 -0.01905373 -0.07645228 0.2644013 -0.962796 -0.05582512 -0.04918551 -0.003632933 -0.05887499 0.9982916 0.02110573 0.0 0.0 0.0 1.0
RightLeg 0.999996 -0.002826619 9.21714E-5 -7.45058E-9 0.00282743 0.9999411 -0.01046896 0.4538124 -6.25742E-5 0.01046917 0.9999452 -7.45058E-9 0.0 0.0 0.0 1.0
RightFoot 0.9990642 -0.03501127 -0.0253951 0.0 -1.15111E-6 0.587127 -0.8094949 0.4078031 0.04325159 0.8087374 0.5865775 -3.72529E-9 0.0 0.0 0.0 1.0
RightToeBase 0.9988624 -1.24797E-7 -0.04768417 0.0 6.84522E-7 1.0 1.17421E-5 0.2092163 0.04768417 -1.17719E-5 0.9988624 0.0 0.0 0.0 0.0 1.0
Time 2.0
Hips 1.0 -2.20202E-5 2.22726E-5 0.0 2.202E-5 -0.01140644 -0.9999349 0.007925 2.22728E-5 0.9999349 -0.0114063 1.04503 0.0 0.0 0.0 1.0
Spine 1.0 2.20203E-5 -2.22725E-5 0.0 -2.20202E-5 1.0 6.65896E-6 0.0908258 2.22726E-5 -6.65803E-6 1.0 0.0 0.0 0.0 0.0 1.0
Spine1 1.0 -8.59356E-13 3.63746E-12 -2.27374E-13 8.68084E-13 0.9999999 -4.21051E-6 0.1059669 -3.63798E-12 4.21144E-6 1.0 0.0 0.0 0.0 0.0 1.0
Spine2 1.0 2.36113E-13 4.79495E-16 0.0 -1.137E-13 0.9999999 -2.44658E-6 0.1210979 0.0 2.44845E-6 1.0 0.0 0.0 0.0 0.0 1.0
Neck 1.0 -1.00796E-13 3.3865E-14 0.0 1.14838E-13 0.9667776 -0.2556186 0.1362387 -5.6778E-15 0.2556186 0.9667776 3.72529E-9 0.0 0.0 0.0 1.0
Head 1.0 8.77544E-15 0.0 0.0 0.0 1.0 -4.76241E-5 0.05033207 3.55195E-15 4.76539E-5 1.0 -2.98023E-8 0.0 0.0 0.0 1.0
LeftShoulder 0.003430388 0.9716848 -0.2362556 0.074602 -2.07312E-4 -0.2362563 -0.9716908 0.1202804 -0.9999941 0.003382131 -6.0901E-4 2.36046E-4 0.0 0.0 0.0 1.0
LeftArm 0.9999675 0.007966843 0.001277972 0.0 -0.0080685 0.9884207 0.1515246 0.1571868 -5.60032E-5 -0.15153 0.9884527 0.0 0.0 0.0 0.0 1.0
LeftForeArm 0.9996154 -0.02743752 -0.004058094 0.0 0.02773596 0.9891019 0.1445963 0.2433179 4.65065E-5 -0.1446533 0.9894824 0.0 0.0 0.0 0.0 1.0
LeftHand 0.9970336 5.47082E-6 -0.07696809 1.86265E-9 -7.18003E-6 0.9999999 -2.19308E-5 0.2210218 0.07696807 2.24598E-5 0.9970335 -1.19209E-7 0.0 0.0 0.0 1.0
LeftHandIndex1 0.9883412 -0.1423999 -0.05388938 0.00141868 0.1404722 0.989354 -0.0380303 0.1204929 0.0587312 0.03001696 0.9978224 0.01899123 0.0 0.0 0.0 1.0
LeftHandIndex2 0.9999951 0.002944889 -0.001115605 1.86265E-8 -0.003008486 0.9980657 -0.0620949 0.03294855 9.3057E-4 0.06209793 0.9980696 0.0 0.0 0.0 0.0 1.0
LeftHandIndex3 0.9998772 6.16463E-5 -0.01567074 2.6077E-8 -6.51923E-5 0.9999999 -2.26691E-4 0.03357917 0.01567074 2.27744E-4 0.9998773 1.19209E-7 0.0 0.0 0.0 1.0
LeftHandThumb1 0.7109648 -0.606867 0.355305 -0.02609302 0.6889428 0.4997616 -0.5249726 0.0214889 0.1410208 0.6180219 0.7734095 0.02657545 0.0 0.0 0.0 1.0
LeftHandThumb2 0.995532 -0.0325416 0.08863995 -2.98023E-8 0.04799335 0.9828218 -0.1782077 0.03439733 -0.08131802 0.1816656 0.9799924 1.19209E-7 0.0 0.0 0.0 1.0
LeftHandThumb3 -0.3318359 4.51356E-5 0.943337 0.0 8.2463E-5 0.9999999 -1.87755E-5 0.04414237 -0.9433371 7.15554E-5 -0.3318359 -1.19209E-7 0.0 0.0 0.0 1.0
RightShoulder 0.002011833 -0.9716843 0.2362749 -0.074604 2.24638E-4 -0.236275 -0.9716862 0.1202792 0.9999981 0.002008098 -2.57066E-4 1.27051E-4 0.0 0.0 0.0 1.0
RightArm 0.9999594 -0.008905919 -0.00143487 0.0 0.009020504 0.9884136 0.1515154 0.1571848 6.8862E-5 -0.1515221 0.9884537 -1.19209E-7 0.0 0.0 0.0 1.0
RightForeArm 0.9993905 0.03453734 0.005096931 0.0 -0.03491138 0.9888688 0.1446364 0.2433216 -4.48404E-5 -0.1447262 0.9894717 0.0 0.0 0.0 0.0 1.0
RightHand -0.01997891 -1.40214E-5 0.9998003 0.0 1.3072E-5 1.0 1.428E-5 0.2210494 -0.9998003 1.33775E-5 -0.01997891 -1.19209E-7 0.0 0.0 0.0 1.0
RightHandIndex1 0.08311782 -0.1375854 -0.9869962 -0.01598489 -0.09577303 0.9847358 -0.1453357 0.122717 0.9919268 0.1066076 0.06867214 -4.34049E-4 0.0 0.0 0.0 1.0
RightHandIndex2 0.9999799 0.005677964 -0.002838537 -3.72529E-9 -0.005454919 0.9973002 0.07322985 0.03529185 0.003246665 -0.07321292 0.9973109 1.19209E-7 0.0 0.0 0.0 1.0
RightHandIndex3 0.9998887 7.18594E-6 0.01491903 -1.76951E-8 -1.17657E-5 0.9999999 3.07385E-4 0.03171402 -0.01491902 -3.07556E-4 0.9998887 0.0 0.0 0.0 0.0 1.0
RightHandThumb1 0.1887252 -0.5457944 -0.8163893 -0.02159917 -0.6552679 0.5492063 -0.5186487 0.0217337 0.7314414 0.6328357 -0.2539924 0.02504515 0.0 0.0 0.0 1.0
RightHandThumb2 0.9580837 0.08938427 -0.272188 0.0 -0.160436 0.9545295 -0.2512643 0.03165892 0.2373523 0.2844009 0.9288593 0.0 0.0 0.0 0.0 1.0
RightHandThumb3 0.9992176 1.26213E-5 -0.03955057 0.0 -1.37545E-5 1.0 -2.84314E-5 0.04512745 0.03955061 2.89381E-5 0.9992175 1.19209E-7 0.0 0.0 0.0 1.0
LeftUpLeg -0.999961 -0.008956166 -1.12027E-4 0.07386855 0.008953244 -0.9992104 -0.03870757 -0.05158752 2.44081E-4 -0.0387054 0.999271 0.01713417 0.0 0.0 0.0 1.0
LeftLeg 0.9999961 0.002805723 -5.19918E-5 -7.45058E-9 -0.002802939 0.9995539 0.02973776 0.4532723 1.35405E-4 -0.0297375 0.9995577 3.72529E-9 0.0 0.0 0.0 1.0
LeftFoot 0.9991453 0.034275 0.02311167 0.0 -2.52575E-6 0.5591254 -0.829083 0.4083858 -0.04133913 0.8283743 0.5586475 -3.72529E-9 0.0 0.0 0.0 1.0
LeftToeBase 0.9986042 9.70066E-6 0.05281726 0.0 -1.05873E-5 1.0 1.65701E-5 0.2128072 -0.05281727 -1.71661E-5 0.9986042 0.0 0.0 0.0 0.0 1.0
RightUpLeg -0.9999611 0.00890371 1.51992E-5 -0.07645228 -0.008888487 -0.99825 -0.05846924 -0.04918551 -5.15401E-4 -0.05846319 0.9983223 0.02110573 0.0 0.0 0.0 1.0
RightLeg 0.999996 -0.002826619 9.21714E-5 -7.45058E-9 0.00282743 0.9999411 -0.01046896 0.4538124 -6.25742E-5 0.01046917 0.9999452 -7.45058E-9 0.0 0.0 0.0 1.0
RightFoot 0.9990642 -0.03501127 -0.0253951 0.0 -1.15111E-6 0.587127 -0.8094949 0.4078031 0.04325159 0.8087374 0.5865775 -3.72529E-9 0.0 0.0 0.0 1.0
RightToeBase 0.9988624 -1.24797E-7 -0.04768417 0.0 6.84522E-7 1.0 1.17421E-5 0.2092163 0.04768417 -1.17719E-5 0.9988624 0.0 0.0 0.0 0.0 1.0
