Root_Bone_Name Torso
Num_Keyframes 3
Num_Bones 16
Time_Wrapping_Mode LOOP
Time 0
Torso -2.8213E-7 0.0 -1.0 0.0 -1.0 0.0 2.8213E-7 0.0 0.0 0.9999999 0.0 1.00475 0.0 0.0 0.0 1.0
Shoulder_R -1.0 2.31212E-7 -9.28199E-8 0.0 -1.46432E-7 -0.2440075 0.9697734 0.5655811 2.01574E-7 0.9697734 0.2440075 0.0 0.0 0.0 0.0 1.0
Upper_Arm_R 1.0 2.95869E-7 3.74839E-5 1.42109E-14 -3.30111E-5 0.4807087 0.8768803 0.2280482 -1.77594E-5 -0.8768805 0.4807087 0.0 0.0 0.0 0.0 1.0
Lower_Arm_R 1.0 5.52378E-6 -3.1711E-5 0.0 -8.12012E-7 0.989181 0.1467002 0.2496952 3.21782E-5 -0.1467002 0.989181 0.0 0.0 0.0 0.0 1.0
Hand_R 1.0 7.17364E-7 -6.39516E-6 0.0 1.40503E-7 0.9910967 0.1331446 0.2283604 6.43373E-6 -0.1331446 0.9910966 -2.98023E-8 0.0 0.0 0.0 1.0
Shoulder_L 1.0 -2.30324E-7 -2.89193E-7 0.0 2.11367E-7 -0.2855999 0.958349 0.5655811 -3.03324E-7 -0.9583489 -0.2855999 0.0 0.0 0.0 0.0 1.0
Upper_Arm_L 1.0 -2.83873E-7 5.06744E-8 0.0 1.16616E-7 0.5588384 0.8292766 0.2248114 -2.63728E-7 -0.8292766 0.5588384 0.0 0.0 0.0 0.0 1.0
Lower_Arm_L 1.0 -1.60841E-8 -2.13744E-7 -7.10543E-15 6.35254E-8 0.9746205 0.2238633 0.2769328 2.04719E-7 -0.2238633 0.9746206 0.0 0.0 0.0 0.0 1.0
Hand_L 1.0 -2.77466E-8 4.58494E-7 7.10543E-15 -5.96733E-8 0.9818672 0.1895702 0.2313012 -4.5544E-7 -0.1895703 0.9818672 1.49012E-8 0.0 0.0 0.0 1.0
Head -0.9500929 0.3119672 4.17994E-5 0.0 0.3119635 0.9500811 0.004961255 0.5655811 0.001508035 0.004726694 -0.9999877 0.0 0.0 0.0 0.0 1.0
Upper_Leg_R -0.9985821 -0.05213379 0.01076343 0.0 0.05323336 -0.9779607 0.2018939 0.0 9.95123E-7 0.2021773 0.9793589 0.0 0.0 0.0 0.0 1.0
Lower_Leg_R -0.9887343 0.1496812 -7.97533E-5 7.45058E-9 0.1467151 0.9690366 -0.1986021 0.4431015 -0.02964969 -0.1963764 -0.9800802 0.0 0.0 0.0 0.0 1.0
Foot_R 0.1335132 0.9904362 -0.03477629 -1.49012E-8 0.9873088 -0.1359724 -0.08205259 0.541993 -0.08599652 -0.02337983 -0.996021 0.0 0.0 0.0 0.0 1.0
Upper_Leg_L 0.9977438 0.06595151 -0.01255187 0.0 0.06713257 -0.9784166 0.195434 -2.17676E-4 6.08161E-4 -0.1958358 -0.9806409 0.0 0.0 0.0 0.0 1.0
Lower_Leg_L -0.979926 -0.1993587 -0.001003192 2.98023E-8 -0.1952701 0.9608182 -0.1967162 0.4389734 0.04018098 -0.1925714 -0.9804597 -1.49012E-8 0.0 0.0 0.0 1.0
Foot_L 0.06263986 -0.9979541 0.01280504 3.72529E-9 -0.9973324 -0.06307226 -0.03674319 0.547265 0.03747566 -0.0104693 -0.9992426 7.45058E-9 0.0 0.0 0.0 1.0
Time 1
Torso -2.8213E-7 0.0 -1.0 0.0 -1.0 0.0 2.8213E-7 0.0 0.0 0.9999999 0.0 0.971868 0.0 0.0 0.0 1.0
Shoulder_R -1.0 2.31212E-7 -9.28199E-8 0.0 -1.46432E-7 -0.2440075 0.9697734 0.5655811 2.01574E-7 0.9697734 0.2440075 0.0 0.0 0.0 0.0 1.0
Upper_Arm_R 1.0 2.99887E-7 3.74909E-5 1.42109E-14 -3.34965E-5 0.4563362 0.8898075 0.2280482 -1.68416E-5 -0.8898075 0.4563362 0.0 0.0 0.0 0.0 1.0
Lower_Arm_R 1.0 8.42421E-6 -3.11674E-5 0.0 -1.23676E-6 0.9746455 0.2237552 0.2496952 3.22621E-5 -0.2237552 0.9746455 0.0 0.0 0.0 0.0 1.0
Hand_R 1.0 -5.30658E-7 -6.40982E-6 0.0 -6.68728E-8 0.9956788 -0.09286345 0.2283604 6.4314E-6 0.09286344 0.9956787 -2.98023E-8 0.0 0.0 0.0 1.0
Shoulder_L 1.0 -2.30324E-7 -2.89193E-7 0.0 2.11367E-7 -0.2855999 0.958349 0.5655811 -3.03324E-7 -0.9583489 -0.2855999 0.0 0.0 0.0 0.0 1.0
Upper_Arm_L 1.0 -2.85207E-7 4.71223E-8 0.0 1.17421E-7 0.5497213 0.8353483 0.2248114 -2.64151E-7 -0.8353482 0.5497212 0.0 0.0 0.0 0.0 1.0
Lower_Arm_L 1.0 -2.42356E-8 -2.22062E-7 -7.10543E-15 1.02156E-7 0.9336708 0.3581324 0.2769328 1.98653E-7 -0.3581323 0.9336708 0.0 0.0 0.0 0.0 1.0
Hand_L 1.0 5.34413E-8 4.73458E-7 7.10543E-15 -2.70003E-9 0.9943096 -0.1065293 0.2313012 -4.76457E-7 0.1065293 0.9943096 1.49012E-8 0.0 0.0 0.0 1.0
Head -0.9500929 0.3119671 4.17994E-5 0.0 0.3119634 0.9500812 0.004961255 0.5655811 0.001508034 0.004726694 -0.9999877 0.0 0.0 0.0 0.0 1.0
Upper_Leg_R -0.9954008 0.0938202 -0.01936533 0.0 -0.09579803 -0.9748456 0.2012478 0.0 2.40797E-6 0.2021741 0.9793596 0.0 0.0 0.0 0.0 1.0
Lower_Leg_R -0.9063361 0.4225561 9.46594E-4 7.45058E-9 0.413958 0.8883397 -0.1987248 0.4431015 -0.08481328 -0.1797197 -0.9800549 0.0 0.0 0.0 0.0 1.0
Foot_R 0.2656001 0.9629846 -0.04600529 -1.49012E-8 0.9602385 -0.2684968 -0.07649279 0.541993 -0.0860137 -0.02385956 -0.9960081 0.0 0.0 0.0 0.0 1.0
Upper_Leg_L 0.9491756 0.3087657 -0.06106841 0.0 0.3147463 -0.9307594 0.1860697 -2.17676E-4 6.11712E-4 -0.195834 -0.9806413 0.0 0.0 0.0 0.0 1.0
Lower_Leg_L -0.8053222 -0.5928371 -5.24579E-4 2.98023E-8 -0.5811059 0.7895609 -0.1972535 0.4389734 0.1173533 -0.1585477 -0.9803522 -1.49012E-8 0.0 0.0 0.0 1.0
Foot_L 0.205558 -0.9784816 0.01788926 3.72529E-9 -0.9779177 -0.2060755 -0.03478518 0.547265 0.03772319 -0.01034385 -0.9992346 7.45058E-9 0.0 0.0 0.0 1.0
Time 2
Torso -2.8213E-7 0.0 -1.0 0.0 -1.0 0.0 2.8213E-7 0.0 0.0 0.9999999 0.0 1.00475 0.0 0.0 0.0 1.0
Shoulder_R -1.0 2.31212E-7 -9.28199E-8 0.0 -1.46432E-7 -0.2440075 0.9697734 0.5655811 2.01574E-7 0.9697734 0.2440075 0.0 0.0 0.0 0.0 1.0
Upper_Arm_R 1.0 2.95869E-7 3.74839E-5 1.42109E-14 -3.30111E-5 0.4807087 0.8768803 0.2280482 -1.77594E-5 -0.8768805 0.4807087 0.0 0.0 0.0 0.0 1.0
Lower_Arm_R 1.0 5.52378E-6 -3.1711E-5 0.0 -8.12012E-7 0.989181 0.1467002 0.2496952 3.21782E-5 -0.1467002 0.989181 0.0 0.0 0.0 0.0 1.0
Hand_R 1.0 7.17364E-7 -6.39516E-6 0.0 1.40503E-7 0.9910967 0.1331446 0.2283604 6.43373E-6 -0.1331446 0.9910966 -2.98023E-8 0.0 0.0 0.0 1.0
Shoulder_L 1.0 -2.30324E-7 -2.89193E-7 0.0 2.11367E-7 -0.2855999 0.958349 0.5655811 -3.03324E-7 -0.9583489 -0.2855999 0.0 0.0 0.0 0.0 1.0
Upper_Arm_L 1.0 -2.83873E-7 5.06744E-8 0.0 1.16616E-7 0.5588384 0.8292766 0.2248114 -2.63728E-7 -0.8292766 0.5588384 0.0 0.0 0.0 0.0 1.0
Lower_Arm_L 1.0 -1.60841E-8 -2.13744E-7 -7.10543E-15 6.35254E-8 0.9746205 0.2238633 0.2769328 2.04719E-7 -0.2238633 0.9746206 0.0 0.0 0.0 0.0 1.0
Hand_L 1.0 -2.77466E-8 4.58494E-7 7.10543E-15 -5.96733E-8 0.9818672 0.1895702 0.2313012 -4.5544E-7 -0.1895703 0.9818672 1.49012E-8 0.0 0.0 0.0 1.0
Head -0.9500929 0.3119672 4.17994E-5 0.0 0.3119635 0.9500811 0.004961255 0.5655811 0.001508035 0.004726694 -0.9999877 0.0 0.0 0.0 0.0 1.0
Upper_Leg_R -0.9985821 -0.05213379 0.01076343 0.0 0.05323336 -0.9779607 0.2018939 0.0 9.95123E-7 0.2021773 0.9793589 0.0 0.0 0.0 0.0 1.0
Lower_Leg_R -0.9887343 0.1496812 -7.97533E-5 7.45058E-9 0.1467151 0.9690366 -0.1986021 0.4431015 -0.02964969 -0.1963764 -0.9800802 0.0 0.0 0.0 0.0 1.0
Foot_R 0.1335132 0.9904362 -0.03477629 -1.49012E-8 0.9873088 -0.1359724 -0.08205259 0.541993 -0.08599652 -0.02337983 -0.996021 0.0 0.0 0.0 0.0 1.0
Upper_Leg_L 0.9977438 0.06595151 -0.01255187 0.0 0.06713257 -0.9784166 0.195434 -2.17676E-4 6.08161E-4 -0.1958358 -0.9806409 0.0 0.0 0.0 0.0 1.0
Lower_Leg_L -0.979926 -0.1993587 -0.001003192 2.98023E-8 -0.1952701 0.9608182 -0.1967162 0.4389734 0.04018098 -0.1925714 -0.9804597 -1.49012E-8 0.0 0.0 0.0 1.0
Foot_L 0.06263986 -0.9979541 0.01280504 3.72529E-9 -0.9973324 -0.06307226 -0.03674319 0.547265 0.03747566 -0.0104693 -0.9992426 7.45058E-9 0.0 0.0 0.0 1.0
