Root_Bone_Name Torso
Num_Keyframes 2
Num_Bones 16
Time 0
Torso -2.8213E-7 0.0 -1.0 0.0 -1.0 0.0 2.8213E-7 0.0 0.0 0.9999999 0.0 1.061726 0.0 0.0 0.0 1.0
Shoulder_R -0.9440187 -0.3199205 -0.08049633 -1.49012E-8 -1.63913E-7 -0.2440075 0.9697734 0.5655811 -0.3298922 0.9154842 0.2303476 0.0 0.0 0.0 0.0 1.0
Upper_Arm_R -0.09525703 0.2764531 -0.9562947 -1.49012E-8 0.8265779 0.5572833 0.07876794 0.2280482 0.5547027 -0.7829488 -0.2815952 0.0 0.0 0.0 0.0 1.0
Lower_Arm_R 0.9129624 0.09171221 -0.3976031 0.0 -0.03690043 0.9889782 0.1433907 0.2496953 0.4063715 -0.1162387 0.9062841 -5.96046E-8 0.0 0.0 0.0 1.0
Hand_R 0.9959801 -0.05429813 -0.0712401 2.98023E-8 0.0225303 0.9216141 -0.387453 0.2283605 0.08669389 0.3842905 0.9191328 0.0 0.0 0.0 0.0 1.0
Shoulder_L 0.839483 0.4877692 -0.2394777 -1.49012E-8 0.3330911 -0.1137226 0.9360115 0.5655811 0.4293235 -0.8655335 -0.2579398 0.0 0.0 0.0 0.0 1.0
Upper_Arm_L 0.6887126 0.7051061 -0.1688212 0.0 -0.7077609 0.6033016 -0.3675617 0.2248114 -0.1573199 0.3726293 0.9145478 0.0 0.0 0.0 0.0 1.0
Lower_Arm_L 0.9870905 0.1493524 -0.05784711 0.0 -0.1569249 0.9741132 -0.16272 0.2769328 0.03204705 0.169697 0.9849752 0.0 0.0 0.0 0.0 1.0
Hand_L 0.9945105 0.09020592 -0.05302727 -2.98023E-8 -0.09967259 0.9709175 -0.2176802 0.2313012 0.03184907 0.2217706 0.9745786 0.0 0.0 0.0 0.0 1.0
Head -0.9900442 0.1407547 -8.27733E-4 -1.49012E-8 0.1407491 0.9900331 0.004891946 0.5655811 0.001508046 0.004726741 -0.9999877 0.0 0.0 0.0 0.0 1.0
Upper_Leg_R -0.984312 -0.1736993 0.03095992 1.49012E-8 0.176437 -0.9690411 0.1727175 0.0 1.44372E-6 0.1754669 0.9844953 3.55271E-15 0.0 0.0 0.0 1.0
Lower_Leg_R -0.6577005 0.7531177 -0.0156108 2.98023E-8 0.7410571 0.643172 -0.1927804 0.4431015 -0.1351459 -0.1383603 -0.9811177 -1.49012E-8 0.0 0.0 0.0 1.0
Foot_R -0.287889 0.9576423 -0.006369017 2.23517E-8 0.9539745 0.2861908 -0.08959337 0.541993 -0.08397567 -0.03186882 -0.9959581 -7.45058E-9 0.0 0.0 0.0 1.0
Upper_Leg_L 0.1445015 0.9737518 -0.1758605 0.0 0.9895047 -0.1420914 0.02628892 -2.17676E-4 6.09879E-4 -0.1778141 -0.9840683 3.55271E-15 0.0 0.0 0.0 1.0
Lower_Leg_L -0.5826258 -0.8126303 0.01337461 -2.98023E-8 -0.7990907 0.5697599 -0.1919031 0.4389734 0.1483259 -0.1224952 -0.9813226 -1.76951E-8 0.0 0.0 0.0 1.0
Foot_L 0.06263983 -0.9979541 0.01280504 1.49012E-8 -0.9973323 -0.06307226 -0.03674319 0.547265 0.03747566 -0.0104693 -0.9992426 7.45058E-9 0.0 0.0 0.0 1.0
Time 0.5
Torso -2.8213E-7 7.10543E-15 -1.0 0.0 -0.9753021 0.220875 2.75162E-7 -0.06667665 0.220875 0.975302 -6.23154E-8 1.063982 0.0 0.0 0.0 1.0
Shoulder_R -0.8990687 -0.4245743 -0.1068285 -1.49012E-8 -0.05626537 -0.1299321 0.9899251 0.5655811 -0.4341772 0.8960214 0.09292907 0.0 0.0 0.0 0.0 1.0
Upper_Arm_R 0.02101646 -0.1374298 -0.9902885 -1.49012E-8 0.8184718 0.5712024 -0.06189993 0.2280482 0.5741621 -0.8092224 0.124487 0.0 0.0 0.0 0.0 1.0
Lower_Arm_R 0.9129624 0.09171221 -0.3976031 0.0 -0.03690043 0.9889782 0.1433907 0.2496953 0.4063715 -0.1162387 0.9062841 -5.96046E-8 0.0 0.0 0.0 1.0
Hand_R 0.9959801 -0.05429813 -0.0712401 2.98023E-8 0.0225303 0.9216141 -0.387453 0.2283605 0.08669389 0.3842905 0.9191328 0.0 0.0 0.0 0.0 1.0
Shoulder_L 0.8547019 -0.3827796 -0.3506627 -1.49012E-8 0.3330911 -0.1137226 0.9360115 0.5655811 -0.3981644 -0.9168135 0.03030149 0.0 0.0 0.0 0.0 1.0
Upper_Arm_L 0.3885052 -0.1642765 0.9066846 0.0 -0.7398793 0.5308769 0.413217 0.2248114 -0.5492196 -0.8313741 0.08470356 0.0 0.0 0.0 0.0 1.0
Lower_Arm_L 0.9870905 0.1493524 -0.05784711 0.0 -0.1569249 0.9741132 -0.16272 0.2769328 0.03204705 0.169697 0.9849752 0.0 0.0 0.0 0.0 1.0
Hand_L 0.9945105 0.09020592 -0.05302727 -2.98023E-8 -0.09967259 0.9709175 -0.2176802 0.2313012 0.03184907 0.2217706 0.9745786 0.0 0.0 0.0 0.0 1.0
Head -0.651306 0.7588106 0.002604462 -1.49012E-8 0.7588137 0.6512941 0.00422269 0.5655811 0.00150795 0.004726566 -0.9999877 0.0 0.0 0.0 0.0 1.0
Upper_Leg_R -0.9101329 0.4078887 -0.07269812 1.49012E-8 -0.414317 -0.8960129 0.1597005 0.0 -5.8514E-7 0.1754656 0.9844955 3.55271E-15 0.0 0.0 0.0 1.0
Lower_Leg_R -0.6577005 0.7531177 -0.0156108 2.98023E-8 0.7410571 0.643172 -0.1927804 0.4431015 -0.1351459 -0.1383603 -0.9811177 -1.49012E-8 0.0 0.0 0.0 1.0
Foot_R -0.287889 0.9576423 -0.006369017 2.23517E-8 0.9539745 0.2861908 -0.08959337 0.541993 -0.08397567 -0.03186882 -0.9959581 -7.45058E-9 0.0 0.0 0.0 1.0
Upper_Leg_L 0.8733417 0.4794402 -0.08609005 0.0 0.4871078 -0.8593716 0.1555846 -2.17676E-4 6.0974E-4 -0.1778137 -0.9840685 3.55271E-15 0.0 0.0 0.0 1.0
Lower_Leg_L -0.9762683 -0.2165636 5.39401E-4 -2.98023E-8 -0.2124372 0.9571761 -0.196682 0.4389734 0.04207788 -0.1921289 -0.9804671 -1.76951E-8 0.0 0.0 0.0 1.0
Foot_L -0.1617664 -0.986792 0.008565895 1.49012E-8 -0.9861606 0.1613313 -0.03820366 0.547265 0.03631712 -0.01462742 -0.9992331 7.45058E-9 0.0 0.0 0.0 1.0
