Root_Bone_Name Hips
Num_Keyframes 1
Num_Bones 34
Time_Wrapping_Mode LOOP
Time 0.0
Hips 1.0 0.0 0.0 0.0 0.0 0.09484914 -0.9954916 -0.004208151 0.0 0.9954916 0.09484917 0.929634 0.0 0.0 0.0 1.0
Spine 1.0 0.0 0.0 0.0 0.0 1.0 -3.11285E-5 0.03107882 0.0 3.11211E-5 1.0 7.45058E-9 0.0 0.0 0.0 1.0
Spine1 1.0 0.0 0.0 0.0 0.0 1.0 2.79173E-5 0.03625906 0.0 -2.79173E-5 1.0 -7.45058E-9 0.0 0.0 0.0 1.0
Spine2 1.0 0.0 0.0 0.0 0.0 1.0 2.47806E-5 0.04143906 0.0 -2.47732E-5 1.0 -7.45058E-9 0.0 0.0 0.0 1.0
Neck 1.0 0.0 0.0 0.0 0.0 0.7951328 0.6064354 0.04661965 0.0 -0.6064354 0.7951329 0.0 0.0 0.0 0.0 1.0
Head 1.0 0.0 0.0 0.0 0.0 1.0 9.83477E-7 0.08766741 0.0 -9.23872E-7 1.0 0.0 0.0 0.0 0.0 1.0
LeftShoulder -0.01370039 0.9974211 -0.0704518 0.05608933 5.26622E-4 -0.0704512 -0.9975151 0.04286075 -0.9999061 -0.01370343 4.39942E-4 -7.47137E-4 0.0 0.0 0.0 1.0
LeftArm 0.9989346 -0.04613454 -0.001014352 7.45058E-9 0.04614569 0.9986942 0.02191575 0.1112933 1.9446E-6 -0.02193922 0.9997593 0.0 0.0 0.0 0.0 1.0
LeftForeArm 0.9987214 0.05048281 0.002673529 7.45058E-9 -0.05055356 0.9973229 0.05283488 0.1002849 8.71718E-7 -0.05290248 0.9985997 0.0 0.0 0.0 0.0 1.0
LeftHand 0.9917433 1.25408E-7 0.1282393 7.45058E-9 6.75209E-9 1.0 -1.03819E-6 0.2064642 -0.1282393 1.03354E-6 0.9917433 1.19209E-7 0.0 0.0 0.0 1.0
LeftHandThumb1 0.7548931 -0.6436409 0.1259489 -0.05486926 0.640313 0.7648442 0.07079975 0.06520209 -0.1419009 0.02720048 0.9895071 0.002318025 0.0 0.0 0.0 1.0
LeftHandThumb2 0.9802382 0.06706515 -0.1861056 2.98023E-8 -0.1444925 0.8852829 -0.4420363 0.06820002 0.1351108 0.4601918 0.8774786 -1.19209E-7 0.0 0.0 0.0 1.0
LeftHandThumb3 0.9997197 -6.33299E-8 -0.02367049 0.0 1.65775E-7 1.0 1.54972E-6 0.08935267 0.02367049 -1.54972E-6 0.9997197 0.0 0.0 0.0 0.0 1.0
LeftHandIndex1 0.9659261 0.1853985 -0.1805943 0.004198261 -0.224273 0.9478419 -0.2264887 0.2241683 0.1291842 0.2592738 0.9571253 -0.01748765 0.0 0.0 0.0 1.0
LeftHandIndex2 0.9056805 -0.09266439 0.4137101 0.0 0.318949 0.7918042 -0.5208814 0.06510216 -0.2793102 0.6037047 0.746677 0.0 0.0 0.0 0.0 1.0
LeftHandIndex3 0.9998057 9.68575E-8 -0.01971089 2.98023E-8 -5.96046E-8 0.9999998 8.64267E-7 0.05506712 0.01971091 -9.83477E-7 0.9998058 -1.19209E-7 0.0 0.0 0.0 1.0
RightShoulder 1.74102E-4 -0.997421 0.07177128 -0.05608915 -3.49186E-4 -0.07177131 -0.9974211 0.04278719 0.9999999 1.48551E-4 -3.60772E-4 2.44379E-5 0.0 0.0 0.0 1.0
RightArm 0.9998702 0.01609991 4.03576E-4 0.0 -0.01610496 0.999562 0.0248281 0.1112932 -3.66569E-6 -0.02483138 0.9996915 0.0 0.0 0.0 0.0 1.0
RightForeArm 0.9992351 -0.03905054 -0.002030924 7.45058E-9 0.03910332 0.9978971 0.0516964 0.1002384 7.86781E-6 -0.05173628 0.9986607 0.0 0.0 0.0 0.0 1.0
RightHand 0.9856947 2.46073E-8 -0.1685407 0.0 4.9622E-9 0.9999999 2.00234E-7 0.2064841 0.1685407 -1.851E-7 0.9856948 1.19209E-7 0.0 0.0 0.0 1.0
RightHandThumb1 0.7530339 0.6499025 -0.102795 0.05559003 -0.6438121 0.7600176 0.08876743 0.06500769 0.1358162 -6.64219E-4 0.9907339 -5.71012E-5 0.0 0.0 0.0 1.0
RightHandThumb2 0.9843239 -0.05498437 0.1675809 -5.96046E-8 0.128561 0.8741589 -0.4683149 0.06842715 -0.1207423 0.4825177 0.867524 0.0 0.0 0.0 0.0 1.0
RightHandThumb3 0.9994699 -5.28991E-7 0.03255498 0.0 4.58211E-7 1.0 1.72853E-6 0.08972131 -0.03255502 -1.81794E-6 0.9994699 0.0 0.0 0.0 0.0 1.0
RightHandIndex1 0.956235 -0.1114388 0.2705483 -0.006736442 0.2083111 0.9086013 -0.3620089 0.237904 -0.2054786 0.4025237 0.8920501 -0.02093661 0.0 0.0 0.0 1.0
RightHandIndex2 0.7545056 0.08089516 -0.6512889 -2.98023E-8 -0.4496351 0.7865982 -0.4231919 0.06536847 0.4780686 0.6121432 0.6298661 0.0 0.0 0.0 0.0 1.0
RightHandIndex3 0.9908959 -2.5332E-7 0.1346292 0.0 1.04308E-7 0.9999998 6.25849E-7 0.0497185 -0.1346292 -6.85453E-7 0.990896 1.19209E-7 0.0 0.0 0.0 1.0
LeftUpLeg -0.9962385 0.0867599 9.23872E-6 0.06870804 -0.08634929 -0.9915379 -0.09693725 -0.01692045 -0.008420832 -0.09656952 0.9953017 -0.00247623 0.0 0.0 0.0 1.0
LeftLeg 0.9982169 -0.05967145 -0.001562058 0.0 0.0596919 0.9978757 0.026094 0.3199215 1.67344E-6 -0.02614071 0.9996582 1.16415E-10 0.0 0.0 0.0 1.0
LeftFoot 0.9999996 6.21304E-4 4.16495E-4 1.49012E-8 8.9407E-8 0.5567571 -0.8306752 0.3568172 -7.47986E-4 0.830675 0.556757 0.0 0.0 0.0 0.0 1.0
LeftToeBase 0.9750689 -2.08616E-7 -0.2219017 0.0 2.77534E-7 1.0 2.38419E-7 0.3561305 0.2219018 -2.98023E-7 0.975069 1.49012E-8 0.0 0.0 0.0 1.0
RightUpLeg -0.9962263 -0.08675697 1.24201E-5 -0.06870889 0.08637251 -0.9918168 -0.09401655 -0.01690871 0.008162078 -0.09366197 0.9955668 -0.002599381 0.0 0.0 0.0 1.0
RightLeg 0.9982159 0.05969304 0.001370105 0.0 -0.05970874 0.9979652 0.02236687 0.31992 -3.21711E-5 -0.02240877 0.9997489 0.0 0.0 0.0 0.0 1.0
RightFoot 0.9999992 -0.001008324 -7.10271E-4 0.0 4.61936E-7 0.5761794 -0.8173232 0.3567601 0.00123336 0.8173227 0.5761788 9.31323E-10 0.0 0.0 0.0 1.0
RightToeBase 0.9759116 1.2666E-7 0.2181665 -2.98023E-8 -1.11759E-7 0.9999999 -2.98023E-8 0.3478967 -0.2181665 -1.19209E-7 0.9759115 0.0 0.0 0.0 0.0 1.0
