Root_Bone_Name Hips
Num_Keyframes 31
Num_Bones 28
Time_Wrapping_Mode LOOP
Time 0.0
Hips 0.09546453 -0.0447575 -0.9944273 -0.007569001 0.9243436 -0.3667618 0.105244 0.2612798 -0.3694275 -0.9292393 0.006358433 -0.03583702 0.0 0.0 0.0 1.0
Spine 0.6240588 0.7787081 -0.06454651 0.0 -0.7696489 0.6268494 0.1212542 0.09315038 0.1348826 -0.0259916 0.9905208 -2.27374E-13 0.0 0.0 0.0 1.0
Spine1 0.9674265 0.2470762 -0.05513591 0.0 -0.2493315 0.9676505 -0.03857622 0.108676 0.04382101 0.05106683 0.9977329 0.0 0.0 0.0 0.0 1.0
Spine2 0.9677551 0.2489267 -0.03854273 -1.86265E-9 -0.250524 0.9670918 -0.04438071 0.1242011 0.02622684 0.0526055 0.9982709 0.0 0.0 0.0 0.0 1.0
Neck -0.09284062 0.9956812 -3.91827E-4 0.0 -0.9953933 -0.09282335 -0.02397187 0.1397275 -0.02390468 -0.001835541 0.9997128 0.0 0.0 0.0 0.0 1.0
Head 0.8734987 0.4707925 0.1239165 2.98023E-8 -0.4733527 0.8808194 -0.009764638 0.06266725 -0.1137452 -0.05012681 0.992245 0.0 0.0 0.0 0.0 1.0
LeftShoulder -0.9934702 0.03124163 -0.1097039 2.57095E-4 0.1013568 -0.1993854 -0.9746641 0.122797 -0.05232339 -0.979422 0.1949175 -0.07445702 0.0 0.0 0.0 1.0
LeftArm 0.8108421 0.53326 -0.2411902 1.86265E-9 -0.2122121 -0.1161837 -0.9702903 0.1505606 -0.54544 0.8379385 0.01895742 0.0 0.0 0.0 0.0 1.0
LeftForeArm 0.8247721 -0.5654499 -0.004681018 -1.86265E-9 0.5654717 0.8247526 0.004960604 0.2451271 0.001055717 -0.00673832 0.9999784 -1.19209E-7 0.0 0.0 0.0 1.0
LeftHand 0.8841116 -0.3257362 0.3350291 3.72529E-9 -0.3617374 -0.0232452 0.9319909 0.2258008 -0.2957952 -0.9451762 -0.138382 1.19209E-7 0.0 0.0 0.0 1.0
LeftHandIndex1 0.9986576 0.05116121 -0.006947775 0.0 -0.05162692 0.9880021 -0.145567 0.1662589 -5.82959E-4 0.1457315 0.9893259 1.19209E-7 0.0 0.0 0.0 1.0
LeftHandIndex2 0.684711 0.4927644 -0.5369873 0.0 -0.4516475 0.8651524 0.2180085 0.01697427 0.5720018 0.09325612 0.8149348 -1.19209E-7 0.0 0.0 0.0 1.0
LeftHandIndex3 0.989027 0.01483223 0.1469794 0.0 0.02763199 0.9588117 -0.2826945 0.02535105 -0.1451182 0.2836539 0.9478832 -1.19209E-7 0.0 0.0 0.0 1.0
RightShoulder 0.9999471 -0.001525021 -0.009962773 7.70111E-5 -0.01007857 -0.1573966 -0.987487 0.1227934 -6.21692E-5 0.9875346 -0.1574046 0.07445684 0.0 0.0 0.0 1.0
RightArm 0.8589708 -0.4845741 0.1653769 1.86265E-9 0.2375322 0.0910055 -0.9671109 0.1505597 0.4535823 0.8700035 0.1932748 0.0 0.0 0.0 0.0 1.0
RightForeArm 0.747767 0.6639367 0.005814082 0.0 -0.6639641 0.7477482 0.004937872 0.245127 -0.001069054 -0.007552743 0.9999644 0.0 0.0 0.0 0.0 1.0
RightHand 0.6175916 0.5119358 -0.5970788 1.86265E-9 0.5853749 0.2078158 0.7836775 0.2258599 0.5252688 -0.8335116 -0.1713299 1.19209E-7 0.0 0.0 0.0 1.0
RightHandIndex1 0.9985545 -0.0488568 0.02230772 1.86265E-9 0.05123315 0.9911265 -0.1226455 0.1663068 -0.01611769 0.1236112 0.9921995 1.19209E-7 0.0 0.0 0.0 1.0
RightHandIndex2 0.4635444 -0.4069911 0.7870758 -1.49012E-8 0.7464379 0.6579941 -0.09936811 0.0175755 -0.4774477 0.6335633 0.6088052 0.0 0.0 0.0 0.0 1.0
RightHandIndex3 0.989247 0.1351533 -0.05589015 1.49012E-8 -0.1367489 0.9902687 -0.02576192 0.02526808 0.05186463 0.03312787 0.9981027 -1.19209E-7 0.0 0.0 0.0 1.0
LeftUpLeg -0.3895462 0.5244869 0.7570621 0.0195451 -0.9195595 -0.2652507 -0.2895077 -0.05069429 0.04895721 -0.8090447 0.5856843 -0.07812688 0.0 0.0 0.0 1.0
LeftLeg 0.8823267 0.4674138 0.05473243 3.72529E-9 -0.469643 0.8819806 0.03985118 0.4546299 -0.02964421 -0.06087059 0.9977013 0.0 0.0 0.0 0.0 1.0
LeftFoot 0.03393351 -0.4462051 -0.8943269 3.72529E-9 0.005214076 0.8947985 -0.4463529 0.3967639 0.9994121 0.01048195 0.03269418 0.0 0.0 0.0 0.0 1.0
LeftToeBase 0.8594568 0.4936734 -0.1328826 0.0 0.42428 -0.8337327 -0.3533818 0.2132166 -0.2852589 0.247337 -0.9259648 -7.45058E-9 0.0 0.0 0.0 1.0
RightUpLeg -0.6039511 0.538979 -0.5873806 0.02140789 -0.7960238 -0.4491671 0.4059816 -0.05058378 -0.04500766 0.7125717 0.7001241 0.07812716 0.0 0.0 0.0 1.0
RightLeg 0.9372535 0.3156543 0.148297 0.0 -0.2988743 0.9460399 -0.1250448 0.4552554 -0.1797821 0.07287208 0.9809902 0.0 0.0 0.0 0.0 1.0
RightFoot 0.2054461 -0.9273585 -0.3126401 0.0 0.2512684 0.3587 -0.8990478 0.3960837 0.9458314 0.1061418 0.306749 0.0 0.0 0.0 0.0 1.0
RightToeBase 0.8642979 -0.4902185 0.1125554 0.0 -0.3901149 -0.7947103 -0.4650778 0.2100042 0.3174225 0.3580921 -0.8780572 0.0 0.0 0.0 0.0 1.0
Time 0.033333
Hips -0.1125556 -0.1015842 -0.9884396 0.03489901 0.9156684 -0.396891 -0.06347975 0.2625709 -0.3858541 -0.9122276 0.1376898 -0.05667099 0.0 0.0 0.0 1.0
Spine 0.579833 0.8140917 0.03242718 0.0 -0.8076439 0.5690899 0.1544361 0.09315038 0.1072712 -0.1157369 0.9874699 -2.27374E-13 0.0 0.0 0.0 1.0
Spine1 0.9702405 0.2406206 -0.02713512 0.0 -0.2414922 0.9697545 -0.03546073 0.108676 0.01778183 0.0409583 0.9990031 0.0 0.0 0.0 0.0 1.0
Spine2 0.9704086 0.241282 -0.009396682 -1.86265E-9 -0.2414647 0.9696491 -0.0384093 0.1242011 -1.5599E-4 0.03954172 0.9992179 0.0 0.0 0.0 0.0 1.0
Neck -0.0849532 0.9962856 -0.01408368 0.0 -0.9953911 -0.08549096 -0.04342517 0.1397275 -0.04446786 0.01032968 0.9989567 0.0 0.0 0.0 0.0 1.0
Head 0.8841892 0.4262792 0.1910354 2.98023E-8 -0.402732 0.9028419 -0.1506077 0.06266725 -0.2366757 0.05622973 0.9699599 0.0 0.0 0.0 0.0 1.0
LeftShoulder -0.9847218 0.1191969 -0.1269272 2.57066E-4 0.09637146 -0.2340269 -0.967441 0.1227969 -0.1450202 -0.9648953 0.2189646 -0.07445692 0.0 0.0 0.0 1.0
LeftArm 0.7153109 0.5422602 -0.4407804 1.86265E-9 -0.391354 -0.2117176 -0.8955529 0.1505606 -0.5789444 0.8131021 0.06077136 0.0 0.0 0.0 0.0 1.0
LeftForeArm 0.7532326 -0.6577345 -0.005309461 -1.86265E-9 0.6577603 0.7532054 0.005771309 0.2451271 2.03125E-4 -0.007839441 0.9999707 -1.19209E-7 0.0 0.0 0.0 1.0
LeftHand 0.7155386 -0.5559477 0.4230001 3.72529E-9 -0.352799 0.2350402 0.9056989 0.2258008 -0.6029446 -0.7972941 -0.02795739 1.19209E-7 0.0 0.0 0.0 1.0
LeftHandIndex1 0.9991357 0.0403899 -0.008947131 0.0 -0.04126022 0.9885849 -0.1449141 0.1662589 0.002991898 0.1451593 0.9894052 1.19209E-7 0.0 0.0 0.0 1.0
LeftHandIndex2 0.6830263 0.4958967 -0.536249 0.0 -0.475329 0.8592367 0.189147 0.01697427 0.554561 0.1257024 0.822595 -1.19209E-7 0.0 0.0 0.0 1.0
LeftHandIndex3 0.9886819 0.01940889 0.1487566 0.0 0.02438485 0.9576153 -0.2870144 0.02535105 -0.1480219 0.2873934 0.9463064 -1.19209E-7 0.0 0.0 0.0 1.0
RightShoulder 0.9980031 -0.0318153 -0.05452961 7.70688E-5 -0.05928857 -0.17555 -0.9826856 0.1227934 0.02169168 0.9839557 -0.1770867 0.07445683 0.0 0.0 0.0 1.0
RightArm 0.8690974 -0.4214384 0.2589458 1.86265E-9 0.3372633 0.12196 -0.9334806 0.1505597 0.3618202 0.8986187 0.2481331 0.0 0.0 0.0 0.0 1.0
RightForeArm 0.7256223 0.6880682 0.005979949 0.0 -0.688096 0.7256022 0.005120344 0.245127 -8.15921E-4 -0.007830232 0.9999623 0.0 0.0 0.0 0.0 1.0
RightHand 0.5858757 0.5610843 -0.5847529 1.86265E-9 0.5862963 0.2046695 0.783817 0.2258599 0.5594619 -0.8020614 -0.2090517 1.19209E-7 0.0 0.0 0.0 1.0
RightHandIndex1 0.9985845 -0.04839557 0.02194884 1.86265E-9 0.05061282 0.9920377 -0.1153225 0.1663068 -0.01619294 0.1162704 0.9930856 1.19209E-7 0.0 0.0 0.0 1.0
RightHandIndex2 0.4621908 -0.4081649 0.7872642 -1.49012E-8 0.7564417 0.6447778 -0.1098053 0.0175755 -0.4627901 0.6462691 0.6067656 0.0 0.0 0.0 0.0 1.0
RightHandIndex3 0.9879621 0.1457761 -0.05175918 1.49012E-8 -0.1469647 0.9889388 -0.01992805 0.02526808 0.04828176 0.02729499 0.9984593 -1.19209E-7 0.0 0.0 0.0 1.0
LeftUpLeg -0.3065702 0.6683424 0.6777376 0.01954498 -0.9512061 -0.1920806 -0.2409567 -0.05069423 -0.0308612 -0.7186241 0.6946899 -0.07812688 0.0 0.0 0.0 1.0
LeftLeg 0.7361603 0.6763411 0.02500508 3.72529E-9 -0.6761732 0.7366403 -0.01291088 0.4546299 -0.02714856 -0.007404233 0.9996015 0.0 0.0 0.0 0.0 1.0
LeftFoot 0.05271905 -0.6032696 -0.7958047 3.72529E-9 -0.0430559 0.7947377 -0.6054056 0.3967639 0.9976813 0.06617541 0.01592469 0.0 0.0 0.0 0.0 1.0
LeftToeBase 0.8592223 0.49394 -0.1334094 0.0 0.428551 -0.8372061 -0.3397545 0.2132166 -0.2795241 0.2347517 -0.9309766 -7.45058E-9 0.0 0.0 0.0 1.0
RightUpLeg -0.680279 0.452668 -0.5767329 0.02140766 -0.7091799 -0.6060272 0.3605104 -0.0505836 -0.186334 0.6540876 0.7330907 0.07812692 0.0 0.0 0.0 1.0
RightLeg 0.9202071 0.3716323 0.12323 0.0 -0.3432699 0.9170529 -0.2027816 0.4552554 -0.1883886 0.1442877 0.971428 0.0 0.0 0.0 0.0 1.0
RightFoot 0.1425777 -0.897225 -0.4178818 0.0 0.2330524 0.4407263 -0.8668926 0.3960837 0.9619341 0.0262097 0.2719645 0.0 0.0 0.0 0.0 1.0
RightToeBase 0.8614315 -0.4939523 0.1180231 0.0 -0.4379704 -0.8402905 -0.3196066 0.2100042 0.2570278 0.223648 -0.9401589 0.0 0.0 0.0 0.0 1.0
Time 0.06666696
Hips -0.3113695 -0.1465953 -0.938914 0.07654803 0.8931434 -0.3826052 -0.2364531 0.2693049 -0.3245703 -0.9122087 0.2500615 -0.09222302 0.0 0.0 0.0 1.0
Spine 0.5447095 0.8330488 0.09656083 0.0 -0.8349875 0.5280256 0.1548774 0.09315038 0.07803382 -0.1649904 0.9832031 -2.27374E-13 0.0 0.0 0.0 1.0
Spine1 0.9740919 0.2261512 -2.36259E-4 0.0 -0.2260494 0.9736209 -0.03103382 0.108676 -0.006788311 0.0302832 0.9995179 0.0 0.0 0.0 0.0 1.0
Spine2 0.9739883 0.225916 0.01755897 -1.86265E-9 -0.2253195 0.9738013 -0.03068519 0.1242011 -0.02403123 0.02593064 0.9993749 0.0 0.0 0.0 0.0 1.0
Neck -0.08155558 0.9963501 -0.02521266 0.0 -0.9952499 -0.08276256 -0.05125187 0.1397275 -0.05315144 0.02091305 0.998367 0.0 0.0 0.0 0.0 1.0
Head 0.8870987 0.4111829 0.2097242 2.98023E-8 -0.357669 0.8995496 -0.250765 0.06266725 -0.2917674 0.1474415 0.9450572 0.0 0.0 0.0 0.0 1.0
LeftShoulder -0.9584078 0.2468538 -0.1432211 2.57095E-4 0.07442967 -0.2682731 -0.9604623 0.1227965 -0.2755156 -0.9311781 0.2387423 -0.07445686 0.0 0.0 0.0 1.0
LeftArm 0.7027673 0.5398419 -0.463348 1.86265E-9 -0.4027509 -0.2349857 -0.8846297 0.1505606 -0.5864414 0.8083053 0.05228127 0.0 0.0 0.0 0.0 1.0
LeftForeArm 0.696859 -0.7171858 -0.005805376 -1.86265E-9 0.7172136 0.6968262 0.006293111 0.2451271 -4.68001E-4 -0.008549042 0.9999648 -1.19209E-7 0.0 0.0 0.0 1.0
LeftHand 0.7292452 -0.4025609 0.5533069 3.72529E-9 -0.3018495 0.5364347 0.788115 0.2258008 -0.6140788 -0.7417422 0.2696791 1.19209E-7 0.0 0.0 0.0 1.0
LeftHandIndex1 0.9994784 0.03177838 -0.004182611 0.0 -0.03191821 0.9987168 -0.03934987 0.1662589 0.002926732 0.03946313 0.9992191 1.19209E-7 0.0 0.0 0.0 1.0
LeftHandIndex2 0.6828811 0.4961587 -0.5361921 0.0 -0.47729 0.8586829 0.1867074 0.01697427 0.5530553 0.12842 0.8231891 -1.19209E-7 0.0 0.0 0.0 1.0
LeftHandIndex3 0.9885814 0.0206926 0.1492517 0.0 0.0234776 0.9572736 -0.2882259 0.02535105 -0.1488386 0.2884386 0.9458604 -1.19209E-7 0.0 0.0 0.0 1.0
RightShoulder 0.9912674 -0.09316478 -0.0933075 7.71508E-5 -0.1101605 -0.1962723 -0.9743439 0.1227931 0.07246055 0.9761136 -0.2048223 0.0744568 0.0 0.0 0.0 1.0
RightArm 0.8969097 -0.3182352 0.3070369 1.86265E-9 0.3798973 0.199167 -0.9033359 0.1505597 0.2263195 0.9268544 0.2995343 0.0 0.0 0.0 0.0 1.0
RightForeArm 0.7348534 0.6782013 0.005911301 0.0 -0.6782297 0.7348333 0.005045906 0.245127 -9.21704E-4 -0.007717237 0.999962 0.0 0.0 0.0 0.0 1.0
RightHand 0.5911709 0.5870944 -0.5530266 1.86265E-9 0.5829083 0.1628874 0.7960448 0.2258599 0.5574284 -0.792966 -0.2459289 1.19209E-7 0.0 0.0 0.0 1.0
RightHandIndex1 0.9985943 -0.04825631 0.02181534 1.86265E-9 0.05041458 0.9923609 -0.1125906 0.1663068 -0.01621549 0.1135323 0.9934016 1.19209E-7 0.0 0.0 0.0 1.0
RightHandIndex2 0.4616171 -0.4086507 0.7873489 -1.49012E-8 0.7605526 0.6391588 -0.1141711 0.0175755 -0.4565832 0.6515219 0.6058495 0.0 0.0 0.0 0.0 1.0
RightHandIndex3 0.9872227 0.151455 -0.04951813 1.49012E-8 -0.152444 0.988167 -0.01681782 0.02526808 0.04638517 0.02415174 0.9986301 -1.19209E-7 0.0 0.0 0.0 1.0
LeftUpLeg -0.2873431 0.7889238 0.5431718 0.01954468 -0.9560909 -0.2035725 -0.2102278 -0.05069435 -0.05527537 -0.579789 0.8128667 -0.0781267 0.0 0.0 0.0 1.0
LeftLeg 0.7112162 0.7029743 -9.85407E-4 3.72529E-9 -0.7028406 0.7112895 0.009375732 0.4546299 0.007290812 -0.005976413 0.9999552 0.0 0.0 0.0 0.0 1.0
LeftFoot 0.0489159 -0.6853507 -0.7265678 3.72529E-9 -0.03434041 0.7258192 -0.6870233 0.3967639 0.9982132 0.05855411 0.01196942 0.0 0.0 0.0 0.0 1.0
LeftToeBase 0.8594033 0.4937348 -0.1330012 0.0 0.4252521 -0.8345327 -0.3503118 0.2132166 -0.2839699 0.2445 -0.9271139 -7.45058E-9 0.0 0.0 0.0 1.0
RightUpLeg -0.7377139 0.3428739 -0.5818515 0.02140779 -0.5956222 -0.7364619 0.3209007 -0.05058354 -0.3185078 0.5831546 0.7473171 0.07812722 0.0 0.0 0.0 1.0
RightLeg 0.8986364 0.4386991 0.008018049 0.0 -0.4288291 0.8818041 -0.1961105 0.4552554 -0.09311438 0.1727742 0.9805484 0.0 0.0 0.0 0.0 1.0
RightFoot -0.09867959 -0.8523461 -0.5135611 0.0 0.09154529 0.5060942 -0.8576158 0.3960837 0.9908991 -0.1316377 0.02808829 0.0 0.0 0.0 0.0 1.0
RightToeBase 0.8599578 -0.4956953 0.1213882 0.0 -0.4602728 -0.8561598 -0.2349262 0.2100042 0.2203637 0.1461661 -0.9644004 0.0 0.0 0.0 0.0 1.0
Time 0.1
Hips -0.4815389 -0.1958711 -0.8542574 0.109949 0.8587808 -0.3000506 -0.4152905 0.2825949 -0.1749768 -0.9335984 0.3126958 -0.14534 0.0 0.0 0.0 1.0
Spine 0.536561 0.8357093 0.1170223 0.0 -0.8419215 0.5207529 0.141374 0.09315038 0.05720786 -0.1743793 0.9830152 -2.27374E-13 0.0 0.0 0.0 1.0
Spine1 0.9781482 0.2069985 0.01943776 0.0 -0.2063758 0.978014 -0.02992726 0.108676 -0.02520533 0.02526179 0.9993628 0.0 0.0 0.0 0.0 1.0
Spine2 0.9777198 0.2064568 0.03791433 -1.86265E-9 -0.2055386 0.9782838 -0.02673607 0.1242011 -0.04261079 0.01834756 0.9989226 0.0 0.0 0.0 0.0 1.0
Neck -0.08101058 0.9961747 -0.03276758 0.0 -0.995541 -0.08246545 -0.04579517 0.1397275 -0.04832218 0.0289116 0.9984127 0.0 0.0 0.0 0.0 1.0
Head 0.9050459 0.3904909 0.1685501 2.98023E-8 -0.3278515 0.8929782 -0.3083891 0.06266725 -0.2709347 0.2238469 0.936209 0.0 0.0 0.0 0.0 1.0
LeftShoulder -0.9136301 0.3743893 -0.1584547 2.57125E-4 0.02768727 -0.3315563 -0.9430283 0.1227965 -0.4055958 -0.8659684 0.2925549 -0.07445696 0.0 0.0 0.0 1.0
LeftArm 0.5823553 0.5639074 -0.5855526 1.86265E-9 -0.6277588 -0.1457094 -0.7646475 0.1505606 -0.5165114 0.8128854 0.2691413 0.0 0.0 0.0 0.0 1.0
LeftForeArm 0.336039 -0.9418039 -0.008974723 -1.86265E-9 0.9418403 0.3359691 0.008264937 0.2451271 -0.004768796 -0.01123002 0.9999267 -1.19209E-7 0.0 0.0 0.0 1.0
LeftHand 0.882307 0.08887006 0.4622091 3.72529E-9 -0.3121877 0.845411 0.4333824 0.2258008 -0.352242 -0.5266724 0.7736548 1.19209E-7 0.0 0.0 0.0 1.0
LeftHandIndex1 0.9986861 0.04836357 -0.0164606 0.0 -0.05107243 0.9529738 -0.2987239 0.1662589 0.001239141 0.2991747 0.9541993 1.19209E-7 0.0 0.0 0.0 1.0
LeftHandIndex2 0.6797982 0.5014442 -0.5351912 0.0 -0.5160223 0.8455806 0.1368096 0.01697427 0.5211483 0.1831678 0.8335803 -1.19209E-7 0.0 0.0 0.0 1.0
LeftHandIndex3 0.9834229 0.0705909 0.1670152 0.0 -0.0107467 0.9421761 -0.3349439 0.02535105 -0.1810015 0.3275964 0.9273189 -1.19209E-7 0.0 0.0 0.0 1.0
RightShoulder 0.9841328 -0.1309337 -0.119737 7.70167E-5 -0.1475457 -0.2291265 -0.962152 0.1227936 0.09854276 0.9645504 -0.2448108 0.07445686 0.0 0.0 0.0 1.0
RightArm 0.9220762 -0.1933791 0.3352201 1.86265E-9 0.3828439 0.3292689 -0.8631436 0.1505597 0.05653591 0.9242216 0.3776485 0.0 0.0 0.0 0.0 1.0
RightForeArm 0.7578523 0.6524023 0.005737646 0.0 -0.6524293 0.7578345 0.004851177 0.245127 -0.001183279 -0.007419921 0.9999647 0.0 0.0 0.0 0.0 1.0
RightHand 0.6244798 0.5899547 -0.5118394 1.86265E-9 0.5806636 0.08759056 0.8094195 0.2258599 0.5223471 -0.8026764 -0.2878677 1.19209E-7 0.0 0.0 0.0 1.0
RightHandIndex1 0.9986048 -0.0480961 0.02166736 1.86265E-9 0.05018911 0.9927127 -0.1095522 0.1663068 -0.01624042 0.1104871 0.9937443 1.19209E-7 0.0 0.0 0.0 1.0
RightHandIndex2 0.4611742 -0.409021 0.7874163 -1.49012E-8 0.7636833 0.6348027 -0.1175288 0.0175755 -0.4517808 0.6555355 0.6051199 0.0 0.0 0.0 0.0 1.0
RightHandIndex3 0.9871026 0.152354 -0.04916079 1.49012E-8 -0.1533125 0.988041 -0.01632612 0.02526808 0.04608568 0.02365258 0.9986559 -1.19209E-7 0.0 0.0 0.0 1.0
LeftUpLeg -0.3223971 0.8553989 0.4053993 0.01954475 -0.9429295 -0.2533093 -0.2155689 -0.05069411 -0.08169954 -0.4518022 0.8883489 -0.07812682 0.0 0.0 0.0 1.0
LeftLeg 0.8073885 0.5893545 -0.02749024 3.72529E-9 -0.5858005 0.8064495 0.08068892 0.4546299 0.06971665 -0.04904856 0.9963608 0.0 0.0 0.0 0.0 1.0
LeftFoot 0.03571174 -0.6126416 -0.7895627 3.72529E-9 -0.03831838 0.7885885 -0.6137087 0.3967639 0.9986295 0.05216745 0.004686728 0.0 0.0 0.0 0.0 1.0
LeftToeBase 0.85957 0.4935429 -0.1326321 0.0 0.4221805 -0.8319839 -0.3599572 0.2132166 -0.2880168 0.2534138 -0.9234651 -7.45058E-9 0.0 0.0 0.0 1.0
RightUpLeg -0.7618711 0.3252444 -0.5604615 0.02140766 -0.5524742 -0.7780336 0.2992265 -0.05058372 -0.3387615 0.5374816 0.7722414 0.07812692 0.0 0.0 0.0 1.0
RightLeg 0.7469519 0.6646442 -0.01830318 0.0 -0.6573054 0.733629 -0.1723748 0.4552554 -0.1011626 0.1407549 0.9848627 0.0 0.0 0.0 0.0 1.0
RightFoot -0.2034523 -0.869837 -0.4493921 0.0 -0.007185251 0.4602781 -0.8877637 0.3960837 0.9790587 -0.1773777 -0.09990076 0.0 0.0 0.0 0.0 1.0
RightToeBase 0.8611017 -0.494354 0.1187412 0.0 -0.4431274 -0.8443563 -0.3012571 0.2100042 0.249171 0.206813 -0.9461113 0.0 0.0 0.0 0.0 1.0
Time 0.133333
Hips -0.5980591 -0.2729439 -0.7535439 0.126805 0.8001573 -0.1499117 -0.5807547 0.3048689 0.04554836 -0.9502788 0.3080539 -0.20969 0.0 0.0 0.0 1.0
Spine 0.5606487 0.821629 0.1029637 0.0 -0.8264278 0.5474105 0.1317633 0.09315038 0.05189722 -0.1589649 0.9859189 -2.27374E-13 0.0 0.0 0.0 1.0
Spine1 0.980723 0.1934584 0.02751473 0.0 -0.1923734 0.9805936 -0.03777818 0.108676 -0.03428932 0.03175681 0.9989069 0.0 0.0 0.0 0.0 1.0
Spine2 0.9799394 0.1932134 0.04885299 -1.86265E-9 -0.1917527 0.9808865 -0.03304606 0.1242011 -0.0543042 0.02301546 0.9982587 0.0 0.0 0.0 0.0 1.0
Neck -0.0775814 0.996304 -0.03686944 0.0 -0.9963387 -0.07880944 -0.03310819 0.1397275 -0.03589145 0.03416591 0.998771 0.0 0.0 0.0 0.0 1.0
Head 0.9368202 0.3334201 0.1058253 2.98023E-8 -0.279092 0.8947889 -0.3485121 0.06266725 -0.2108922 0.2969583 0.931311 0.0 0.0 0.0 0.0 1.0
LeftShoulder -0.8932303 0.4128006 -0.1781307 2.57079E-4 -0.005715147 -0.4065966 -0.913589 0.1227967 -0.4495566 -0.8150301 0.3655445 -0.07445695 0.0 0.0 0.0 1.0
LeftArm 0.5830318 0.4922641 -0.6463366 1.86265E-9 -0.7915192 0.1647318 -0.5885255 0.1505606 -0.1832382 0.8547183 0.485677 0.0 0.0 0.0 0.0 1.0
LeftForeArm 0.2061525 -0.9784658 -0.01011559 -1.86265E-9 0.9785031 0.2060692 0.008586451 0.2451271 -0.006317094 -0.01166816 0.999914 -1.19209E-7 0.0 0.0 0.0 1.0
LeftHand 0.9678299 0.1834119 0.1722399 3.72529E-9 -0.1479757 0.968576 -0.1999131 0.2258008 -0.2034939 0.1679947 0.9645556 1.19209E-7 0.0 0.0 0.0 1.0
LeftHandIndex1 0.9985421 0.05023739 -0.01930308 0.0 -0.05381662 0.9343153 -0.3523645 0.1662589 3.33284E-4 0.3528922 0.9356664 1.19209E-7 0.0 0.0 0.0 1.0
LeftHandIndex2 0.6724932 0.5123376 -0.534101 0.0 -0.590986 0.8061545 0.02918642 0.01697427 0.4455208 0.2960188 0.8449169 -1.19209E-7 0.0 0.0 0.0 1.0
LeftHandIndex3 0.9656873 0.1718802 0.1946843 0.0 -0.07409567 0.9008382 -0.427785 0.02535105 -0.2489063 0.3986816 0.8826659 -1.19209E-7 0.0 0.0 0.0 1.0
RightShoulder 0.9863012 -0.09973655 -0.1313758 7.70316E-5 -0.1549788 -0.2876893 -0.9451034 0.1227939 0.0564657 0.9525163 -0.2992068 0.07445692 0.0 0.0 0.0 1.0
RightArm 0.9218824 -0.07909311 0.3793015 1.86265E-9 0.3653072 0.5036761 -0.7828569 0.1505597 -0.1291254 0.8602641 0.493228 0.0 0.0 0.0 0.0 1.0
RightForeArm 0.7772239 0.6292008 0.0055925 0.0 -0.6292266 0.777208 0.004675433 0.245127 -0.001404762 -0.007152833 0.999966 0.0 0.0 0.0 0.0 1.0
RightHand 0.6694487 0.5769845 -0.4678956 1.86265E-9 0.5730239 -2.73857E-4 0.8195388 0.2258599 0.4727273 -0.8167598 -0.3308108 1.19209E-7 0.0 0.0 0.0 1.0
RightHandIndex1 0.998622 -0.04785087 0.02146355 1.86265E-9 0.04985404 0.9931872 -0.1053236 0.1663068 -0.01627748 0.1062486 0.9942062 1.19209E-7 0.0 0.0 0.0 1.0
RightHandIndex2 0.4609961 -0.4091686 0.7874435 -1.49012E-8 0.7649284 0.6330506 -0.1188725 0.0175755 -0.4498513 0.6571355 0.6048214 0.0 0.0 0.0 0.0 1.0
RightHandIndex3 0.988494 0.1415082 -0.05342771 1.49012E-8 -0.1428552 0.9894907 -0.02226963 0.02526808 0.04971505 0.02964586 0.998322 -1.19209E-7 0.0 0.0 0.0 1.0
LeftUpLeg -0.3544599 0.869368 0.3443057 0.01954474 -0.9276997 -0.2813463 -0.244897 -0.05069423 -0.1160259 -0.4062524 0.9063455 -0.07812682 0.0 0.0 0.0 1.0
LeftLeg 0.8947242 0.4465764 0.002348723 3.72529E-9 -0.4442849 0.8896905 0.1053754 0.4546299 0.04496581 -0.09533162 0.9944282 0.0 0.0 0.0 0.0 1.0
LeftFoot 0.0219219 -0.5376518 -0.8429023 3.72529E-9 -0.09841292 0.837772 -0.5370382 0.3967639 0.9949068 0.09471639 -0.03454947 0.0 0.0 0.0 0.0 1.0
LeftToeBase 0.8593295 0.4938187 -0.1331651 0.0 0.4265802 -0.8356175 -0.3460879 0.2132166 -0.2821942 0.240598 -0.9286761 -7.45058E-9 0.0 0.0 0.0 1.0
RightUpLeg -0.7443471 0.3982732 -0.5363474 0.02140779 -0.5828068 -0.7795585 0.2296452 -0.05058354 -0.3266784 0.4833979 0.8121605 0.07812689 0.0 0.0 0.0 1.0
RightLeg 0.5187501 0.8548273 -0.002791315 0.0 -0.836917 0.5068542 -0.2069337 0.4552554 -0.1755385 0.109645 0.9783514 0.0 0.0 0.0 0.0 1.0
RightFoot -0.1440477 -0.924507 -0.3527841 0.0 0.06371108 0.3470612 -0.9357158 0.3960837 0.9875185 -0.1572475 0.008908879 0.0 0.0 0.0 0.0 1.0
RightToeBase 0.8633388 -0.4915137 0.1142402 0.0 -0.4066318 -0.8117917 -0.419165 0.2100042 0.298748 0.3154579 -0.9006713 0.0 0.0 0.0 0.0 1.0
Time 0.166667
Hips -0.6371827 -0.3858204 -0.6671905 0.122331 0.7091609 0.04550485 -0.7035782 0.3383608 0.3018152 -0.9214527 0.2446129 -0.274929 0.0 0.0 0.0 1.0
Spine 0.6032854 0.7947887 0.06602886 0.0 -0.7954263 0.5936263 0.1220936 0.09315038 0.05784218 -0.1261784 0.9903197 -2.27374E-13 0.0 0.0 0.0 1.0
Spine1 0.9806815 0.1938855 0.02593181 0.0 -0.1922268 0.9797593 -0.05584886 0.108676 -0.03623526 0.04978512 0.9981021 0.0 0.0 0.0 0.0 1.0
Spine2 0.9795942 0.1942537 0.05157849 -1.86265E-9 -0.1916928 0.9801432 -0.05070926 0.1242011 -0.0604048 0.03978724 0.9973809 0.0 0.0 0.0 0.0 1.0
Neck -0.06636013 0.9970317 -0.03904448 0.0 -0.9975284 -0.06719645 -0.02051046 0.1397275 -0.02307322 0.03758692 0.9990268 0.0 0.0 0.0 0.0 1.0
Head 0.9684977 0.2394929 0.06822879 2.98023E-8 -0.1926136 0.8941067 -0.4043187 0.06266725 -0.1578352 0.3784401 0.9120699 0.0 0.0 0.0 0.0 1.0
LeftShoulder -0.9219916 0.3099203 -0.232113 2.57142E-4 0.0558079 -0.4868353 -0.8717083 0.1227969 -0.3831605 -0.8166633 0.4315632 -0.07445716 0.0 0.0 0.0 1.0
LeftArm 0.6365716 0.312065 -0.7052604 1.86265E-9 -0.7361627 0.5184574 -0.4350505 0.1505606 0.2298845 0.7961274 0.5597624 0.0 0.0 0.0 0.0 1.0
LeftForeArm -0.0636694 -0.9978914 -0.0124857 -1.86265E-9 0.9979282 -0.06378075 0.008756496 0.2451271 -0.009534426 -0.01190224 0.9998858 -1.19209E-7 0.0 0.0 0.0 1.0
LeftHand 0.9216589 0.2549794 0.2924598 3.72529E-9 -0.1754126 0.9461465 -0.2720979 0.2258008 -0.3460898 0.1994802 0.9167491 1.19209E-7 0.0 0.0 0.0 1.0
LeftHandIndex1 0.9983029 0.05468702 -0.01961813 0.0 -0.05809683 0.9368365 -0.3449116 0.1662589 -4.83199E-4 0.3454685 0.938432 1.19209E-7 0.0 0.0 0.0 1.0
LeftHandIndex2 0.6622753 0.5248578 -0.5347125 0.0 -0.6678164 0.7370764 -0.103643 0.01697427 0.3397254 0.4257301 0.8386553 -1.19209E-7 0.0 0.0 0.0 1.0
LeftHandIndex3 0.9427488 0.2592894 0.2097414 0.0 -0.1223277 0.8539256 -0.5058128 0.02535105 -0.3102549 0.4511969 0.8367583 -1.19209E-7 0.0 0.0 0.0 1.0
RightShoulder 0.9904625 0.005031314 -0.1376833 7.7121E-5 -0.1247499 -0.3913921 -0.9117309 0.1227936 -0.05847514 0.9202112 -0.3870326 0.07445696 0.0 0.0 0.0 1.0
RightArm 0.8906456 -0.01907787 0.4542891 1.86265E-9 0.3321901 0.7095137 -0.621484 0.1505597 -0.3104644 0.7044342 0.6382687 0.0 0.0 0.0 0.0 1.0
RightForeArm 0.7734821 0.6337942 0.005620962 0.0 -0.6338208 0.7734651 0.004710376 0.245127 -0.001362234 -0.007206075 0.9999665 0.0 0.0 0.0 0.0 1.0
RightHand 0.7143301 0.5471241 -0.4363336 1.86265E-9 0.5227568 -0.002671864 0.8524794 0.2258599 0.4652399 -0.8370532 -0.2879224 1.19209E-7 0.0 0.0 0.0 1.0
RightHandIndex1 0.9921377 -0.1233037 -0.02131495 1.86265E-9 0.1225223 0.9918573 -0.03473259 0.1663068 0.025424 0.03184795 0.9991689 1.19209E-7 0.0 0.0 0.0 1.0
RightHandIndex2 0.4635445 -0.4069909 0.7870756 -1.49012E-8 0.7464378 0.657994 -0.09936821 0.0175755 -0.4774478 0.633563 0.6088051 0.0 0.0 0.0 0.0 1.0
RightHandIndex3 0.989247 0.1351533 -0.05589015 1.49012E-8 -0.1367489 0.9902687 -0.02576192 0.02526808 0.05186463 0.03312787 0.9981027 -1.19209E-7 0.0 0.0 0.0 1.0
LeftUpLeg -0.289442 0.8875661 0.3583986 0.01954462 -0.939812 -0.1928238 -0.2816507 -0.05069429 -0.1808562 -0.4183834 0.8900601 -0.07812688 0.0 0.0 0.0 1.0
LeftLeg 0.8440955 0.5339703 0.04845848 3.72529E-9 -0.5357652 0.8368804 0.112379 0.4546299 0.01945149 -0.120832 0.9924784 0.0 0.0 0.0 0.0 1.0
LeftFoot 0.01502063 -0.5941282 -0.8042407 3.72529E-9 -0.1527755 0.7934659 -0.589107 0.3967639 0.9881495 0.1317071 -0.07885545 0.0 0.0 0.0 0.0 1.0
LeftToeBase 0.8588988 0.4943005 -0.134153 0.0 0.434387 -0.8417543 -0.3205616 0.2132166 -0.2713926 0.2170552 -0.9376516 -7.45058E-9 0.0 0.0 0.0 1.0
RightUpLeg -0.6998888 0.4678067 -0.5400319 0.02140772 -0.5986133 -0.796536 0.08550318 -0.0505836 -0.3901965 0.3830055 0.8372961 0.07812695 0.0 0.0 0.0 1.0
RightLeg 0.3233612 0.9420861 -0.0871006 0.0 -0.9435344 0.3135867 -0.1082828 0.4552554 -0.07472819 0.1171484 0.9903024 0.0 0.0 0.0 0.0 1.0
RightFoot -0.167835 -0.7471235 -0.6431462 0.0 0.09052368 0.6379822 -0.7647054 0.3960837 0.9816508 -0.1865694 -0.03944228 0.0 0.0 0.0 0.0 1.0
RightToeBase 0.864318 -0.4901911 0.1125204 0.0 -0.3897556 -0.7943257 -0.4660362 0.2100042 0.317808 0.3589842 -0.8775539 0.0 0.0 0.0 0.0 1.0
Time 0.2
Hips -0.5903266 -0.513933 -0.6224059 0.103796 0.5851271 0.2586903 -0.7685749 0.3801828 0.5560058 -0.8178962 0.148004 -0.334997 0.0 0.0 0.0 1.0
Spine 0.644313 0.7646994 0.009899475 0.0 -0.7620316 0.6408631 0.09276292 0.09315038 0.06459159 -0.06731199 0.995639 -2.27374E-13 0.0 0.0 0.0 1.0
Spine1 0.9783075 0.2061633 0.02029148 0.0 -0.2040074 0.9758095 -0.07858315 0.108676 -0.03600163 0.07273882 0.9967006 0.0 0.0 0.0 0.0 1.0
Spine2 0.9770613 0.2071412 0.04942983 -1.86265E-9 -0.2033006 0.9763849 -0.07308096 0.1242011 -0.06340066 0.0613555 0.9960997 0.0 0.0 0.0 0.0 1.0
Neck -0.04802676 0.9980512 -0.03983517 0.0 -0.9987963 -0.04838052 -0.007964965 0.1397275 -0.009876677 0.03940468 0.999175 0.0 0.0 0.0 0.0 1.0
Head 0.9898459 0.1259422 0.06590582 2.98023E-8 -0.08040921 0.8784573 -0.4710065 0.06266725 -0.1172151 0.4609247 0.879664 0.0 0.0 0.0 0.0 1.0
LeftShoulder -0.9308509 0.1008724 -0.3511921 2.57231E-4 0.2403113 -0.5550116 -0.7963731 0.1227968 -0.2752475 -0.8257031 0.4923933 -0.07445727 0.0 0.0 0.0 1.0
LeftArm 0.6284027 -0.0863295 -0.7730836 1.86265E-9 -0.3874277 0.8270599 -0.4072738 0.1505606 0.6745506 0.5554447 0.486277 0.0 0.0 0.0 0.0 1.0
LeftForeArm -0.1423384 -0.9897296 -0.01317583 -1.86265E-9 0.9897658 -0.142458 0.008684218 0.2451271 -0.01047211 -0.01180483 0.9998765 -1.19209E-7 0.0 0.0 0.0 1.0
LeftHand 0.9585362 -0.05849184 0.2789094 3.72529E-9 -0.004151894 0.9757392 0.2188971 0.2258008 -0.2849472 -0.2109784 0.9350361 1.19209E-7 0.0 0.0 0.0 1.0
LeftHandIndex1 0.9974332 0.0683268 -0.02102096 0.0 -0.07140622 0.9383404 -0.3382625 0.1662589 -0.003387526 0.3388979 0.9408194 1.19209E-7 0.0 0.0 0.0 1.0
LeftHandIndex2 0.6570672 0.5303251 -0.5357423 0.0 -0.6975541 0.6971848 -0.1653886 0.01697427 0.2858012 0.4823801 0.8280275 -1.19209E-7 0.0 0.0 0.0 1.0
LeftHandIndex3 0.9260975 0.3102186 0.2147193 0.0 -0.1476603 0.8217562 -0.5503753 0.02535105 -0.3471827 0.4779959 0.8068362 -1.19209E-7 0.0 0.0 0.0 1.0
RightShoulder 0.9720947 0.158608 -0.1728393 7.70763E-5 -0.07442866 -0.4901865 -0.8684354 0.1227934 -0.2224636 0.8570654 -0.464704 0.07445691 0.0 0.0 0.0 1.0
RightArm 0.8384231 -0.01114883 0.5448996 1.86265E-9 0.2643197 0.8826592 -0.3886504 0.1505597 -0.4766226 0.4698828 0.7429954 0.0 0.0 0.0 0.0 1.0
RightForeArm 0.7704065 0.6375292 0.005643293 0.0 -0.637556 0.7703892 0.004738249 0.245127 -0.001326799 -0.007248282 0.9999653 0.0 0.0 0.0 0.0 1.0
RightHand 0.7737795 0.4943446 -0.3960872 1.86265E-9 0.4644736 -0.01760953 0.8854131 0.2258599 0.4307191 -0.8690922 -0.2432369 1.19209E-7 0.0 0.0 0.0 1.0
RightHandIndex1 0.9843816 -0.1692401 -0.04843772 1.86265E-9 0.1697348 0.98547 0.006266989 0.1663068 0.04667322 -0.0143908 0.9988055 1.19209E-7 0.0 0.0 0.0 1.0
RightHandIndex2 0.4635444 -0.4069911 0.7870758 -1.49012E-8 0.7464379 0.6579941 -0.09936811 0.0175755 -0.4774477 0.6335633 0.6088052 0.0 0.0 0.0 0.0 1.0
RightHandIndex3 0.9892471 0.1351538 -0.05588965 1.49012E-8 -0.1367493 0.9902691 -0.02576222 0.02526808 0.05186408 0.03312814 0.9981027 -1.19209E-7 0.0 0.0 0.0 1.0
LeftUpLeg -0.1804851 0.9024128 0.3912615 0.01954498 -0.9470281 -0.05223579 -0.3164824 -0.05069429 -0.2651291 -0.4276914 0.8641384 -0.07812682 0.0 0.0 0.0 1.0
LeftLeg 0.6683136 0.7267882 0.1586154 3.72529E-9 -0.739277 0.6725271 0.03425631 0.4546299 -0.08176438 -0.1401772 0.986737 0.0 0.0 0.0 0.0 1.0
LeftFoot 0.02366131 -0.7337093 -0.679047 3.72529E-9 -0.199865 0.6620412 -0.7223248 0.3967639 0.9795403 0.1528058 -0.1309802 0.0 0.0 0.0 0.0 1.0
LeftToeBase 0.8588911 0.4943102 -0.1341724 0.0 0.4345401 -0.8418707 -0.3200499 0.2132166 -0.2711745 0.2165842 -0.9378241 -7.45058E-9 0.0 0.0 0.0 1.0
RightUpLeg -0.6425533 0.5703805 -0.5119424 0.02140753 -0.6392863 -0.767243 -0.05276891 -0.05058378 -0.4229344 0.2932771 0.8574042 0.07812704 0.0 0.0 0.0 1.0
RightLeg 0.03994081 0.9921024 -0.1170379 0.0 -0.9851207 0.01934251 -0.1720064 0.4552554 -0.1684575 0.1221118 0.9781247 0.0 0.0 0.0 0.0 1.0
RightFoot -0.158511 -0.8343313 -0.5279591 0.0 0.2431671 0.4852383 -0.8398982 0.3960837 0.9569464 -0.2615033 0.1259718 0.0 0.0 0.0 0.0 1.0
RightToeBase 0.8627996 -0.4922221 0.1152478 0.0 -0.4157034 -0.8206261 -0.3921992 0.2100042 0.2876073 0.2905077 -0.9126135 0.0 0.0 0.0 0.0 1.0
Time 0.233333
Hips -0.4699387 -0.6229661 -0.625358 0.07717899 0.4300087 0.4571426 -0.7785338 0.4305869 0.770877 -0.634772 0.05305171 -0.38824 0.0 0.0 0.0 1.0
Spine 0.6618373 0.7469785 -0.06321618 0.0 -0.7452384 0.6647338 0.05244341 0.09315038 0.08119599 0.0124021 0.9966215 -2.27374E-13 0.0 0.0 0.0 1.0
Spine1 0.9749154 0.2220904 0.01469192 0.0 -0.2197855 0.9710125 -0.09395803 0.108676 -0.03513322 0.08837201 0.9954677 0.0 0.0 0.0 0.0 1.0
Spine2 0.9736768 0.2234426 0.04501219 -1.86265E-9 -0.2189921 0.97183 -0.08710586 0.1242011 -0.06320737 0.07495559 0.9951819 0.0 0.0 0.0 0.0 1.0
Neck -0.02575888 0.9990084 -0.03631666 0.0 -0.9996352 -0.02544858 0.008979972 0.1397275 0.008046855 0.03653472 0.9993002 0.0 0.0 0.0 0.0 1.0
Head 0.9959064 -0.004117504 0.09029687 2.98023E-8 0.04879022 0.8654257 -0.4986556 0.06266725 -0.07609204 0.50102 0.8620839 0.0 0.0 0.0 0.0 1.0
LeftShoulder -0.8787281 -0.06412271 -0.4729914 2.57261E-4 0.4187886 -0.5790183 -0.6995368 0.1227969 -0.2290141 -0.8127878 0.5356553 -0.07445733 0.0 0.0 0.0 1.0
LeftArm 0.5955554 -0.3579135 -0.7191741 1.86265E-9 0.03319699 0.9054597 -0.4231302 0.1505606 0.8026323 0.2281227 0.5511297 0.0 0.0 0.0 0.0 1.0
LeftForeArm -0.1945705 -0.9807937 -0.0136285 -1.86265E-9 0.980827 -0.1946976 0.008765742 0.2451271 -0.01125088 -0.01166156 0.9998708 -1.19209E-7 0.0 0.0 0.0 1.0
LeftHand 0.9682688 -0.2205178 0.1176049 3.72529E-9 0.145012 0.8789887 0.4542571 0.2258008 -0.2035457 -0.4227878 0.8830739 1.19209E-7 0.0 0.0 0.0 1.0
LeftHandIndex1 0.9963141 0.08277321 -0.02212904 0.0 -0.08534212 0.9358422 -0.3419334 0.1662589 -0.007593556 0.3425646 0.9394651 1.19209E-7 0.0 0.0 0.0 1.0
LeftHandIndex2 0.6570385 0.5303559 -0.5357465 0.0 -0.697705 0.6969539 -0.1657234 0.01697427 0.2854978 0.4826793 0.8279575 -1.19209E-7 0.0 0.0 0.0 1.0
LeftHandIndex3 0.926144 0.3100806 0.2147176 0.0 -0.1476015 0.8218653 -0.5502288 0.02535105 -0.3470833 0.4778993 0.8069363 -1.19209E-7 0.0 0.0 0.0 1.0
RightShoulder 0.9158623 0.3227832 -0.2387583 7.6957E-5 -0.05126476 -0.4957927 -0.8669292 0.1227932 -0.3982032 0.8062258 -0.4375326 0.07445692 0.0 0.0 0.0 1.0
RightArm 0.7830038 -0.01817292 0.6217473 1.86265E-9 0.1826209 0.9622382 -0.2018648 0.1505597 -0.5945939 0.271606 0.7567616 0.0 0.0 0.0 0.0 1.0
RightForeArm 0.7674665 0.6410661 0.005666013 0.0 -0.6410933 0.7674488 0.004769124 0.245127 -0.001291059 -0.007292606 0.9999653 0.0 0.0 0.0 0.0 1.0
RightHand 0.8414004 0.4079484 -0.354426 1.86265E-9 0.3980289 -0.02421639 0.9170547 0.2258599 0.3655236 -0.9126888 -0.1827516 1.19209E-7 0.0 0.0 0.0 1.0
RightHandIndex1 0.9781368 -0.1969817 -0.06664983 1.86265E-9 0.2014989 0.9770105 0.0696384 0.1663068 0.05139999 -0.08154617 0.995342 1.19209E-7 0.0 0.0 0.0 1.0
RightHandIndex2 0.4635444 -0.4069911 0.7870758 -1.49012E-8 0.7464379 0.6579941 -0.09936811 0.0175755 -0.4774477 0.6335633 0.6088052 0.0 0.0 0.0 0.0 1.0
RightHandIndex3 0.9892474 0.1351537 -0.05588989 1.49012E-8 -0.1367493 0.9902689 -0.0257618 0.02526808 0.05186439 0.03312774 0.998103 -1.19209E-7 0.0 0.0 0.0 1.0
LeftUpLeg -0.1196506 0.895439 0.4288204 0.01954462 -0.9308748 0.04881539 -0.3617314 -0.05069423 -0.3448002 -0.4424964 0.8277967 -0.078127 0.0 0.0 0.0 1.0
LeftLeg 0.4734302 0.8681832 0.1491541 3.72529E-9 -0.8771742 0.479991 -0.00845988 0.4546299 -0.0789212 -0.1268571 0.9887697 0.0 0.0 0.0 0.0 1.0
LeftFoot 0.07675394 -0.8762159 -0.4757962 3.72529E-9 -0.3106138 0.4324664 -0.8464416 0.3967639 0.9474316 0.212768 -0.238959 0.0 0.0 0.0 0.0 1.0
LeftToeBase 0.8597809 0.4933268 -0.1320687 0.0 0.4191611 -0.8293782 -0.3693758 0.2132166 -0.2917726 0.2622245 -0.9198195 -7.45058E-9 0.0 0.0 0.0 1.0
RightUpLeg -0.6326646 0.6174892 -0.4676855 0.0214079 -0.6255032 -0.7632965 -0.1619985 -0.05058366 -0.4570745 0.1899779 0.868929 0.07812703 0.0 0.0 0.0 1.0
RightLeg -0.0844667 0.9866109 -0.1379796 0.0 -0.987322 -0.1017229 -0.123534 0.4552554 -0.1359739 0.1257405 0.9827068 0.0 0.0 0.0 0.0 1.0
RightFoot -0.1982211 -0.81756 -0.540639 0.0 0.1044926 0.5307997 -0.8410353 0.3960837 0.9745714 -0.223198 -0.01978732 0.0 0.0 0.0 0.0 1.0
RightToeBase 0.8444644 -0.5187965 0.1330474 0.0 -0.4969824 -0.8517157 -0.1662291 0.2100042 0.1995413 0.0742578 -0.977074 0.0 0.0 0.0 0.0 1.0
Time 0.266667
Hips -0.3194384 -0.6992565 -0.6395317 0.04746294 0.2209933 0.6013095 -0.7678477 0.4885017 0.9214782 -0.3866121 -0.03755033 -0.435253 0.0 0.0 0.0 1.0
Spine 0.6612161 0.7376207 -0.1367906 0.0 -0.7428744 0.6691998 0.01765357 0.09315038 0.1045618 0.08994535 0.9904431 -2.27374E-13 0.0 0.0 0.0 1.0
Spine1 0.9714283 0.2371393 0.009598834 0.0 -0.2350261 0.9668219 -0.1000843 0.108676 -0.0330143 0.09496868 0.9949328 0.0 0.0 0.0 0.0 1.0
Spine2 0.9702927 0.2386569 0.03967888 -1.86265E-9 -0.2343178 0.9678515 -0.09142197 0.1242011 -0.06022175 0.07940862 0.9950212 0.0 0.0 0.0 0.0 1.0
Neck -6.47178E-4 0.9995605 -0.0296321 0.0 -0.999635 1.52496E-4 0.02697635 0.1397275 0.02696897 0.02963875 0.9991971 0.0 0.0 0.0 0.0 1.0
Head 0.981204 -0.1430524 0.129518 2.98023E-8 0.1883669 0.8557854 -0.4818189 0.06266725 -0.04191424 0.4971593 0.8666466 0.0 0.0 0.0 0.0 1.0
LeftShoulder -0.811075 -0.1461653 -0.5663816 2.57201E-4 0.536191 -0.572761 -0.6200329 0.1227965 -0.2337737 -0.8065847 0.5429262 -0.07445717 0.0 0.0 0.0 1.0
LeftArm 0.4703031 -0.4863586 -0.7363896 1.86265E-9 0.3171878 0.8718297 -0.3732359 0.1505606 0.8235368 -0.05803982 0.5642881 0.0 0.0 0.0 0.0 1.0
LeftForeArm -0.2506398 -0.9679766 -0.01412724 -1.86265E-9 0.9680117 -0.250771 0.008492827 0.2451271 -0.01176358 -0.01154662 0.9998658 -1.19209E-7 0.0 0.0 0.0 1.0
LeftHand 0.9617638 -0.2680961 0.05602657 3.72529E-9 0.2014174 0.8309392 0.5186241 0.2258008 -0.1855962 -0.4875075 0.8531653 1.19209E-7 0.0 0.0 0.0 1.0
LeftHandIndex1 0.9954807 0.0922721 -0.02209556 0.0 -0.09426142 0.9352685 -0.3411604 0.1662589 -0.01081418 0.3417042 0.9397473 1.19209E-7 0.0 0.0 0.0 1.0
LeftHandIndex2 0.6583855 0.5289916 -0.5354422 0.0 -0.6905493 0.7075428 -0.1500898 0.01697427 0.2994514 0.4685659 0.8311302 -1.19209E-7 0.0 0.0 0.0 1.0
LeftHandIndex3 0.9342003 0.2863699 0.2127412 0.0 -0.1360556 0.8372708 -0.5295911 0.02535105 -0.3297802 0.4657999 0.8211433 -1.19209E-7 0.0 0.0 0.0 1.0
RightShoulder 0.8305684 0.4811885 -0.2803796 7.69272E-5 -0.05403639 -0.4314438 -0.9005223 0.1227932 -0.5542868 0.7630951 -0.3323433 0.07445689 0.0 0.0 0.0 1.0
RightArm 0.7316135 -0.02328411 0.6813188 1.86265E-9 0.112674 0.9898034 -0.08716722 0.1505597 -0.672334 0.1405404 0.7267826 0.0 0.0 0.0 0.0 1.0
RightForeArm 0.757311 0.6530311 0.00574267 0.0 -0.6530585 0.7572926 0.004855096 0.245127 -0.001178361 -0.007427134 0.9999645 0.0 0.0 0.0 0.0 1.0
RightHand 0.9018509 0.3009215 -0.3100064 1.86265E-9 0.3326257 -0.02571184 0.94271 0.2258599 0.2757075 -0.9533072 -0.1232829 1.19209E-7 0.0 0.0 0.0 1.0
RightHandIndex1 0.9759955 -0.2038149 -0.07673454 1.86265E-9 0.2131671 0.9661985 0.1449862 0.1663068 0.0445904 -0.1578639 0.9864518 1.19209E-7 0.0 0.0 0.0 1.0
RightHandIndex2 0.4635444 -0.4069911 0.7870758 -1.49012E-8 0.7464379 0.6579941 -0.09936811 0.0175755 -0.4774477 0.6335633 0.6088052 0.0 0.0 0.0 0.0 1.0
RightHandIndex3 0.9892474 0.1351537 -0.05588989 1.49012E-8 -0.1367493 0.9902689 -0.0257618 0.02526808 0.05186439 0.03312774 0.998103 -1.19209E-7 0.0 0.0 0.0 1.0
LeftUpLeg -0.1229547 0.8809403 0.4569915 0.01954498 -0.9133813 0.07946277 -0.3989844 -0.05069429 -0.3877493 -0.4665057 0.7949536 -0.07812679 0.0 0.0 0.0 1.0
LeftLeg 0.3089692 0.9457251 0.1017302 3.72529E-9 -0.9500523 0.3116215 -0.01007837 0.4546299 -0.04122271 -0.09355891 0.9947547 0.0 0.0 0.0 0.0 1.0
LeftFoot 0.1395932 -0.9517918 -0.2732873 3.72529E-9 -0.3592373 0.2085324 -0.9096094 0.3967639 0.9227433 0.2251724 -0.3127811 0.0 0.0 0.0 0.0 1.0
LeftToeBase 0.8609428 0.4919025 -0.1297811 0.0 0.396269 -0.8083867 -0.4352952 0.2132166 -0.319051 0.323338 -0.8908548 -7.45058E-9 0.0 0.0 0.0 1.0
RightUpLeg -0.6125385 0.6624454 -0.4315519 0.02140788 -0.6396486 -0.7359387 -0.2221888 -0.05058384 -0.4648466 0.1398833 0.874303 0.07812706 0.0 0.0 0.0 1.0
RightLeg -0.1975914 0.9701359 -0.1393283 0.0 -0.9777449 -0.2055905 -0.0460845 0.4552554 -0.07338297 0.1270678 0.9891797 0.0 0.0 0.0 0.0 1.0
RightFoot -0.2764632 -0.8032299 -0.5276152 0.0 0.0657241 0.531912 -0.8442495 0.3960837 0.958773 -0.2680749 -0.09426496 0.0 0.0 0.0 0.0 1.0
RightToeBase 0.8791945 -0.4620652 0.1160489 0.0 -0.4681694 -0.8831053 0.03113243 0.2100042 0.08809084 -0.08170585 -0.9927738 0.0 0.0 0.0 0.0 1.0
Time 0.3
Hips -0.1596608 -0.7169321 -0.6786146 0.016788 -0.02161555 0.6898073 -0.7236711 0.5561779 0.9869355 -0.1008732 -0.125632 -0.464194 0.0 0.0 0.0 1.0
Spine 0.6426068 0.7422906 -0.1899036 0.0 -0.75434 0.6563574 0.01297483 0.09315038 0.1342757 0.1349142 0.9817172 -2.27374E-13 0.0 0.0 0.0 1.0
Spine1 0.9687455 0.2479968 0.00557911 0.0 -0.2465007 0.9649296 -0.09026121 0.108676 -0.02776797 0.08606477 0.9959027 0.0 0.0 0.0 0.0 1.0
Spine2 0.9678653 0.2492669 0.03318387 -1.86265E-9 -0.2460288 0.9659499 -0.08005769 0.1242011 -0.05200968 0.06932089 0.9962378 0.0 0.0 0.0 0.0 1.0
Neck 0.03274442 0.9992895 -0.01867943 0.0 -0.9987478 0.03342243 0.03721774 0.1397275 0.03781558 0.01743737 0.9991328 0.0 0.0 0.0 0.0 1.0
Head 0.9399973 -0.2904386 0.1790278 2.98023E-8 0.3384023 0.8605241 -0.3807641 0.06266725 -0.04346922 0.4185002 0.907176 0.0 0.0 0.0 0.0 1.0
LeftShoulder -0.7658543 -0.08528282 -0.6373311 2.572E-4 0.5734082 -0.5390984 -0.616906 0.1227964 -0.2909723 -0.8379123 0.4617744 -0.07445715 0.0 0.0 0.0 1.0
LeftArm 0.3259588 -0.5328687 -0.7808975 1.86265E-9 0.521423 0.7903491 -0.3216664 0.1505606 0.7885904 -0.3023282 0.5354675 0.0 0.0 0.0 0.0 1.0
LeftForeArm -0.1902977 -0.9816318 -0.01359694 -1.86265E-9 0.9816669 -0.1904226 0.008612573 0.2451271 -0.0110436 -0.01170865 0.9998714 -1.19209E-7 0.0 0.0 0.0 1.0
LeftHand 0.9814863 -0.07142521 0.1777273 3.72529E-9 0.02525183 0.9680239 0.2495802 0.2258008 -0.1898712 -0.2404709 0.9519046 1.19209E-7 0.0 0.0 0.0 1.0
LeftHandIndex1 0.9955505 0.09173353 -0.02112273 0.0 -0.09356257 0.9396297 -0.3291561 0.1662589 -0.01034697 0.3296705 0.9440414 1.19209E-7 0.0 0.0 0.0 1.0
LeftHandIndex2 0.6607044 0.5265647 -0.5349777 0.0 -0.6773812 0.7253383 -0.1226436 0.01697427 0.3234597 0.4434149 0.8359178 -1.19209E-7 0.0 0.0 0.0 1.0
LeftHandIndex3 0.9457784 0.2491313 0.2084113 0.0 -0.1170289 0.8599131 -0.4968438 0.02535105 -0.3029945 0.445514 0.8424443 -1.19209E-7 0.0 0.0 0.0 1.0
RightShoulder 0.7502418 0.6154192 -0.2416532 7.70167E-5 -0.07362951 -0.2854535 -0.9555623 0.1227934 -0.6570504 0.7346939 -0.1688468 0.07445695 0.0 0.0 0.0 1.0
RightArm 0.7161961 0.01954725 0.6976229 1.86265E-9 0.05482918 0.9949438 -0.0841683 0.1505597 -0.6957325 0.09853159 0.7115089 0.0 0.0 0.0 0.0 1.0
RightForeArm 0.7420912 0.6702752 0.005856631 0.0 -0.6703027 0.7420722 0.004985422 0.245127 -0.001004428 -0.007625379 0.9999631 0.0 0.0 0.0 0.0 1.0
