Root_Bone_Name Armature_Hips
Num_Keyframes 31
Num_Bones 28
Time_Wrapping_Mode LOOP
Time 0.0
Armature_Hips 0.09455957 -0.04664034 -0.9944269 -0.007569001 0.9168966 -0.3850009 0.1052446 0.2612798 -0.3877632 -0.9217382 0.006358675 -0.03583702 0.0 0.0 0.0 1.0
Armature_Spine 0.6086892 0.7909729 -0.06213177 0.0 -0.7818602 0.6112997 0.1225091 0.0931503 0.1348825 -0.02599163 0.9905208 0.0 0.0 0.0 0.0 1.0
Armature_Spine1 0.9674264 0.2470753 -0.05513592 0.0 -0.2493308 0.9676507 -0.03857621 0.1086759 0.04382107 0.05106677 0.9977329 0.0 0.0 0.0 0.0 1.0
Armature_Spine2 0.9677555 0.2489253 -0.03854278 0.0 -0.2505226 0.9670923 -0.04438066 0.1242011 0.02622697 0.05260545 0.998271 3.72529E-9 0.0 0.0 0.0 1.0
Armature_Neck 0.4058275 0.9139496 -3.91893E-4 -3.72529E-8 -0.9136902 0.4057025 -0.02397186 0.1397275 -0.02175007 0.01008653 0.9997129 3.72529E-9 0.0 0.0 0.0 1.0
Armature_Head 0.8741502 0.4745388 0.1033211 0.0 -0.4696305 0.880155 -0.06910425 0.06266728 -0.1237312 0.01188476 0.992245 -7.45058E-9 0.0 0.0 0.0 1.0
Armature_LeftShoulder -0.9934707 0.03124313 -0.1097082 2.57395E-4 0.1013607 -0.1993874 -0.9746637 0.1227968 -0.05232592 -0.979422 0.1949189 -0.07445701 0.0 0.0 0.0 1.0
Armature_LeftArm 0.8108479 0.5332507 -0.2411868 1.49012E-8 -0.2122077 -0.116183 -0.970292 0.1505608 -0.5454305 0.8379439 0.01895307 0.0 0.0 0.0 0.0 1.0
Armature_LeftForeArm 0.8247812 -0.5654355 -0.004695708 2.98023E-8 0.5654566 0.8247631 0.004955335 0.2451266 0.001070926 -0.006742243 0.9999779 1.49012E-8 0.0 0.0 0.0 1.0
Armature_LeftHand 0.8841021 -0.325761 0.3350286 1.49012E-8 -0.3617429 -0.02325282 0.9319882 0.2258011 -0.2958149 -0.945167 -0.1383995 -1.49012E-8 0.0 0.0 0.0 1.0
Armature_LeftHandIndex1 0.9986585 0.05120444 -0.006996986 0.0 -0.05167714 0.9879959 -0.1455883 0.1662589 -5.41747E-4 0.1457553 0.989322 3.72529E-9 0.0 0.0 0.0 1.0
Armature_LeftHandIndex2 0.8666789 0.3109807 -0.390076 0.0 -0.2937953 0.950117 0.1047023 0.01697406 0.4031779 0.0238592 0.9148112 0.0 0.0 0.0 0.0 1.0
Armature_LeftHandIndex3 0.9941798 -0.04979865 0.09552413 -1.49012E-8 0.0762631 0.9516355 -0.2976128 0.02535114 -0.07608342 0.3031656 0.9498963 1.49012E-8 0.0 0.0 0.0 1.0
Armature_RightShoulder 0.9999477 -0.001530186 -0.009958833 7.73296E-5 -0.01007563 -0.157403 -0.9874849 0.1227936 -5.65015E-5 0.9875336 -0.1574106 0.07445694 0.0 0.0 0.0 1.0
Armature_RightArm 0.8589715 -0.4845757 0.165379 3.72529E-8 0.2375312 0.09099678 -0.9671108 0.1505598 0.4535865 0.8700042 0.1932665 5.96046E-8 0.0 0.0 0.0 1.0
Armature_RightForeArm 0.7477601 0.6639434 0.005816802 0.0 -0.66397 0.747742 0.004970762 0.245127 -0.001049221 -0.007579133 0.9999671 -1.49012E-8 0.0 0.0 0.0 1.0
Armature_RightHand 0.6175994 0.5119177 -0.5970854 0.0 0.5853699 0.2078332 0.7836758 0.22586 0.5252682 -0.8335159 -0.1713042 1.49012E-8 0.0 0.0 0.0 1.0
Armature_RightHandIndex1 0.9985576 -0.04883045 0.02227803 0.0 0.05120273 0.9911326 -0.1226097 0.1663067 -0.0160934 0.1235735 0.9922052 -1.86265E-9 0.0 0.0 0.0 1.0
Armature_RightHandIndex2 0.764822 -0.3288772 0.5539746 -1.49012E-8 0.4755857 0.8682742 -0.1411308 0.01757506 -0.4345867 0.3714018 0.8204856 0.0 0.0 0.0 0.0 1.0
Armature_RightHandIndex3 0.9888104 0.1470156 -0.02529877 -4.65661E-10 -0.1470732 0.9891243 -4.1648E-4 0.02526829 0.02496231 0.004132587 0.999679 0.0 0.0 0.0 0.0 1.0
Armature_LeftUpLeg -0.4076127 0.5191202 0.751173 0.01853698 -0.9117376 -0.2756072 -0.3043845 -0.05107162 0.04902621 -0.8090446 0.5857286 -0.07812681 0.0 0.0 0.0 1.0
Armature_LeftLeg 0.8823271 0.4674065 0.0548733 -2.79397E-9 -0.4696526 0.8819696 0.03981441 0.4546301 -0.02978585 -0.06090353 0.9976963 -1.49012E-8 0.0 0.0 0.0 1.0
Armature_LeftFoot 0.03384135 -0.4461958 -0.8943229 0.0 0.005219333 0.8948262 -0.4463249 0.396764 0.9994149 0.01043562 0.03261367 -1.49012E-8 0.0 0.0 0.0 1.0
Armature_LeftToeBase 0.9072842 0.2230099 -0.3565486 7.45058E-8 0.4189686 -0.4055727 0.8123778 0.2132301 0.03656331 -0.8864398 -0.4613872 0.0 0.0 0.0 0.0 1.0
Armature_RightUpLeg -0.6195216 0.5299542 -0.5791976 0.02040163 -0.7838203 -0.4597558 0.4175581 -0.05099785 -0.04499894 0.7125856 0.7001284 0.0781271 0.0 0.0 0.0 1.0
Armature_RightLeg 0.9372151 0.3156567 0.1484049 2.23517E-8 -0.2988535 0.9460567 -0.1250622 0.4552552 -0.179884 0.07285671 0.9809796 -1.49012E-8 0.0 0.0 0.0 1.0
Armature_RightFoot 0.2053688 -0.9274058 -0.3125956 2.98023E-8 0.2512946 0.3586509 -0.8990343 0.3960836 0.9458568 0.1060765 0.3067269 -5.96046E-8 0.0 0.0 0.0 1.0
Armature_RightToeBase 0.9060293 -0.2353514 0.3517093 9.59262E-8 -0.4231339 -0.491724 0.7610376 0.2100105 -0.006167233 -0.8383497 -0.5451134 0.0 0.0 0.0 0.0 1.0
Time 0.033333
Armature_Hips -0.1145457 -0.09933461 -0.9884395 0.034899 0.9076264 -0.4149525 -0.06347939 0.2625709 -0.4038496 -0.9044045 0.1376897 -0.05667099 0.0 0.0 0.0 1.0
Armature_Spine 0.5637193 0.8252053 0.03548025 0.0 -0.8189715 0.5528506 0.1537634 0.0931503 0.1072711 -0.1157369 0.98747 0.0 0.0 0.0 0.0 1.0
Armature_Spine1 0.9702405 0.2406197 -0.02713513 0.0 -0.2414913 0.9697546 -0.03546073 0.1086759 0.01778187 0.04095826 0.9990031 0.0 0.0 0.0 0.0 1.0
Armature_Spine2 0.9704093 0.2412806 -0.00939671 0.0 -0.2414633 0.9696494 -0.03840929 0.1242011 -1.55903E-4 0.03954172 0.9992179 3.72529E-9 0.0 0.0 0.0 1.0
Armature_Neck 0.4130034 0.9106203 -0.01408379 -3.72529E-8 -0.9101034 0.4120977 -0.04342512 0.1397275 -0.03373989 0.03075248 0.9989567 3.72529E-9 0.0 0.0 0.0 1.0
Armature_Head 0.8986855 0.4286178 0.09300834 0.0 -0.4004176 0.8883347 -0.2247814 0.06266728 -0.1789678 0.1647656 0.96996 -7.45058E-9 0.0 0.0 0.0 1.0
Armature_LeftShoulder -0.9847219 0.1191983 -0.1269316 2.57395E-4 0.09637529 -0.2340291 -0.9674406 0.1227965 -0.1450229 -0.9648948 0.2189659 -0.07445693 0.0 0.0 0.0 1.0
Armature_LeftArm 0.7153181 0.5422512 -0.4407777 1.49012E-8 -0.3913506 -0.2117154 -0.8955553 0.1505608 -0.5789356 0.8131078 0.06076621 0.0 0.0 0.0 0.0 1.0
Armature_LeftForeArm 0.7532434 -0.6577215 -0.005323265 2.98023E-8 0.6577461 0.7532178 0.005765297 0.2451266 2.17607E-4 -0.007843972 0.9999703 1.49012E-8 0.0 0.0 0.0 1.0
Armature_LeftHand 0.7155216 -0.5559717 0.422996 1.49012E-8 -0.3528018 0.2350307 0.9056998 0.2258011 -0.6029615 -0.7972799 -0.02797827 -1.49012E-8 0.0 0.0 0.0 1.0
Armature_LeftHandIndex1 0.9991368 0.04043323 -0.008996189 0.0 -0.04131049 0.9885794 -0.1449357 0.1662589 0.003033236 0.145183 0.9894012 3.72529E-9 0.0 0.0 0.0 1.0
Armature_LeftHandIndex2 0.8655779 0.3144288 -0.3897559 0.0 -0.3119006 0.947411 0.07163152 0.01697406 0.3917816 0.05956238 0.9181287 0.0 0.0 0.0 0.0 1.0
Armature_LeftHandIndex3 0.9942559 -0.04634567 0.09646246 -1.49012E-8 0.0736728 0.9501894 -0.3028394 0.02535114 -0.07762221 0.3082065 0.948148 1.49012E-8 0.0 0.0 0.0 1.0
Armature_RightShoulder 0.9980037 -0.03182076 -0.05452541 7.73892E-5 -0.05928573 -0.175556 -0.9826834 0.1227937 0.02169745 0.9839544 -0.1770926 0.07445691 0.0 0.0 0.0 1.0
Armature_RightArm 0.8690993 -0.4214384 0.2589464 3.72529E-8 0.3372618 0.1219522 -0.9334812 0.1505598 0.3618234 0.8986205 0.2481248 5.96046E-8 0.0 0.0 0.0 1.0
Armature_RightForeArm 0.7256151 0.6880747 0.005983189 0.0 -0.6881017 0.7255957 0.005153173 0.245127 -7.95707E-4 -0.007856265 0.9999648 -1.49012E-8 0.0 0.0 0.0 1.0
Armature_RightHand 0.5858835 0.5610671 -0.5847607 0.0 0.5862904 0.2046872 0.7838162 0.22586 0.5594627 -0.8020669 -0.2090261 1.49012E-8 0.0 0.0 0.0 1.0
Armature_RightHandIndex1 0.9985878 -0.04836904 0.0219192 0.0 0.05058247 0.9920433 -0.1152867 0.1663067 -0.01616848 0.1162327 0.993091 -1.86265E-9 0.0 0.0 0.0 1.0
Armature_RightHandIndex2 0.7639567 -0.330434 0.5542425 -1.49012E-8 0.4853481 0.8602716 -0.1561089 0.01757506 -0.4252147 0.3882602 0.817587 0.0 0.0 0.0 0.0 1.0
Armature_RightHandIndex3 0.987704 0.1548384 -0.02156323 -4.65661E-10 -0.1546794 0.9879233 0.008875925 0.02526829 0.02267709 -0.005431406 0.9997274 0.0 0.0 0.0 0.0 1.0
Armature_LeftUpLeg -0.3252746 0.6643912 0.672813 0.01853698 -0.9450206 -0.2052945 -0.2542527 -0.05107158 -0.03078565 -0.718635 0.6947418 -0.07812688 0.0 0.0 0.0 1.0
Armature_LeftLeg 0.7361692 0.6763279 0.02513562 -2.79397E-9 -0.6761864 0.7366235 -0.01296688 0.4546301 -0.0272831 -0.00745117 0.9995983 -1.49012E-8 0.0 0.0 0.0 1.0
Armature_LeftFoot 0.05262505 -0.6032662 -0.7958102 0.0 -0.04305142 0.7947612 -0.605381 0.396764 0.9976863 0.06611546 0.01585367 -1.49012E-8 0.0 0.0 0.0 1.0
Armature_LeftToeBase 0.9072472 0.2225189 -0.3569493 7.45058E-8 0.4185226 -0.3924668 0.8190187 0.2132301 0.04215799 -0.8924423 -0.4491781 0.0 0.0 0.0 0.0 1.0
Armature_RightUpLeg -0.6941087 0.4405538 -0.5694481 0.02040136 -0.6954908 -0.6148763 0.3718861 -0.05099774 -0.1863093 0.6540983 0.7330991 0.07812698 0.0 0.0 0.0 1.0
Armature_RightLeg 0.9201678 0.3716401 0.1233353 2.23517E-8 -0.3432407 0.9170758 -0.202802 0.4552552 -0.1884868 0.1442723 0.9714163 -1.49012E-8 0.0 0.0 0.0 1.0
Armature_RightFoot 0.142502 -0.8972664 -0.4178395 2.98023E-8 0.2330755 0.4406817 -0.8668917 0.3960836 0.9619502 0.02614499 0.2719415 -5.96046E-8 0.0 0.0 0.0 1.0
Armature_RightToeBase 0.9054376 -0.2302358 0.3565824 9.59262E-8 -0.4190404 -0.3513102 0.8372552 0.2100105 -0.06749263 -0.9075223 -0.4145728 0.0 0.0 0.0 0.0 1.0
Time 0.06666696
Armature_Hips -0.3142119 -0.1403984 -0.9389139 0.07654802 0.8853884 -0.4002232 -0.2364526 0.2693049 -0.3425775 -0.9055995 0.2500617 -0.09222302 0.0 0.0 0.0 1.0
Armature_Spine 0.528061 0.8433452 0.09961007 0.0 -0.8456141 0.5114188 0.1529341 0.0931503 0.07803377 -0.1649904 0.9832031 0.0 0.0 0.0 0.0 1.0
Armature_Spine1 0.9740922 0.2261503 -2.36269E-4 0.0 -0.2260486 0.9736212 -0.03103381 0.1086759 -0.006788272 0.0302832 0.999518 0.0 0.0 0.0 0.0 1.0
Armature_Spine2 0.9739887 0.2259147 0.01755894 0.0 -0.2253182 0.9738015 -0.03068521 0.1242011 -0.02403116 0.0259307 0.999375 3.72529E-9 0.0 0.0 0.0 1.0
Armature_Neck 0.4159987 0.9090154 -0.02521278 -3.72529E-8 -0.9086462 0.4144085 -0.0512518 0.1397275 -0.03614028 0.04423023 0.998367 3.72529E-9 0.0 0.0 0.0 1.0
Armature_Head 0.9128935 0.403713 0.06034118 0.0 -0.3651631 0.8737446 -0.3212885 0.06266728 -0.1824311 0.2712677 0.9450573 -7.45058E-9 0.0 0.0 0.0 1.0
Armature_LeftShoulder -0.9584078 0.2468549 -0.1432257 2.57365E-4 0.0744333 -0.2682756 -0.9604619 0.1227964 -0.2755184 -0.9311772 0.2387433 -0.07445693 0.0 0.0 0.0 1.0
Armature_LeftArm 0.7027744 0.5398332 -0.4633456 1.49012E-8 -0.4027479 -0.2349838 -0.8846322 0.1505608 -0.5864328 0.8083113 0.05227588 0.0 0.0 0.0 0.0 1.0
Armature_LeftForeArm 0.6968708 -0.7171739 -0.00581849 2.98023E-8 0.7172003 0.6968397 0.006286564 0.2451266 -4.54016E-4 -0.008553922 0.9999642 1.49012E-8 0.0 0.0 0.0 1.0
Armature_LeftHand 0.7292277 -0.4025888 0.5533086 1.49012E-8 -0.3018464 0.5364268 0.7881211 0.2258011 -0.6140993 -0.7417326 0.2696571 -1.49012E-8 0.0 0.0 0.0 1.0
Armature_LeftHandIndex1 0.9994797 0.03182343 -0.004230261 0.0 -0.03196537 0.9987139 -0.03937216 0.1662589 0.002971858 0.03948706 0.9992173 3.72529E-9 0.0 0.0 0.0 1.0
Armature_LeftHandIndex2 0.865483 0.3147181 -0.389735 0.0 -0.3134033 0.9471212 0.06884577 0.01697406 0.3907934 0.06255928 0.9183507 0.0 0.0 0.0 0.0 1.0
Armature_LeftHandIndex3 0.9942753 -0.04537725 0.09672281 -1.49012E-8 0.07294886 0.9497768 -0.3043037 0.02535114 -0.07805657 0.3096173 0.9476526 1.49012E-8 0.0 0.0 0.0 1.0
Armature_RightShoulder 0.9912677 -0.0931705 -0.09330285 7.7419E-5 -0.1101578 -0.196278 -0.9743422 0.1227935 0.07246646 0.976112 -0.2048279 0.07445689 0.0 0.0 0.0 1.0
Armature_RightArm 0.8969123 -0.3182341 0.3070357 3.72529E-8 0.3798952 0.1991594 -0.9033375 0.1505598 0.2263223 0.9268572 0.2995255 5.96046E-8 0.0 0.0 0.0 1.0
Armature_RightForeArm 0.7348464 0.6782079 0.005914345 0.0 -0.6782354 0.734827 0.005078717 0.245127 -9.01639E-4 -0.007743403 0.9999647 -1.49012E-8 0.0 0.0 0.0 1.0
Armature_RightHand 0.5911789 0.5870774 -0.5530349 0.0 0.582902 0.1629055 0.7960446 0.22586 0.557429 -0.7929726 -0.2459029 1.49012E-8 0.0 0.0 0.0 1.0
Armature_RightHandIndex1 0.9985974 -0.04822978 0.02178575 0.0 0.05038436 0.9923664 -0.1125547 0.1663067 -0.01619097 0.1134946 0.993407 -1.86265E-9 0.0 0.0 0.0 1.0
Armature_RightHandIndex2 0.763588 -0.3310833 0.5543628 -1.49012E-8 0.4893888 0.8568156 -0.1623743 0.01757506 -0.4212266 0.3952854 0.816284 0.0 0.0 0.0 0.0 1.0
Armature_RightHandIndex3 0.9870827 0.1590139 -0.01952997 -4.65661E-10 -0.1587622 0.9872185 0.0138457 0.02526829 0.02148187 -0.01056625 0.9997128 0.0 0.0 0.0 0.0 1.0
Armature_LeftUpLeg -0.3061567 0.7847188 0.5388724 0.01853657 -0.950283 -0.2191727 -0.2208526 -0.05107173 -0.05518687 -0.5798088 0.8129142 -0.07812682 0.0 0.0 0.0 1.0
Armature_LeftLeg 0.7112305 0.7029595 -8.56432E-4 -2.79397E-9 -0.7028576 0.711272 0.009317188 0.4546301 0.007158099 -0.006025285 0.999956 -1.49012E-8 0.0 0.0 0.0 1.0
Armature_LeftFoot 0.04882096 -0.6853461 -0.7265789 0.0 -0.03433669 0.7258403 -0.6870024 0.396764 0.9982181 0.05848644 0.01190405 -1.49012E-8 0.0 0.0 0.0 1.0
Armature_LeftToeBase 0.9072754 0.2228995 -0.3566404 7.45058E-8 0.4188756 -0.4026225 0.8138924 0.2132301 0.03782617 -0.8878118 -0.4586403 0.0 0.0 0.0 0.0 1.0
Armature_RightUpLeg -0.7492795 0.3281997 -0.5753458 0.02040142 -0.5808291 -0.7431098 0.3323855 -0.05099756 -0.3184685 0.5831619 0.74733 0.0781271 0.0 0.0 0.0 1.0
Armature_RightLeg 0.8986095 0.4387115 0.008120388 2.23517E-8 -0.4287957 0.8818344 -0.1961365 0.4552552 -0.0932133 0.1727588 0.9805424 -1.49012E-8 0.0 0.0 0.0 1.0
Armature_RightFoot -0.09875471 -0.8523724 -0.5135146 2.98023E-8 0.09156355 0.5060542 -0.8576322 0.3960836 0.9908897 -0.1317118 0.02807164 -5.96046E-8 0.0 0.0 0.0 1.0
Armature_RightToeBase 0.9052947 -0.2270824 0.3589575 9.59262E-8 -0.4125338 -0.2689089 0.8703508 0.2100105 -0.1011106 -0.9360306 -0.3371236 0.0 0.0 0.0 0.0 1.0
Time 0.1
Armature_Hips -0.4853241 -0.1862935 -0.8542574 0.109949 0.8526682 -0.3170041 -0.4152902 0.2825949 -0.193437 -0.9299487 0.312696 -0.14534 0.0 0.0 0.0 1.0
Armature_Spine 0.5197768 0.8458612 0.1198 0.0 -0.8523853 0.504095 0.139028 0.0931503 0.05720784 -0.1743793 0.9830152 0.0 0.0 0.0 0.0 1.0
Armature_Spine1 0.9781482 0.2069977 0.01943775 0.0 -0.2063749 0.9780146 -0.02992724 0.1086759 -0.02520528 0.02526179 0.9993629 0.0 0.0 0.0 0.0 1.0
Armature_Spine2 0.9777204 0.2064556 0.03791431 0.0 -0.2055373 0.9782839 -0.02673611 0.1242011 -0.04261075 0.01834766 0.9989228 3.72529E-9 0.0 0.0 0.0 1.0
Armature_Neck 0.4163886 0.9085959 -0.03276769 -3.72529E-8 -0.9087549 0.4148098 -0.04579509 0.1397275 -0.02801689 0.04884639 0.9984128 3.72529E-9 0.0 0.0 0.0 1.0
Armature_Head 0.9288722 0.3703826 -0.003750041 0.0 -0.3479844 0.8691422 -0.3514242 0.06266728 -0.1269021 0.327733 0.936209 -7.45058E-9 0.0 0.0 0.0 1.0
Armature_LeftShoulder -0.9136298 0.3743901 -0.1584594 2.57425E-4 0.02769056 -0.3315588 -0.9430279 0.1227962 -0.4055988 -0.8659672 0.2925555 -0.07445692 0.0 0.0 0.0 1.0
Armature_LeftArm 0.5823635 0.5638994 -0.5855513 1.49012E-8 -0.6277552 -0.1457051 -0.7646512 0.1505608 -0.516504 0.8128912 0.2691363 0.0 0.0 0.0 0.0 1.0
Armature_LeftForeArm 0.3360553 -0.9417986 -0.0089837 2.98023E-8 0.9418328 0.3359863 0.008256804 0.2451266 -0.004757845 -0.01123584 0.9999262 1.49012E-8 0.0 0.0 0.0 1.0
Armature_LeftHand 0.8823006 0.08883996 0.4622261 1.49012E-8 -0.3121736 0.8454114 0.4333913 0.2258011 -0.3522685 -0.5266767 0.7736399 -1.49012E-8 0.0 0.0 0.0 1.0
Armature_LeftHandIndex1 0.9986864 0.04840408 -0.01651138 0.0 -0.05112657 0.9529639 -0.2987442 0.1662589 0.001274303 0.2991975 0.9541915 3.72529E-9 0.0 0.0 0.0 1.0
Armature_LeftHandIndex2 0.8634449 0.3205702 -0.3894845 0.0 -0.3431962 0.9391855 0.0121791 0.01697406 0.3697019 0.1231535 0.9209535 0.0 0.0 0.0 0.0 1.0
Armature_LeftHandIndex3 0.99438 -0.007707812 0.1055828 -1.49012E-8 0.04548422 0.9317051 -0.3603546 0.02535114 -0.09559447 0.3631315 0.9268214 1.49012E-8 0.0 0.0 0.0 1.0
Armature_RightShoulder 0.984133 -0.1309396 -0.1197321 7.73296E-5 -0.1475431 -0.2291318 -0.9621501 0.1227939 0.09854888 0.9645483 -0.2448159 0.07445695 0.0 0.0 0.0 1.0
Armature_RightArm 0.9220797 -0.1933768 0.3352167 3.72529E-8 0.3828406 0.3292615 -0.8631471 0.1505598 0.05653837 0.9242255 0.3776398 5.96046E-8 0.0 0.0 0.0 1.0
Armature_RightForeArm 0.7578454 0.6524092 0.00574021 0.0 -0.6524351 0.7578285 0.004884091 0.245127 -0.001163706 -0.007446483 0.9999672 -1.49012E-8 0.0 0.0 0.0 1.0
Armature_RightHand 0.6244874 0.5899382 -0.5118482 0.0 0.5806575 0.08760878 0.809421 0.22586 0.5223475 -0.8026839 -0.2878422 1.49012E-8 0.0 0.0 0.0 1.0
Armature_RightHandIndex1 0.9986079 -0.04806954 0.02163778 0.0 0.05015889 0.9927185 -0.1095162 0.1663067 -0.01621581 0.1104493 0.9937495 -1.86265E-9 0.0 0.0 0.0 1.0
Armature_RightHandIndex2 0.763303 -0.3315805 0.5544586 -1.49012E-8 0.4924775 0.8541146 -0.1671928 0.01757506 -0.4181329 0.400676 0.8152462 0.0 0.0 0.0 0.0 1.0
Armature_RightHandIndex3 0.9869828 0.1596745 -0.01920521 -4.65661E-10 -0.1594095 0.9871029 0.01463255 0.02526829 0.021294 -0.01138062 0.9997078 0.0 0.0 0.0 0.0 1.0
Armature_LeftUpLeg -0.3409582 0.8501958 0.4010208 0.01853672 -0.9364312 -0.2702235 -0.2234629 -0.05107155 -0.08160478 -0.4518242 0.8883885 -0.07812688 0.0 0.0 0.0 1.0
Armature_LeftLeg 0.807407 0.5893431 -0.02735442 -2.79397E-9 -0.5858181 0.8064345 0.08064178 0.4546301 0.06958029 -0.04908951 0.9963682 -1.49012E-8 0.0 0.0 0.0 1.0
Armature_LeftFoot 0.03561756 -0.612637 -0.7895681 0.0 -0.03831411 0.7886119 -0.6136844 0.396764 0.9986326 0.05210681 0.004616 -1.49012E-8 0.0 0.0 0.0 1.0
Armature_LeftToeBase 0.9073024 0.2232456 -0.356353 7.45058E-8 0.4191551 -0.4118909 0.8090967 0.2132301 0.03384993 -0.8834636 -0.4672674 0.0 0.0 0.0 0.0 1.0
Armature_RightUpLeg -0.772575 0.3097507 -0.5543877 0.0204013 -0.5372159 -0.7843243 0.3102905 -0.05099797 -0.3387201 0.5374885 0.7722553 0.07812686 0.0 0.0 0.0 1.0
Armature_RightLeg 0.7469112 0.664683 -0.01820865 2.23517E-8 -0.6572482 0.7336786 -0.1724195 0.4552552 -0.1012557 0.1407348 0.9848557 -1.49012E-8 0.0 0.0 0.0 1.0
Armature_RightFoot -0.2035273 -0.8698606 -0.4493343 2.98023E-8 -0.007167563 0.4602385 -0.8877747 0.3960836 0.9790425 -0.1774608 -0.09990878 -5.96046E-8 0.0 0.0 0.0 1.0
Armature_RightToeBase 0.9053948 -0.2295626 0.3571246 9.59262E-8 -0.4178727 -0.3334934 0.8450888 0.2100105 -0.07489923 -0.9143906 -0.3978758 0.0 0.0 0.0 0.0 1.0
Time 0.133333
Armature_Hips -0.6033481 -0.2610428 -0.753544 0.126805 0.7970307 -0.1657334 -0.5807542 0.3048689 0.02671428 -0.9509943 0.3080539 -0.20969 0.0 0.0 0.0 1.0
Armature_Spine 0.5441665 0.8323118 0.1055537 0.0 -0.8373719 0.5310262 0.1296977 0.0931503 0.05189719 -0.1589649 0.985919 0.0 0.0 0.0 0.0 1.0
Armature_Spine1 0.980723 0.1934575 0.02751473 0.0 -0.1923725 0.9805937 -0.03777818 0.1086759 -0.03428927 0.03175682 0.998907 0.0 0.0 0.0 0.0 1.0
Armature_Spine2 0.9799398 0.193212 0.04885296 0.0 -0.1917513 0.9808866 -0.03304612 0.1242011 -0.05430414 0.0230156 0.9982588 3.72529E-9 0.0 0.0 0.0 1.0
Armature_Neck 0.4194431 0.907032 -0.03686953 -3.72529E-8 -0.9076633 0.4183894 -0.0331081 0.1397275 -0.01460429 0.04735212 0.998771 3.72529E-9 0.0 0.0 0.0 1.0
Armature_Head 0.9499398 0.3025191 -0.07808359 0.0 -0.3100177 0.8816614 -0.3557564 0.06266728 -0.03877982 0.3621545 0.931311 -7.45058E-9 0.0 0.0 0.0 1.0
Armature_LeftShoulder -0.89323 0.412801 -0.1781352 2.57395E-4 -0.005712122 -0.406599 -0.9135882 0.1227964 -0.4495595 -0.8150287 0.365545 -0.07445695 0.0 0.0 0.0 1.0
Armature_LeftArm 0.5830388 0.4922566 -0.6463352 1.49012E-8 -0.7915136 0.1647379 -0.5885304 0.1505608 -0.1832322 0.854721 0.4856743 0.0 0.0 0.0 0.0 1.0
Armature_LeftForeArm 0.2061695 -0.978463 -0.01012322 2.98023E-8 0.9784979 0.2060869 0.008578118 0.2451266 -0.006307147 -0.01167404 0.9999134 1.49012E-8 0.0 0.0 0.0 1.0
Armature_LeftHand 0.9678289 0.1833892 0.1722668 1.49012E-8 -0.1479503 0.9685813 -0.1999033 0.2258011 -0.2035145 0.1679853 0.9645529 -1.49012E-8 0.0 0.0 0.0 1.0
Armature_LeftHandIndex1 0.9985425 0.05027683 -0.01935433 0.0 -0.05387188 0.9343043 -0.3523841 0.1662589 3.66122E-4 0.3529145 0.9356574 3.72529E-9 0.0 0.0 0.0 1.0
Armature_LeftHandIndex2 0.8585296 0.3327676 -0.3901188 0.0 -0.4015987 0.9094174 -0.1080693 0.01697406 0.3188188 0.2494519 0.9144005 0.0 0.0 0.0 0.0 1.0
Armature_LeftHandIndex3 0.9908049 0.06887855 0.1164438 -1.49012E-8 -0.006235443 0.883031 -0.4692726 0.02535114 -0.1351462 0.4642316 0.8753427 1.49012E-8 0.0 0.0 0.0 1.0
Armature_RightShoulder 0.9863017 -0.09974268 -0.131371 7.72998E-5 -0.1549767 -0.2876946 -0.9451012 0.122794 0.05647207 0.9525143 -0.299212 0.07445698 0.0 0.0 0.0 1.0
Armature_RightArm 0.9218869 -0.07908869 0.3792959 3.72529E-8 0.3653025 0.5036693 -0.782863 0.1505598 -0.1291232 0.8602697 0.4932199 5.96046E-8 0.0 0.0 0.0 1.0
Armature_RightForeArm 0.7772172 0.6292079 0.005594507 0.0 -0.6292329 0.7772022 0.004708398 0.245127 -0.001385555 -0.007179692 0.9999685 -1.49012E-8 0.0 0.0 0.0 1.0
Armature_RightHand 0.6694558 0.576969 -0.4679043 0.0 0.5730188 -2.5557E-4 0.8195419 0.22586 0.4727276 -0.8167685 -0.3307862 1.49012E-8 0.0 0.0 0.0 1.0
Armature_RightHandIndex1 0.9986249 -0.04782434 0.02143402 0.0 0.04982395 0.9931926 -0.1052877 0.1663067 -0.01625279 0.1062109 0.9942111 -1.86265E-9 0.0 0.0 0.0 1.0
Armature_RightHandIndex2 0.7631878 -0.3317793 0.5544977 -1.49012E-8 0.4937091 0.8530229 -0.1691209 0.01757506 -0.4168881 0.4028304 0.8148214 0.0 0.0 0.0 0.0 1.0
Armature_RightHandIndex3 0.9881573 0.1516972 -0.023074 -4.65661E-10 -0.1516185 0.9884242 0.005141947 0.02526829 0.02358687 -0.001582567 0.9997199 0.0 0.0 0.0 0.0 1.0
Armature_LeftUpLeg -0.3727203 0.8636062 0.3393611 0.01853681 -0.9205725 -0.2985364 -0.2515776 -0.0510716 -0.1159319 -0.4062736 0.9063838 -0.07812691 0.0 0.0 0.0 1.0
Armature_LeftLeg 0.8947341 0.4465675 0.002490341 -2.79397E-9 -0.4442998 0.8896794 0.1053413 0.4546301 0.04482453 -0.09536315 0.9944317 -1.49012E-8 0.0 0.0 0.0 1.0
Armature_LeftFoot 0.02182884 -0.5376503 -0.8428997 0.0 -0.0984081 0.8377975 -0.5370122 0.396764 0.9949088 0.09466433 -0.03462314 -1.49012E-8 0.0 0.0 0.0 1.0
Armature_LeftToeBase 0.9072631 0.222747 -0.3567652 7.45058E-8 0.4187399 -0.3985593 0.8159599 0.2132301 0.03956195 -0.8896818 -0.4548555 0.0 0.0 0.0 0.0 1.0
Armature_RightUpLeg -0.7556558 0.3827325 -0.5316588 0.02040136 -0.5678884 -0.7872972 0.2402442 -0.05099773 -0.3266371 0.4834078 0.8121735 0.07812692 0.0 0.0 0.0 1.0
Armature_RightLeg 0.5187036 0.8549051 -0.002707377 2.23517E-8 -0.8368198 0.5069089 -0.2069969 0.4552552 -0.1756191 0.1096177 0.9783378 -1.49012E-8 0.0 0.0 0.0 1.0
Armature_RightFoot -0.1441256 -0.9245387 -0.3527294 2.98023E-8 0.06372974 0.3470213 -0.9357082 0.3960836 0.9875051 -0.1573312 0.008906418 -5.96046E-8 0.0 0.0 0.0 1.0
Armature_RightToeBase 0.9057912 -0.2337808 0.3533645 9.59262E-8 -0.4228849 -0.4475714 0.7879474 0.2100105 -0.0260503 -0.8631591 -0.5042782 0.0 0.0 0.0 0.0 1.0
Time 0.166667
Armature_Hips -0.6447 -0.3731225 -0.6671906 0.122331 0.7099232 0.03144747 -0.7035777 0.3383608 0.2835021 -0.9272502 0.2446133 -0.274929 0.0 0.0 0.0 1.0
Armature_Spine 0.587409 0.8063923 0.06843461 0.0 -0.8072211 0.5777645 0.1207616 0.0931503 0.05784212 -0.1261784 0.9903198 0.0 0.0 0.0 0.0 1.0
Armature_Spine1 0.9806815 0.1938847 0.02593179 0.0 -0.192226 0.9797596 -0.05584886 0.1086759 -0.0362352 0.04978514 0.9981022 0.0 0.0 0.0 0.0 1.0
Armature_Spine2 0.9795947 0.1942525 0.05157843 0.0 -0.1916916 0.9801437 -0.0507093 0.1242011 -0.06040471 0.03978739 0.9973809 3.72529E-9 0.0 0.0 0.0 1.0
Armature_Neck 0.4295875 0.9021806 -0.03904451 -3.72529E-8 -0.9030231 0.4291013 -0.02051036 0.1397275 -0.001749996 0.04406916 0.9990268 3.72529E-9 0.0 0.0 0.0 1.0
Armature_Head 0.9707059 0.1965714 -0.1381654 0.0 -0.2355605 0.8918926 -0.3860559 0.06266728 0.04734116 0.407293 0.9120699 -7.45058E-9 0.0 0.0 0.0 1.0
Armature_LeftShoulder -0.9219912 0.3099207 -0.2321174 2.5741E-4 0.05581081 -0.4868375 -0.871707 0.1227965 -0.3831637 -0.816662 0.4315638 -0.07445705 0.0 0.0 0.0 1.0
Armature_LeftArm 0.6365769 0.3120581 -0.7052578 1.49012E-8 -0.7361545 0.5184639 -0.4350551 0.1505608 0.2298889 0.796126 0.5597628 0.0 0.0 0.0 0.0 1.0
Armature_LeftForeArm -0.06365136 -0.9978933 -0.01249042 2.98023E-8 0.9979281 -0.06376281 0.008748521 0.2451266 -0.009526553 -0.01190764 0.999885 1.49012E-8 0.0 0.0 0.0 1.0
Armature_LeftHand 0.9216561 0.2549567 0.2924868 1.49012E-8 -0.1753871 0.9461539 -0.2720876 0.2258011 -0.3461085 0.1994726 0.9167438 -1.49012E-8 0.0 0.0 0.0 1.0
Armature_LeftHandIndex1 0.9983028 0.0547266 -0.01966941 0.0 -0.05815193 0.9368255 -0.3449311 0.1662589 -4.50097E-4 0.3454911 0.938423 3.72529E-9 0.0 0.0 0.0 1.0
Armature_LeftHandIndex2 0.8515108 0.3470451 -0.3930517 0.0 -0.4629652 0.8495416 -0.2528705 0.01697406 0.2461559 0.3972912 0.8840634 0.0 0.0 0.0 0.0 1.0
Armature_LeftHandIndex3 0.9837412 0.1350959 0.1183259 -1.49012E-8 -0.04663027 0.8284224 -0.5581591 0.02535114 -0.1734287 0.5435657 0.8212548 1.49012E-8 0.0 0.0 0.0 1.0
Armature_RightShoulder 0.9904635 0.00502491 -0.137679 7.73892E-5 -0.1247484 -0.3913974 -0.9117279 0.1227939 -0.05846839 0.9202089 -0.3870384 0.07445704 0.0 0.0 0.0 1.0
Armature_RightArm 0.8906512 -0.01907006 0.4542823 3.72529E-8 0.3321843 0.7095079 -0.6214939 0.1505598 -0.3104626 0.7044408 0.6382622 5.96046E-8 0.0 0.0 0.0 1.0
Armature_RightForeArm 0.7734753 0.6338013 0.005623072 0.0 -0.633827 0.7734595 0.004743364 0.245127 -0.001342937 -0.007232934 0.999969 -1.49012E-8 0.0 0.0 0.0 1.0
Armature_RightHand 0.7143373 0.5471084 -0.4363418 0.0 0.522752 -0.002653517 0.8524815 0.22586 0.4652383 -0.8370609 -0.2878981 1.49012E-8 0.0 0.0 0.0 1.0
Armature_RightHandIndex1 0.9921416 -0.1232755 -0.0213463 0.0 0.122494 0.991862 -0.03469784 0.1663067 0.02544994 0.03181038 0.9991703 -1.86265E-9 0.0 0.0 0.0 1.0
Armature_RightHandIndex2 0.7648221 -0.328877 0.5539745 -1.49012E-8 0.4755856 0.8682739 -0.1411308 0.01757506 -0.4345868 0.3714016 0.8204855 0.0 0.0 0.0 0.0 1.0
Armature_RightHandIndex3 0.9888104 0.1470156 -0.02529877 -4.65661E-10 -0.1470732 0.9891243 -4.1648E-4 0.02526829 0.02496231 0.004132587 0.999679 0.0 0.0 0.0 0.0 1.0
Armature_LeftUpLeg -0.3079534 0.8835564 0.3527165 0.01853657 -0.9339728 -0.2103892 -0.2886015 -0.05107167 -0.180764 -0.4184065 0.8901061 -0.07812691 0.0 0.0 0.0 1.0
Armature_LeftLeg 0.8441021 0.5339565 0.04859599 -2.79397E-9 -0.5357836 0.8368662 0.112337 0.4546301 0.01931367 -0.1208684 0.9924778 -1.49012E-8 0.0 0.0 0.0 1.0
Armature_LeftFoot 0.01492746 -0.5941294 -0.8042386 0.0 -0.1527712 0.7934896 -0.5890827 0.396764 0.988151 0.1316511 -0.07892491 -1.49012E-8 0.0 0.0 0.0 1.0
Armature_LeftToeBase 0.9072014 0.2218224 -0.3574987 7.45058E-8 0.4177606 -0.3739761 0.8280097 0.2132301 0.04997707 -0.900517 -0.4319263 0.0 0.0 0.0 0.0 1.0
Armature_RightUpLeg -0.7115231 0.4519139 -0.5382002 0.02040139 -0.5845729 -0.8056514 0.0962022 -0.0509978 -0.3901466 0.3830184 0.8373108 0.07812698 0.0 0.0 0.0 1.0
Armature_RightLeg 0.3233393 0.942191 -0.08702955 2.23517E-8 -0.9434223 0.31363 -0.1083564 0.4552552 -0.07481164 0.1171186 0.9902979 -1.49012E-8 0.0 0.0 0.0 1.0
Armature_RightFoot -0.1679059 -0.7471367 -0.6431124 2.98023E-8 0.09054109 0.6379375 -0.7647436 0.3960836 0.981636 -0.1866356 -0.0394664 -5.96046E-8 0.0 0.0 0.0 1.0
Armature_RightToeBase 0.9060345 -0.2353838 0.3516738 9.59262E-8 -0.423128 -0.4926441 0.7604458 0.2100105 -0.005746454 -0.8378005 -0.5459619 0.0 0.0 0.0 0.0 1.0
Time 0.2
Armature_Hips -0.6003917 -0.5021375 -0.6224058 0.103796 0.5901369 0.2470482 -0.7685746 0.3801828 0.5396938 -0.8287502 0.148004 -0.334997 0.0 0.0 0.0 1.0
Armature_Spine 0.6290902 0.7772447 0.01173521 0.0 -0.7746457 0.6255883 0.09254859 0.0931503 0.06459154 -0.06731199 0.9956391 0.0 0.0 0.0 0.0 1.0
Armature_Spine1 0.9783074 0.2061624 0.02029147 0.0 -0.2040065 0.9758097 -0.07858317 0.1086759 -0.03600154 0.07273885 0.9967008 0.0 0.0 0.0 0.0 1.0
Armature_Spine2 0.9770616 0.2071398 0.04942976 0.0 -0.2032993 0.9763852 -0.07308102 0.1242011 -0.06340051 0.06135566 0.9960998 3.72529E-9 0.0 0.0 0.0 1.0
Armature_Neck 0.4460786 0.8941063 -0.03983517 -3.72529E-8 -0.8949296 0.4461348 -0.007964876 0.1397275 0.01065041 0.03920263 0.999175 3.72529E-9 0.0 0.0 0.0 1.0
Armature_Head 0.9826375 0.06756312 -0.1727973 0.0 -0.1388136 0.885663 -0.4430934 0.06266728 0.1231034 0.459387 0.8796641 -7.45058E-9 0.0 0.0 0.0 1.0
Armature_LeftShoulder -0.9308504 0.1008725 -0.3511961 2.57455E-4 0.240314 -0.5550137 -0.7963713 0.1227964 -0.2752505 -0.825702 0.4923945 -0.07445719 0.0 0.0 0.0 1.0
Armature_LeftArm 0.6284044 -0.0863356 -0.7730808 1.49012E-8 -0.3874173 0.8270638 -0.4072763 0.1505608 0.6745523 0.5554386 0.4862804 0.0 0.0 0.0 0.0 1.0
Armature_LeftForeArm -0.1423206 -0.9897327 -0.0131797 2.98023E-8 0.9897671 -0.1424405 0.008676495 0.2451266 -0.01046476 -0.01180994 0.999876 1.49012E-8 0.0 0.0 0.0 1.0
Armature_LeftHand 0.9585276 -0.05851936 0.2789296 1.49012E-8 -0.00413245 0.9757361 0.2189101 0.2258011 -0.2849726 -0.2109839 0.935027 -1.49012E-8 0.0 0.0 0.0 1.0
Armature_LeftHandIndex1 0.9974326 0.06836638 -0.02107233 0.0 -0.07146111 0.9383288 -0.3382815 0.1662589 -0.003354266 0.3389206 0.9408108 3.72529E-9 0.0 0.0 0.0 1.0
Armature_LeftHandIndex2 0.847885 0.3533859 -0.3952343 0.0 -0.4874102 0.8128927 -0.318806 0.01697406 0.2086214 0.4629515 0.8614839 0.0 0.0 0.0 0.0 1.0
Armature_LeftHandIndex3 0.9779123 0.1737319 0.1161996 -1.49012E-8 -0.06834267 0.7911813 -0.6077508 0.02535114 -0.1975204 0.5863854 0.7855814 1.49012E-8 0.0 0.0 0.0 1.0
Armature_RightShoulder 0.9720966 0.1586012 -0.1728362 7.73892E-5 -0.07442784 -0.4901921 -0.8684316 0.1227937 -0.2224568 0.8570636 -0.4647104 0.07445699 0.0 0.0 0.0 1.0
Armature_RightArm 0.8384292 -0.01113714 0.544893 3.72529E-8 0.2643126 0.8826559 -0.3886633 0.1505598 -0.476621 0.4698897 0.7429922 5.96046E-8 0.0 0.0 0.0 1.0
Armature_RightForeArm 0.7703998 0.6375362 0.005645514 0.0 -0.6375621 0.7703834 0.004771214 0.245127 -0.001307443 -0.00727509 0.9999679 -1.49012E-8 0.0 0.0 0.0 1.0
Armature_RightHand 0.7737865 0.4943286 -0.3960949 0.0 0.4644697 -0.01759061 0.8854148 0.22586 0.4307156 -0.8690993 -0.2432127 1.49012E-8 0.0 0.0 0.0 1.0
Armature_RightHandIndex1 0.9843863 -0.1692109 -0.04847006 0.0 0.1697077 0.9854742 0.006300786 0.1663067 0.04669978 -0.01442816 0.9988045 -1.86265E-9 0.0 0.0 0.0 1.0
Armature_RightHandIndex2 0.764822 -0.3288772 0.5539746 -1.49012E-8 0.4755857 0.8682742 -0.1411308 0.01757506 -0.4345867 0.3714018 0.8204856 0.0 0.0 0.0 0.0 1.0
Armature_RightHandIndex3 0.9888108 0.1470159 -0.02529815 -4.65661E-10 -0.1470737 0.9891245 -4.16536E-4 0.02526829 0.02496171 0.004132535 0.9996789 0.0 0.0 0.0 0.0 1.0
Armature_LeftUpLeg -0.1991575 0.9011878 0.384872 0.01853684 -0.9433481 -0.07011622 -0.3240755 -0.05107157 -0.2650385 -0.427717 0.8641968 -0.07812688 0.0 0.0 0.0 1.0
Armature_LeftLeg 0.6683077 0.7267615 0.1587389 -2.79397E-9 -0.7392983 0.6725073 0.03419653 0.4546301 -0.08189233 -0.1402246 0.9867219 -1.49012E-8 0.0 0.0 0.0 1.0
Armature_LeftFoot 0.02356743 -0.7337108 -0.6790506 0.0 -0.1998619 0.6620611 -0.722308 0.396764 0.9795427 0.152737 -0.1310392 -1.49012E-8 0.0 0.0 0.0 1.0
Armature_LeftToeBase 0.9072006 0.221804 -0.3575135 7.45058E-8 0.4177386 -0.3734832 0.8282437 0.2132301 0.05018438 -0.9007266 -0.4314661 0.0 0.0 0.0 0.0 1.0
Armature_RightUpLeg -0.6550095 0.5550463 -0.512859 0.0204013 -0.6263707 -0.7784005 -0.04260026 -0.0509978 -0.4228795 0.2932939 0.8574182 0.07812701 0.0 0.0 0.0 1.0
Armature_RightLeg 0.03995042 0.9922252 -0.1169836 2.23517E-8 -0.9849921 0.01935764 -0.1720901 0.4552552 -0.1685222 0.1220772 0.9781134 -1.49012E-8 0.0 0.0 0.0 1.0
Armature_RightFoot -0.1585827 -0.8343472 -0.5279238 2.98023E-8 0.2431849 0.4852004 -0.8399094 0.3960836 0.956929 -0.2615725 0.1259589 -5.96046E-8 0.0 0.0 0.0 1.0
Armature_RightToeBase 0.905674 -0.2328384 0.3542848 9.59262E-8 -0.4222746 -0.421567 0.8024827 0.2100105 -0.03749278 -0.8764062 -0.4801327 0.0 0.0 0.0 0.0 1.0
Time 0.233333
Armature_Hips -0.4821874 -0.6135341 -0.6253577 0.07717899 0.4389803 0.4485343 -0.7785335 0.4305869 0.7581506 -0.6499184 0.05305177 -0.38824 0.0 0.0 0.0 1.0
Armature_Spine 0.6469437 0.76 -0.0621648 0.0 -0.7582031 0.6498051 0.05368545 0.0931503 0.08119596 0.01240206 0.9966214 0.0 0.0 0.0 0.0 1.0
Armature_Spine1 0.9749152 0.2220896 0.0146919 0.0 -0.2197846 0.9710128 -0.09395801 0.1086759 -0.0351331 0.08837202 0.995468 0.0 0.0 0.0 0.0 1.0
Armature_Spine2 0.9736773 0.2234412 0.04501212 0.0 -0.2189908 0.9718305 -0.08710591 0.1242011 -0.06320721 0.07495576 0.995182 3.72529E-9 0.0 0.0 0.0 1.0
Armature_Neck 0.4659714 0.8840538 -0.03631663 -3.72529E-8 -0.8844493 0.4665489 0.00898008 0.1397275 0.02488234 0.02793578 0.9993002 3.72529E-9 0.0 0.0 0.0 1.0
Armature_Head 0.9837689 -0.07043365 -0.1650389 0.0 -0.01755118 0.877564 -0.479138 0.06266728 0.1785796 0.4742577 0.8620839 -7.45058E-9 0.0 0.0 0.0 1.0
Armature_LeftShoulder -0.8787273 -0.06412297 -0.4729947 2.57544E-4 0.4187913 -0.5790203 -0.6995341 0.1227964 -0.2290171 -0.8127867 0.5356564 -0.07445717 0.0 0.0 0.0 1.0
Armature_LeftArm 0.5955548 -0.3579186 -0.7191715 1.49012E-8 0.03320755 0.9054598 -0.4231297 0.1505608 0.8026301 0.228115 0.5511345 0.0 0.0 0.0 0.0 1.0
Armature_LeftForeArm -0.1945526 -0.9807977 -0.01363183 2.98023E-8 0.9808294 -0.19468 0.00875823 0.2451266 -0.01124391 -0.01166653 0.99987 1.49012E-8 0.0 0.0 0.0 1.0
Armature_LeftHand 0.9682598 -0.2205452 0.117621 1.49012E-8 0.1450267 0.8789797 0.4542697 0.2258011 -0.2035738 -0.4227923 0.8830653 -1.49012E-8 0.0 0.0 0.0 1.0
Armature_LeftHandIndex1 0.9963129 0.08281267 -0.02218062 0.0 -0.08539711 0.9358298 -0.3419521 0.1662589 -0.007560611 0.3425873 0.9394565 3.72529E-9 0.0 0.0 0.0 1.0
Armature_LeftHandIndex2 0.847865 0.3534216 -0.3952448 0.0 -0.4875361 0.8126777 -0.3191611 0.01697406 0.2084082 0.4633012 0.861347 0.0 0.0 0.0 0.0 1.0
Armature_LeftHandIndex3 0.9779268 0.1736372 0.1162176 -1.49012E-8 -0.06829409 0.7913053 -0.6075954 0.02535114 -0.1974644 0.5862473 0.7856985 1.49012E-8 0.0 0.0 0.0 1.0
Armature_RightShoulder 0.9158657 0.3227762 -0.2387564 7.72998E-5 -0.05126396 -0.4957987 -0.8669245 0.1227934 -0.3981968 0.8062249 -0.4375395 0.07445703 0.0 0.0 0.0 1.0
Armature_RightArm 0.7830105 -0.0181583 0.6217414 3.72529E-8 0.1826129 0.9622366 -0.2018796 0.1505598 -0.5945922 0.2716124 0.7567608 5.96046E-8 0.0 0.0 0.0 1.0
Armature_RightForeArm 0.7674597 0.6410732 0.005668297 0.0 -0.6410992 0.7674432 0.004802058 0.245127 -0.00127171 -0.007319301 0.9999679 -1.49012E-8 0.0 0.0 0.0 1.0
Armature_RightHand 0.8414067 0.407932 -0.3544329 0.0 0.3980263 -0.02419689 0.9170555 0.22586 0.3655175 -0.9126946 -0.1827275 1.49012E-8 0.0 0.0 0.0 1.0
Armature_RightHandIndex1 0.9781417 -0.1969516 -0.06668244 0.0 0.2014734 0.9770133 0.06967147 0.1663067 0.05142764 -0.0815835 0.9953386 -1.86265E-9 0.0 0.0 0.0 1.0
Armature_RightHandIndex2 0.764822 -0.3288772 0.5539746 -1.49012E-8 0.4755857 0.8682742 -0.1411308 0.01757506 -0.4345867 0.3714018 0.8204856 0.0 0.0 0.0 0.0 1.0
Armature_RightHandIndex3 0.9888108 0.1470158 -0.02529845 -4.65661E-10 -0.1470735 0.9891244 -4.16171E-4 0.02526829 0.02496207 0.004132252 0.9996791 0.0 0.0 0.0 0.0 1.0
Armature_LeftUpLeg -0.1380104 0.8962176 0.421521 0.01853666 -0.9284079 0.03105742 -0.370062 -0.05107156 -0.3447131 -0.4425232 0.8278667 -0.07812703 0.0 0.0 0.0 1.0
Armature_LeftLeg 0.4734249 0.8681446 0.1492635 -2.79397E-9 -0.8772026 0.4799715 -0.008532966 0.4546301 -0.079039 -0.1269138 0.988755 -1.49012E-8 0.0 0.0 0.0 1.0
Armature_LeftFoot 0.07666162 -0.8762178 -0.4757987 0.0 -0.3106126 0.432484 -0.8464384 0.396764 0.9474399 0.212686 -0.2390009 -1.49012E-8 0.0 0.0 0.0 1.0
Armature_LeftToeBase 0.9073104 0.2237775 -0.3559985 7.45058E-8 0.4194208 -0.4209214 0.804297 0.2132301 0.03013726 -0.8790622 -0.4757459 0.0 0.0 0.0 0.0 1.0
Armature_RightUpLeg -0.6448506 0.6022238 -0.4707757 0.02040148 -0.6127895 -0.7753916 -0.1526855 -0.05099769 -0.4570149 0.1899954 0.8689431 0.078127 0.0 0.0 0.0 1.0
Armature_RightLeg -0.08444008 0.9867333 -0.1379335 2.23517E-8 -0.9872006 -0.1017225 -0.1236215 0.4552552 -0.1360399 0.1257032 0.982699 -1.49012E-8 0.0 0.0 0.0 1.0
Armature_RightFoot -0.1982939 -0.8175757 -0.5405953 2.98023E-8 0.1045104 0.5307598 -0.8410559 0.3960836 0.9745539 -0.2232716 -0.01980149 -5.96046E-8 0.0 0.0 0.0 1.0
Armature_RightToeBase 0.8967981 -0.2166937 0.3857071 9.59262E-8 -0.4266766 -0.1933016 0.8835068 0.2100105 -0.1168878 -0.9569302 -0.265812 0.0 0.0 0.0 0.0 1.0
Time 0.266667
Armature_Hips -0.3332279 -0.6927908 -0.6395318 0.04746294 0.2328622 0.5968136 -0.7678474 0.4885018 0.9136385 -0.4047908 -0.03755008 -0.435253 0.0 0.0 0.0 1.0
Armature_Spine 0.6463692 0.7507324 -0.136414 0.0 -0.7558272 0.6544557 0.02035996 0.0931503 0.1045617 0.08994532 0.9904431 0.0 0.0 0.0 0.0 1.0
Armature_Spine1 0.9714282 0.2371385 0.009598813 0.0 -0.2350253 0.9668225 -0.1000843 0.1086759 -0.03301418 0.09496871 0.9949329 0.0 0.0 0.0 0.0 1.0
Armature_Spine2 0.9702933 0.2386555 0.0396788 0.0 -0.2343165 0.9678518 -0.09142201 0.1242011 -0.06022158 0.07940874 0.9950213 3.72529E-9 0.0 0.0 0.0 1.0
Armature_Neck 0.4881468 0.8722577 -0.02963202 -3.72529E-8 -0.8719319 0.4888816 0.02697641 0.1397275 0.03801691 0.01266867 0.9991971 3.72529E-9 0.0 0.0 0.0 1.0
Armature_Head 0.9705523 -0.2073632 -0.1225934 0.0 0.1240312 0.8664418 -0.4836272 0.06266728 0.2065064 0.4541798 0.8666468 -7.45058E-9 0.0 0.0 0.0 1.0
Armature_LeftShoulder -0.8110737 -0.1461658 -0.5663846 2.5744E-4 0.5361934 -0.572763 -0.6200297 0.1227963 -0.2337767 -0.8065838 0.5429273 -0.07445711 0.0 0.0 0.0 1.0
Armature_LeftArm 0.4703029 -0.4863619 -0.7363874 1.49012E-8 0.3171977 0.8718273 -0.3732331 0.1505608 0.8235314 -0.05804782 0.5642939 0.0 0.0 0.0 0.0 1.0
Armature_LeftForeArm -0.250622 -0.9679815 -0.01413004 2.98023E-8 0.968015 -0.2507536 0.008485497 0.2451266 -0.01175697 -0.01155139 0.9998654 1.49012E-8 0.0 0.0 0.0 1.0
Armature_LeftHand 0.9617543 -0.268123 0.0560413 1.49012E-8 0.2014305 0.8309282 0.5186363 0.2258011 -0.1856248 -0.4875112 0.8531569 -1.49012E-8 0.0 0.0 0.0 1.0
Armature_LeftHandIndex1 0.9954791 0.09231153 -0.02214726 0.0 -0.09431635 0.935256 -0.3411787 0.1662589 -0.01078128 0.341727 0.9397385 3.72529E-9 0.0 0.0 0.0 1.0
Armature_LeftHandIndex2 0.8488056 0.3518324 -0.394644 0.0 -0.4816014 0.8225104 -0.3025526 0.01697406 0.2181506 0.446869 0.8675944 0.0 0.0 0.0 0.0 1.0
Armature_LeftHandIndex3 0.9808008 0.1556348 0.1174951 -1.49012E-8 -0.05834519 0.8091257 -0.5847322 0.02535114 -0.1860726 0.5666506 0.8026735 1.49012E-8 0.0 0.0 0.0 1.0
Armature_RightShoulder 0.8305726 0.4811818 -0.2803793 7.727E-5 -0.05403483 -0.4314505 -0.9005183 0.1227936 -0.5542813 0.7630958 -0.3323511 0.07445696 0.0 0.0 0.0 1.0
Armature_RightArm 0.7316202 -0.02326754 0.6813139 3.72529E-8 0.1126654 0.9898028 -0.08718308 0.1505598 -0.6723323 0.1405458 0.7267841 5.96046E-8 0.0 0.0 0.0 1.0
Armature_RightForeArm 0.757304 0.6530381 0.005745202 0.0 -0.6530644 0.7572868 0.004887984 0.245127 -0.001158744 -0.00745368 0.9999669 -1.49012E-8 0.0 0.0 0.0 1.0
Armature_RightHand 0.9018559 0.3009049 -0.3100122 0.0 0.332625 -0.02569277 0.9427098 0.22586 0.275699 -0.953311 -0.1232599 1.49012E-8 0.0 0.0 0.0 1.0
Armature_RightHandIndex1 0.9760007 -0.2037838 -0.07676674 0.0 0.2131431 0.9661985 0.1450188 0.1663067 0.04461942 -0.157901 0.9864456 -1.86265E-9 0.0 0.0 0.0 1.0
Armature_RightHandIndex2 0.764822 -0.3288772 0.5539746 -1.49012E-8 0.4755857 0.8682742 -0.1411308 0.01757506 -0.4345867 0.3714018 0.8204856 0.0 0.0 0.0 0.0 1.0
Armature_RightHandIndex3 0.9888108 0.1470158 -0.02529845 -4.65661E-10 -0.1470735 0.9891244 -4.16171E-4 0.02526829 0.02496207 0.004132252 0.9996791 0.0 0.0 0.0 0.0 1.0
Armature_LeftUpLeg -0.140964 0.8823286 0.4489483 0.01853693 -0.910858 0.06198394 -0.4078693 -0.05107156 -0.3876651 -0.4665324 0.7950312 -0.07812688 0.0 0.0 0.0 1.0
Armature_LeftLeg 0.3089666 0.9456808 0.1018283 -2.79397E-9 -0.9500881 0.3116061 -0.01016054 0.4546301 -0.04133212 -0.0936229 0.9947458 -1.49012E-8 0.0 0.0 0.0 1.0
Armature_LeftFoot 0.1395022 -0.9517927 -0.2732843 0.0 -0.359238 0.2085521 -0.9096174 0.396764 0.9227584 0.2250827 -0.3128071 -1.49012E-8 0.0 0.0 0.0 1.0
Armature_LeftToeBase 0.907584 0.2258953 -0.3539542 7.45058E-8 0.4199025 -0.4839694 0.767749 0.2132301 0.002127983 -0.8454312 -0.5340747 0.0 0.0 0.0 0.0 1.0
Armature_RightUpLeg -0.6250108 0.6477131 -0.4358431 0.02040142 -0.6273294 -0.7489325 -0.2135793 -0.05099793 -0.4647855 0.1399013 0.8743162 0.07812702 0.0 0.0 0.0 1.0
Armature_RightLeg -0.1975509 0.9702534 -0.1392888 2.23517E-8 -0.9776363 -0.2056032 -0.04617645 0.4552552 -0.07345535 0.1270261 0.9891776 -1.49012E-8 0.0 0.0 0.0 1.0
