Root_Bone_Name Hips
Num_Keyframes 31
Num_Bones 28
Time_Wrapping_Mode LOOP
Time 0.0
Hips 0.09501665 -0.04570118 -0.9944271 -0.007569001 0.9206653 -0.3758998 0.1052443 0.2612798 -0.3786139 -0.9255341 0.006358649 -0.03583702 0.0 0.0 0.0 1.0
Spine 0.6164042 0.784879 -0.06334226 2.98023E-8 -0.7757927 0.6191049 0.1218876 0.0931503 0.1348825 -0.02599161 0.9905208 0.0 0.0 0.0 0.0 1.0
Spine1 0.9674265 0.2470755 -0.05513592 1.49012E-8 -0.2493309 0.9676507 -0.0385762 0.1086759 0.04382104 0.05106682 0.9977329 0.0 0.0 0.0 0.0 1.0
Spine2 0.9677551 0.2489263 -0.03854277 -2.98023E-8 -0.2505238 0.967092 -0.04438067 0.1242011 0.02622689 0.05260548 0.9982709 1.86265E-9 0.0 0.0 0.0 1.0
Neck 0.1617408 0.9868333 -3.91848E-4 -2.23517E-8 -0.9865506 0.1616853 -0.02397186 0.1397276 -0.02359285 0.004263822 0.9997129 3.72529E-9 0.0 0.0 0.0 1.0
Head 0.8733364 0.4727525 0.1174289 0.0 -0.4714068 0.8809742 -0.04075678 0.06266725 -0.1227196 -0.01976239 0.992245 0.0 0.0 0.0 0.0 1.0
LeftShoulder -0.9934705 0.03124218 -0.1097056 2.57201E-4 0.1013583 -0.1993863 -0.974664 0.1227969 -0.05232437 -0.979422 0.1949183 -0.07445705 0.0 0.0 0.0 1.0
LeftArm 0.8108448 0.5332557 -0.2411883 -1.49012E-8 -0.2122098 -0.1161832 -0.9702911 0.1505607 -0.5454354 0.8379411 0.01895536 0.0 0.0 0.0 0.0 1.0
LeftForeArm 0.8247766 -0.5654427 -0.004688304 0.0 0.5654643 0.8247579 0.004958 0.245127 0.001063241 -0.006740257 0.9999782 -1.49012E-8 0.0 0.0 0.0 1.0
LeftHand 0.8841066 -0.325749 0.3350292 0.0 -0.3617405 -0.02324887 0.9319891 0.225801 -0.2958053 -0.9451714 -0.1383909 0.0 0.0 0.0 0.0 1.0
LeftHandIndex1 0.9986579 0.05118579 -0.006975517 0.0 -0.05165543 0.9879989 -0.1455775 0.166259 -5.59695E-4 0.1457435 0.989324 3.72529E-9 0.0 0.0 0.0 1.0
LeftHandIndex2 0.784295 0.4059371 -0.4691454 0.0 -0.3778994 0.912326 0.1576529 0.01697421 0.4920103 0.05364342 0.8689358 0.0 0.0 0.0 0.0 1.0
LeftHandIndex3 0.9924857 -0.01640196 0.1212472 -7.45058E-9 0.05155016 0.9547791 -0.2928123 0.02535105 -0.1109615 0.2968624 0.9484521 -1.49012E-8 0.0 0.0 0.0 1.0
RightShoulder 0.9999474 -0.001527606 -0.009960562 7.71359E-5 -0.01007682 -0.1574002 -0.9874858 0.1227933 -5.92694E-5 0.9875341 -0.1574079 0.0744569 0.0 0.0 0.0 1.0
RightArm 0.8589713 -0.4845749 0.1653776 7.45058E-9 0.2375316 0.09100158 -0.9671108 0.1505597 0.4535843 0.8700038 0.193271 0.0 0.0 0.0 0.0 1.0
RightForeArm 0.7477635 0.6639398 0.005815953 0.0 -0.663967 0.7477451 0.004954664 0.245127 -0.001059264 -0.007566497 0.9999657 0.0 0.0 0.0 0.0 1.0
RightHand 0.6175959 0.5119259 -0.5970824 7.45058E-9 0.585372 0.2078257 0.7836767 0.22586 0.5252687 -0.8335142 -0.1713155 0.0 0.0 0.0 0.0 1.0
RightHandIndex1 0.9985561 -0.0488428 0.02229179 2.98023E-8 0.05121695 0.9911301 -0.1226231 0.1663065 -0.01610482 0.1235879 0.9922028 -1.86265E-9 0.0 0.0 0.0 1.0
RightHandIndex2 0.6252006 -0.3843502 0.679265 -1.49012E-8 0.6205249 0.7726638 -0.1339382 0.01757535 -0.4733633 0.5052382 0.7215704 0.0 0.0 0.0 0.0 1.0
RightHandIndex3 0.9889609 0.1426928 -0.03993869 -1.49012E-8 -0.1433679 0.9895606 -0.01456504 0.02526832 0.03744361 0.02013018 0.9990946 -2.98023E-8 0.0 0.0 0.0 1.0
LeftUpLeg -0.398544 0.5218168 0.7541484 0.01904199 -0.9156634 -0.2704411 -0.2969472 -0.05088544 0.04900683 -0.809053 0.5857161 -0.07812683 0.0 0.0 0.0 1.0
LeftLeg 0.8823171 0.4674158 0.05480393 0.0 -0.4696428 0.8819856 0.03983819 0.4546301 -0.02971318 -0.06089312 0.9976973 -2.98023E-8 0.0 0.0 0.0 1.0
LeftFoot 0.03389543 -0.4462124 -0.8943342 2.98023E-8 0.0052066 0.8947797 -0.4463727 0.396764 0.9994133 0.01047197 0.0326571 -4.47035E-8 0.0 0.0 0.0 1.0
LeftToeBase 0.8695216 0.3967537 -0.2942092 1.49012E-8 0.4787988 -0.8234102 0.3045477 0.2132301 -0.1214321 -0.405674 -0.9058906 -1.49012E-8 0.0 0.0 0.0 1.0
RightUpLeg -0.6117287 0.5344847 -0.5833228 0.02090579 -0.789959 -0.4544871 0.4117731 -0.05079326 -0.04502442 0.7125827 0.7001314 0.07812715 0.0 0.0 0.0 1.0
RightLeg 0.9372329 0.3156548 0.1483365 1.49012E-8 -0.2988616 0.9460512 -0.1250547 0.4552553 -0.1798185 0.07287036 0.9809885 2.98023E-8 0.0 0.0 0.0 1.0
RightFoot 0.205401 -0.9273913 -0.3126051 0.0 0.2512856 0.3586646 -0.8990388 0.3960836 0.9458475 0.1061056 0.3067354 8.9407E-8 0.0 0.0 0.0 1.0
RightToeBase 0.8707546 -0.4046746 0.2792876 4.28408E-8 -0.4650375 -0.8622751 0.2005667 0.2100106 0.1596515 -0.3045266 -0.939045 0.0 0.0 0.0 0.0 1.0
Time 0.033333
Hips -0.1135562 -0.1004644 -0.9884397 0.03489901 0.9116923 -0.4059418 -0.0634794 0.2625709 -0.3948712 -0.9083607 0.1376896 -0.05667099 0.0 0.0 0.0 1.0
Spine 0.5718042 0.8196887 0.03395535 2.98023E-8 -0.8133476 0.5609977 0.1541074 0.0931503 0.1072711 -0.1157369 0.98747 0.0 0.0 0.0 0.0 1.0
Spine1 0.9702405 0.2406199 -0.02713513 1.49012E-8 -0.2414915 0.9697546 -0.03546073 0.1086759 0.01778185 0.04095829 0.9990031 0.0 0.0 0.0 0.0 1.0
Spine2 0.9704088 0.2412817 -0.009396706 -2.98023E-8 -0.2414645 0.9696491 -0.0384093 0.1242011 -1.55956E-4 0.03954172 0.9992179 1.86265E-9 0.0 0.0 0.0 1.0
Neck 0.1695252 0.9854253 -0.01408373 -2.23517E-8 -0.9846959 0.1687793 -0.04342514 0.1397276 -0.04041519 0.02122987 0.9989567 3.72529E-9 0.0 0.0 0.0 1.0
Head 0.8911332 0.429343 0.1467844 0.0 -0.3996824 0.8958916 -0.1939885 0.06266725 -0.2147905 0.1142025 0.9699599 0.0 0.0 0.0 0.0 1.0
LeftShoulder -0.9847219 0.1191974 -0.126929 2.57187E-4 0.0963729 -0.2340279 -0.9674409 0.1227966 -0.1450212 -0.9648951 0.2189654 -0.07445694 0.0 0.0 0.0 1.0
LeftArm 0.7153143 0.5422561 -0.4407789 -1.49012E-8 -0.3913521 -0.2117164 -0.8955543 0.1505607 -0.5789402 0.8131049 0.06076888 0.0 0.0 0.0 0.0 1.0
LeftForeArm 0.753238 -0.657728 -0.005316284 0.0 0.6577532 0.7532117 0.00576831 0.245127 2.10311E-4 -0.007841668 0.9999705 -1.49012E-8 0.0 0.0 0.0 1.0
LeftHand 0.7155298 -0.5559601 0.4229982 0.0 -0.3528007 0.2350354 0.905699 0.225801 -0.6029533 -0.7972867 -0.02796818 0.0 0.0 0.0 0.0 1.0
LeftHandIndex1 0.9991361 0.04041454 -0.008974798 0.0 -0.04128876 0.9885821 -0.1449248 0.166259 0.00301522 0.1451712 0.9894032 3.72529E-9 0.0 0.0 0.0 1.0
LeftHandIndex2 0.782883 0.4092448 -0.4686298 0.0 -0.3989867 0.9081818 0.126557 0.01697421 0.4773932 0.08789773 0.874283 0.0 0.0 0.0 0.0 1.0
LeftHandIndex3 0.9923772 -0.01233146 0.1226078 -7.45058E-9 0.04861899 0.9534436 -0.297625 0.02535105 -0.1132293 0.3013174 0.9467777 -1.49012E-8 0.0 0.0 0.0 1.0
RightShoulder 0.9980034 -0.03181806 -0.05452725 7.71955E-5 -0.05928692 -0.1755534 -0.9826843 0.1227935 0.02169463 0.983955 -0.1770899 0.07445687 0.0 0.0 0.0 1.0
RightArm 0.8690985 -0.4214384 0.2589458 7.45058E-9 0.3372625 0.1219565 -0.933481 0.1505597 0.3618217 0.8986195 0.2481292 0.0 0.0 0.0 0.0 1.0
RightForeArm 0.7256188 0.6880713 0.005982131 0.0 -0.6880988 0.725599 0.005137092 0.245127 -8.059E-4 -0.007843837 0.9999634 0.0 0.0 0.0 0.0 1.0
RightHand 0.5858799 0.561075 -0.5847571 7.45058E-9 0.5862932 0.2046797 0.7838166 0.22586 0.5594624 -0.8020643 -0.2090375 0.0 0.0 0.0 0.0 1.0
RightHandIndex1 0.9985861 -0.04838148 0.02193294 2.98023E-8 0.05059668 0.9920411 -0.1153001 0.1663065 -0.01617997 0.116247 0.9930888 -1.86265E-9 0.0 0.0 0.0 1.0
RightHandIndex2 0.6240737 -0.3857325 0.6795179 -1.49012E-8 0.6307644 0.7619693 -0.1467625 0.01757535 -0.4611595 0.5202053 0.718833 0.0 0.0 0.0 0.0 1.0
RightHandIndex3 0.9877263 0.152034 -0.03579766 -1.49012E-8 -0.1523726 0.988297 -0.006906293 0.02526832 0.03432879 0.01227621 0.9993341 -2.98023E-8 0.0 0.0 0.0 1.0
LeftUpLeg -0.3158846 0.6663834 0.6753001 0.0190419 -0.948127 -0.1986937 -0.2475942 -0.05088537 -0.03080016 -0.7186455 0.6947274 -0.07812689 0.0 0.0 0.0 1.0
LeftLeg 0.7361474 0.6763507 0.02507124 0.0 -0.6761653 0.7366487 -0.01293012 0.4546301 -0.02720995 -0.00743497 0.9995994 -2.98023E-8 0.0 0.0 0.0 1.0
LeftFoot 0.05268275 -0.603278 -0.7958043 2.98023E-8 -0.04306433 0.7947213 -0.605423 0.396764 0.9976825 0.06615985 0.01588986 -4.47035E-8 0.0 0.0 0.0 1.0
LeftToeBase 0.8693829 0.3966137 -0.2948086 1.49012E-8 0.4806561 -0.8173027 0.3177879 0.2132301 -0.114916 -0.4179772 -0.9011357 -1.49012E-8 0.0 0.0 0.0 1.0
RightUpLeg -0.6871898 0.446625 -0.5731243 0.02090552 -0.7023682 -0.6104848 0.3662022 -0.05079309 -0.1863404 0.6540954 0.7330967 0.07812697 0.0 0.0 0.0 1.0
RightLeg 0.9201857 0.3716347 0.1232682 1.49012E-8 -0.3432523 0.9170684 -0.202793 0.4552553 -0.1884229 0.1442873 0.9714249 2.98023E-8 0.0 0.0 0.0 1.0
RightFoot 0.1425337 -0.8972546 -0.4178486 0.0 0.2330676 0.4406941 -0.8668925 0.3960836 0.961944 0.0261735 0.2719514 8.9407E-8 0.0 0.0 0.0 1.0
RightToeBase 0.8689277 -0.4038253 0.2861167 4.28408E-8 -0.4867703 -0.8017137 0.3468642 0.2100106 0.08930671 -0.4406773 -0.8932317 0.0 0.0 0.0 0.0 1.0
Time 0.06666696
Hips -0.312806 -0.1435039 -0.9389139 0.07654802 0.8893095 -0.3914334 -0.2364528 0.2693049 -0.3335902 -0.9089487 0.2500617 -0.09222302 0.0 0.0 0.0 1.0
Spine 0.5364115 0.8382382 0.09809027 2.98023E-8 -0.840342 0.5197477 0.1539133 0.0931503 0.0780338 -0.1649904 0.9832031 0.0 0.0 0.0 0.0 1.0
Spine1 0.9740921 0.2261505 -2.36271E-4 1.49012E-8 -0.2260488 0.9736211 -0.03103381 0.1086759 -0.006788295 0.03028321 0.9995179 0.0 0.0 0.0 0.0 1.0
Spine2 0.9739884 0.2259158 0.01755895 -2.98023E-8 -0.2253193 0.9738013 -0.03068521 0.1242011 -0.0240312 0.02593066 0.9993749 1.86265E-9 0.0 0.0 0.0 1.0
Neck 0.1728288 0.9846292 -0.02521272 -2.23517E-8 -0.98387 0.1713834 -0.05125185 0.1397276 -0.04614301 0.03366385 0.998367 3.72529E-9 0.0 0.0 0.0 1.0
Head 0.9009725 0.4108175 0.1395609 0.0 -0.3580486 0.8856698 -0.2956181 0.06266725 -0.2450499 0.2163742 0.9450572 0.0 0.0 0.0 0.0 1.0
LeftShoulder -0.9584079 0.2468542 -0.1432229 2.57201E-4 0.07443106 -0.2682742 -0.9604622 0.1227964 -0.2755167 -0.9311777 0.238743 -0.07445688 0.0 0.0 0.0 1.0
LeftArm 0.7027706 0.5398379 -0.4633467 -1.49012E-8 -0.4027492 -0.2349847 -0.8846311 0.1505607 -0.5864372 0.8083082 0.05227861 0.0 0.0 0.0 0.0 1.0
LeftForeArm 0.6968648 -0.7171798 -0.005811853 0.0 0.717207 0.696833 0.006289851 0.245127 -4.6107E-4 -0.008551426 0.9999645 -1.49012E-8 0.0 0.0 0.0 1.0
LeftHand 0.7292361 -0.4025753 0.553308 0.0 -0.3018481 0.5364308 0.7881179 0.225801 -0.6140895 -0.7417371 0.2696677 0.0 0.0 0.0 0.0 1.0
LeftHandIndex1 0.9994789 0.03180389 -0.004209541 0.0 -0.03194493 0.9987153 -0.03936094 0.166259 0.002952255 0.03947513 0.9992182 3.72529E-9 0.0 0.0 0.0 1.0
LeftHandIndex2 0.7827613 0.4095219 -0.468592 0.0 -0.4007345 0.9077737 0.1239337 0.01697421 0.4761292 0.09077038 0.8746789 0.0 0.0 0.0 0.0 1.0
LeftHandIndex3 0.9923441 -0.01118973 0.1229862 -7.45058E-9 0.0478 0.9530624 -0.2989739 0.02535105 -0.113868 0.3025635 0.9463037 -1.49012E-8 0.0 0.0 0.0 1.0
RightShoulder 0.9912676 -0.09316767 -0.09330487 7.72551E-5 -0.1101589 -0.1962755 -0.9743429 0.1227932 0.07246356 0.9761128 -0.2048254 0.07445686 0.0 0.0 0.0 1.0
RightArm 0.8969111 -0.3182347 0.3070361 7.45058E-9 0.3798961 0.1991635 -0.9033368 0.1505597 0.2263208 0.9268557 0.2995302 0.0 0.0 0.0 0.0 1.0
RightForeArm 0.73485 0.6782044 0.005913332 0.0 -0.6782325 0.7348301 0.005062656 0.245127 -9.11772E-4 -0.007730901 0.9999633 0.0 0.0 0.0 0.0 1.0
RightHand 0.5911753 0.5870851 -0.5530311 7.45058E-9 0.5829047 0.1628976 0.7960448 0.22586 0.5574287 -0.7929696 -0.2459144 0.0 0.0 0.0 0.0 1.0
RightHandIndex1 0.9985958 -0.04824223 0.02179948 2.98023E-8 0.05039853 0.9923643 -0.1125682 0.1663065 -0.01620247 0.1135089 0.9934047 -1.86265E-9 0.0 0.0 0.0 1.0
RightHandIndex2 0.623595 -0.3863072 0.6796308 -1.49012E-8 0.6349884 0.757395 -0.1521256 0.01757535 -0.4559805 0.5264214 0.7176105 0.0 0.0 0.0 0.0 1.0
RightHandIndex3 0.9870246 0.1570236 -0.03354725 -1.49012E-8 -0.1572049 0.9875602 -0.002815753 0.02526832 0.0326879 0.008053011 0.9994321 -2.98023E-8 0.0 0.0 0.0 1.0
LeftUpLeg -0.2967151 0.7868439 0.5410382 0.01904157 -0.9531996 -0.2113814 -0.2155232 -0.05088551 -0.05520007 -0.5798213 0.8129009 -0.07812677 0.0 0.0 0.0 1.0
LeftLeg 0.7112049 0.7029852 -9.2025E-4 0.0 -0.702832 0.7112979 0.009355732 0.4546301 0.007230289 -0.006008056 0.9999555 -2.98023E-8 0.0 0.0 0.0 1.0
LeftFoot 0.04888051 -0.6853591 -0.7265633 2.98023E-8 -0.0343492 0.7258042 -0.6870385 0.396764 0.9982144 0.05853603 0.01193689 -4.47035E-8 0.0 0.0 0.0 1.0
LeftToeBase 0.86949 0.396723 -0.2943448 1.49012E-8 0.4792265 -0.8220479 0.3075419 0.2132301 -0.1199641 -0.4084587 -0.904835 -1.49012E-8 0.0 0.0 0.0 1.0
RightUpLeg -0.7434952 0.3355466 -0.578633 0.02090564 -0.5882533 -0.7398245 0.3266486 -0.05079298 -0.3185045 0.5831591 0.7473228 0.07812715 0.0 0.0 0.0 1.0
RightLeg 0.8986199 0.4387039 0.008054078 1.49012E-8 -0.4288084 0.8818247 -0.1961247 0.4552553 -0.0931497 0.1727756 0.9805452 2.98023E-8 0.0 0.0 0.0 1.0
RightFoot -0.09872292 -0.8523666 -0.5135273 0.0 0.0915572 0.5060652 -0.8576277 0.3960836 0.9908933 -0.1316812 0.02808084 8.9407E-8 0.0 0.0 0.0 1.0
RightToeBase 0.8681119 -0.4028946 0.2898776 4.28408E-8 -0.4939058 -0.7588212 0.4245641 0.2100106 0.04890808 -0.5117465 -0.857765 0.0 0.0 0.0 0.0 1.0
Time 0.1
Hips -0.4834551 -0.1910915 -0.8542573 0.109949 0.8557664 -0.3085424 -0.4152904 0.2825949 -0.1842159 -0.9318192 0.3126959 -0.14534 0.0 0.0 0.0 1.0
Spine 0.5281947 0.8408265 0.118417 2.98023E-8 -0.847195 0.5124491 0.1402079 0.0931503 0.05720787 -0.1743793 0.9830152 0.0 0.0 0.0 0.0 1.0
Spine1 0.9781483 0.2069978 0.01943775 1.49012E-8 -0.2063751 0.9780143 -0.02992724 0.1086759 -0.0252053 0.02526181 0.9993628 0.0 0.0 0.0 0.0 1.0
Spine2 0.97772 0.2064565 0.03791432 -2.98023E-8 -0.2055385 0.9782838 -0.0267361 0.1242011 -0.04261078 0.0183476 0.9989227 1.86265E-9 0.0 0.0 0.0 1.0
Neck 0.1733119 0.9843217 -0.03276764 -2.23517E-8 -0.9840765 0.1717443 -0.04579515 0.1397276 -0.03944951 0.04018271 0.9984127 3.72529E-9 0.0 0.0 0.0 1.0
Head 0.9195856 0.3835494 0.08516334 0.0 -0.3348075 0.8784328 -0.3409695 0.06266725 -0.2055889 0.2850373 0.936209 0.0 0.0 0.0 0.0 1.0
LeftShoulder -0.9136301 0.3743896 -0.1584566 2.57246E-4 0.0276885 -0.3315574 -0.9430282 0.1227964 -0.405597 -0.8659679 0.2925554 -0.07445695 0.0 0.0 0.0 1.0
LeftArm 0.5823592 0.5639037 -0.5855519 -1.49012E-8 -0.627757 -0.1457072 -0.7646495 0.1505607 -0.5165079 0.8128883 0.2691389 0.0 0.0 0.0 0.0 1.0
LeftForeArm 0.3360472 -0.9418013 -0.008979131 0.0 0.9418365 0.3359779 0.008260917 0.245127 -0.004763382 -0.01123287 0.9999265 -1.49012E-8 0.0 0.0 0.0 1.0
LeftHand 0.8823036 0.08885461 0.462218 0.0 -0.3121805 0.8454111 0.4333867 0.225801 -0.3522557 -0.5266745 0.7736471 0.0 0.0 0.0 0.0 1.0
LeftHandIndex1 0.998686 0.04838669 -0.01648914 0.0 -0.05110322 0.9529688 -0.298734 0.166259 0.001258872 0.2991862 0.9541953 3.72529E-9 0.0 0.0 0.0 1.0
LeftHandIndex2 0.7801664 0.4151219 -0.4679907 0.0 -0.4353089 0.897522 0.07044362 0.01697421 0.4492737 0.1487628 0.8809226 0.0 0.0 0.0 0.0 1.0
LeftHandIndex3 0.9901114 0.03322845 0.1362855 -7.45058E-9 0.0168595 0.936309 -0.3507705 0.02535105 -0.1392608 0.3495994 0.9264921 -1.49012E-8 0.0 0.0 0.0 1.0
RightShoulder 0.9841329 -0.1309367 -0.1197342 7.71359E-5 -0.1475442 -0.2291296 -0.9621509 0.1227937 0.09854587 0.9645492 -0.2448136 0.07445692 0.0 0.0 0.0 1.0
RightArm 0.9220781 -0.193378 0.3352182 7.45058E-9 0.3828421 0.3292657 -0.8631453 0.1505597 0.056537 0.9242234 0.3776445 0.0 0.0 0.0 0.0 1.0
RightForeArm 0.7578489 0.6524057 0.005739406 0.0 -0.6524321 0.7578315 0.004868014 0.245127 -0.001173615 -0.007433787 0.9999659 0.0 0.0 0.0 0.0 1.0
RightHand 0.6244839 0.5899457 -0.511844 7.45058E-9 0.58066 0.08760097 0.8094205 0.22586 0.5223475 -0.8026804 -0.2878534 0.0 0.0 0.0 0.0 1.0
RightHandIndex1 0.9986065 -0.04808204 0.02165148 2.98023E-8 0.05017304 0.9927162 -0.1095297 0.1663065 -0.01622737 0.1104636 0.9937474 -1.86265E-9 0.0 0.0 0.0 1.0
RightHandIndex2 0.6232254 -0.3867464 0.6797204 -1.49012E-8 0.638212 0.7538377 -0.1562496 0.01757535 -0.451969 0.5311826 0.7166392 0.0 0.0 0.0 0.0 1.0
RightHandIndex3 0.9869112 0.1578131 -0.03318819 -1.49012E-8 -0.1579711 0.9874398 -0.002168506 0.02526832 0.03242922 0.007382879 0.9994457 -2.98023E-8 0.0 0.0 0.0 1.0
LeftUpLeg -0.3316481 0.8528255 0.4032194 0.01904169 -0.939694 -0.2617823 -0.2194993 -0.05088528 -0.08161653 -0.4518372 0.8883768 -0.07812686 0.0 0.0 0.0 1.0
LeftLeg 0.807382 0.58936 -0.02742168 0.0 -0.585798 0.8064565 0.08067233 0.4546301 0.06965064 -0.04907583 0.9963646 -2.98023E-8 0.0 0.0 0.0 1.0
LeftFoot 0.03567552 -0.6126497 -0.7895613 2.98023E-8 -0.03832687 0.7885723 -0.6137258 0.396764 0.9986302 0.05215149 0.004652239 -4.47035E-8 0.0 0.0 0.0 1.0
LeftToeBase 0.8695902 0.3968168 -0.2939197 1.49012E-8 0.4778626 -0.8263056 0.2981088 0.2132301 -0.1245805 -0.3996823 -0.9081246 -1.49012E-8 0.0 0.0 0.0 1.0
RightUpLeg -0.7672231 0.3175066 -0.557458 0.02090552 -0.544871 -0.7812194 0.3047638 -0.05079333 -0.3387574 0.5374859 0.7722471 0.07812689 0.0 0.0 0.0 1.0
RightLeg 0.7469254 0.6646683 -0.01827107 1.49012E-8 -0.6572676 0.7336632 -0.1723992 0.4552553 -0.1011977 0.1407585 0.9848583 2.98023E-8 0.0 0.0 0.0 1.0
RightFoot -0.2034956 -0.8698561 -0.4493517 0.0 -0.007173851 0.4602496 -0.8877716 0.3960836 0.9790491 -0.1774274 -0.09990284 8.9407E-8 0.0 0.0 0.0 1.0
RightToeBase 0.8687366 -0.4036489 0.286945 4.28408E-8 -0.48864 -0.7928683 0.3641389 0.2100106 0.08052108 -0.4565579 -0.8860632 0.0 0.0 0.0 0.0 1.0
Time 0.133333
Hips -0.6007332 -0.2670065 -0.7535439 0.126805 0.7986332 -0.1578303 -0.5807545 0.3048689 0.03613319 -0.9506832 0.3080538 -0.20969 0.0 0.0 0.0 1.0
Spine 0.5524347 0.827011 0.1042638 2.98023E-8 -0.8319407 0.5392449 0.1307369 0.0931503 0.05189721 -0.1589649 0.985919 0.0 0.0 0.0 0.0 1.0
Spine1 0.9807231 0.1934577 0.02751473 1.49012E-8 -0.1923727 0.9805937 -0.03777818 0.1086759 -0.03428929 0.03175684 0.9989069 0.0 0.0 0.0 0.0 1.0
Spine2 0.9799395 0.1932131 0.04885297 -2.98023E-8 -0.1917525 0.9808865 -0.0330461 0.1242011 -0.05430418 0.02301552 0.9982587 1.86265E-9 0.0 0.0 0.0 1.0
Neck 0.1766626 0.9835804 -0.03686948 -2.23517E-8 -0.9839247 0.1754835 -0.03310815 0.1397276 -0.02609454 0.04212578 0.998771 3.72529E-9 0.0 0.0 0.0 1.0
Head 0.9474159 0.3196842 0.01433615 0.0 -0.2928424 0.8841885 -0.3639425 0.06266725 -0.1290225 0.3406068 0.931311 0.0 0.0 0.0 0.0 1.0
LeftShoulder -0.8932303 0.4128007 -0.1781325 2.57187E-4 -0.005713969 -0.4065977 -0.9135887 0.1227965 -0.4495577 -0.8150295 0.3655449 -0.07445695 0.0 0.0 0.0 1.0
LeftArm 0.5830352 0.4922606 -0.6463357 -1.49012E-8 -0.7915163 0.1647349 -0.588528 0.1505607 -0.1832354 0.8547198 0.4856758 0.0 0.0 0.0 0.0 1.0
LeftForeArm 0.206161 -0.9784644 -0.01011931 0.0 0.9785004 0.2060781 0.008582328 0.245127 -0.006312151 -0.01167101 0.9999136 -1.49012E-8 0.0 0.0 0.0 1.0
LeftHand 0.9678295 0.1834002 0.1722537 0.0 -0.1479626 0.9685785 -0.1999082 0.225801 -0.2035045 0.16799 0.9645541 0.0 0.0 0.0 0.0 1.0
LeftHandIndex1 0.998542 0.05025996 -0.01933187 0.0 -0.05384807 0.9343097 -0.3523742 0.166259 3.51645E-4 0.3529034 0.9356619 3.72529E-9 0.0 0.0 0.0 1.0
LeftHandIndex2 0.7739771 0.4267388 -0.4678184 0.0 -0.5025742 0.8634205 -0.04387675 0.01697421 0.3851999 0.2690732 0.8827348 0.0 0.0 0.0 0.0 1.0
LeftHandIndex3 0.9801031 0.1235968 0.1553023 -7.45058E-9 -0.04066233 0.8908901 -0.4523947 0.02535105 -0.1942716 0.4370787 0.8781919 -1.49012E-8 0.0 0.0 0.0 1.0
RightShoulder 0.9863015 -0.09973966 -0.1313731 7.71359E-5 -0.1549775 -0.2876923 -0.9451022 0.1227939 0.05646896 0.9525152 -0.2992097 0.07445696 0.0 0.0 0.0 1.0
RightArm 0.9218849 -0.07909089 0.3792985 7.45058E-9 0.3653046 0.5036732 -0.7828599 0.1505597 -0.1291245 0.8602667 0.4932243 0.0 0.0 0.0 0.0 1.0
RightForeArm 0.7772205 0.6292042 0.005593985 0.0 -0.6292296 0.777205 0.00469229 0.245127 -0.001395285 -0.007166818 0.9999672 0.0 0.0 0.0 0.0 1.0
RightHand 0.6694525 0.5769761 -0.4679002 7.45058E-9 0.5730209 -2.63691E-4 0.8195407 0.22586 0.4727275 -0.8167646 -0.3307971 0.0 0.0 0.0 0.0 1.0
RightHandIndex1 0.9986234 -0.04783681 0.0214477 2.98023E-8 0.04983805 0.9931904 -0.1053012 0.1663065 -0.01626438 0.1062252 0.9942092 -1.86265E-9 0.0 0.0 0.0 1.0
RightHandIndex2 0.6230763 -0.3869219 0.6797569 -1.49012E-8 0.6394959 0.7524041 -0.1578996 0.01757535 -0.4503562 0.5330836 0.7162425 0.0 0.0 0.0 0.0 1.0
RightHandIndex3 0.9882348 0.1482822 -0.03747135 -1.49012E-8 -0.1487494 0.9888225 -0.009982362 0.02526832 0.03557244 0.01543879 0.9992468 -2.98023E-8 0.0 0.0 0.0 1.0
LeftUpLeg -0.3635626 0.8665168 0.3418405 0.01904169 -0.9241514 -0.2899612 -0.2482234 -0.05088536 -0.1159413 -0.4062865 0.9063722 -0.07812686 0.0 0.0 0.0 1.0
LeftLeg 0.894719 0.4465768 0.002420608 0.0 -0.4442869 0.889695 0.1053632 0.4546301 0.04489583 -0.09535324 0.9944292 -2.98023E-8 0.0 0.0 0.0 1.0
LeftFoot 0.0218851 -0.5376616 -0.8429028 2.98023E-8 -0.09842094 0.8377546 -0.5370559 0.396764 0.9949068 0.09470171 -0.03458667 -4.47035E-8 0.0 0.0 0.0 1.0
LeftToeBase 0.8694463 0.3966793 -0.2945314 1.49012E-8 0.4798055 -0.8201604 0.3116523 0.2132301 -0.1179442 -0.4122792 -0.9033669 -1.49012E-8 0.0 0.0 0.0 1.0
RightUpLeg -0.750001 0.3905145 -0.5340354 0.02090558 -0.5753734 -0.7834689 0.2349447 -0.05079303 -0.3266753 0.4834049 0.8121656 0.07812685 0.0 0.0 0.0 1.0
RightLeg 0.5187213 0.8548797 -0.002763852 1.49012E-8 -0.8368514 0.506892 -0.2069687 0.4552553 -0.1755706 0.1096482 0.9783436 2.98023E-8 0.0 0.0 0.0 1.0
RightFoot -0.1440928 -0.9245314 -0.3527446 0.0 0.06372286 0.3470322 -0.9357107 0.3960836 0.9875104 -0.1572967 0.008909525 8.9407E-8 0.0 0.0 0.0 1.0
RightToeBase 0.8701143 -0.4045174 0.2814994 4.28408E-8 -0.4732932 -0.8450921 0.2486321 0.2100106 0.1373105 -0.3495737 -0.9268099 0.0 0.0 0.0 0.0 1.0
Time 0.166667
Hips -0.6409729 -0.37949 -0.6671905 0.122331 0.7095768 0.03847799 -0.7035779 0.3383608 0.2926729 -0.9243968 0.2446132 -0.274929 0.0 0.0 0.0 1.0
Spine 0.5953764 0.8006297 0.06723504 2.98023E-8 -0.8013631 0.5857241 0.1214336 0.0931503 0.05784215 -0.1261784 0.9903197 0.0 0.0 0.0 0.0 1.0
Spine1 0.9806815 0.1938849 0.0259318 1.49012E-8 -0.1922261 0.9797595 -0.05584885 0.1086759 -0.03623522 0.04978516 0.9981021 0.0 0.0 0.0 0.0 1.0
Spine2 0.9795943 0.1942534 0.05157845 -2.98023E-8 -0.1916927 0.9801434 -0.0507093 0.1242011 -0.06040477 0.0397873 0.9973809 1.86265E-9 0.0 0.0 0.0 1.0
Neck 0.1877035 0.9814495 -0.03904451 -2.23517E-8 -0.9821416 0.1870201 -0.02051043 0.1397276 -0.01282784 0.04219712 0.9990268 3.72529E-9 0.0 0.0 0.0 1.0
Head 0.9752073 0.218322 -0.03614071 0.0 -0.2137994 0.8873938 -0.4084392 0.06266725 -0.05710019 0.4060399 0.9120699 0.0 0.0 0.0 0.0 1.0
LeftShoulder -0.9219916 0.3099204 -0.2321148 2.57231E-4 0.05580905 -0.4868363 -0.8717077 0.1227967 -0.3831617 -0.8166627 0.4315636 -0.0744571 0.0 0.0 0.0 1.0
LeftArm 0.6365744 0.3120617 -0.7052589 -1.49012E-8 -0.7361584 0.5184607 -0.4350531 0.1505607 0.2298865 0.7961268 0.5597626 0.0 0.0 0.0 0.0 1.0
LeftForeArm -0.06366038 -0.9978925 -0.01248798 0.0 0.9979281 -0.06377178 0.00875257 0.245127 -0.009530534 -0.01190485 0.9998854 -1.49012E-8 0.0 0.0 0.0 1.0
LeftHand 0.9216574 0.2549677 0.2924736 0.0 -0.1753994 0.9461502 -0.2720928 0.225801 -0.3460995 0.1994764 0.9167463 0.0 0.0 0.0 0.0 1.0
LeftHandIndex1 0.9983025 0.05470966 -0.01964693 0.0 -0.05812816 0.936831 -0.3449212 0.166259 -4.64663E-4 0.3454798 0.9384276 3.72529E-9 0.0 0.0 0.0 1.0
LeftHandIndex2 0.765252 0.4402333 -0.469665 0.0 -0.572226 0.7994072 -0.1830503 0.01697421 0.2948682 0.4088342 0.8636601 0.0 0.0 0.0 0.0 1.0
LeftHandIndex3 0.9657136 0.201795 0.1633233 -7.45058E-9 -0.08474684 0.8396994 -0.5363976 0.02535105 -0.2453845 0.5041647 0.8280129 -1.49012E-8 0.0 0.0 0.0 1.0
RightShoulder 0.990463 0.005028099 -0.1376809 7.72253E-5 -0.124749 -0.3913952 -0.9117292 0.1227937 -0.05847169 0.9202099 -0.3870357 0.074457 0.0 0.0 0.0 1.0
RightArm 0.8906485 -0.01907396 0.4542855 7.45058E-9 0.3321869 0.7095112 -0.6214888 0.1505597 -0.3104637 0.7044371 0.6382658 0.0 0.0 0.0 0.0 1.0
RightForeArm 0.7734787 0.6337976 0.005622521 0.0 -0.6338238 0.7734623 0.004727269 0.245127 -0.001352683 -0.007220075 0.9999677 0.0 0.0 0.0 0.0 1.0
RightHand 0.7143339 0.5471155 -0.436338 7.45058E-9 0.522754 -0.002661452 0.8524806 0.22586 0.4652392 -0.8370574 -0.2879087 0.0 0.0 0.0 0.0 1.0
RightHandIndex1 0.9921397 -0.1232886 -0.02133193 2.98023E-8 0.1225073 0.9918599 -0.03471075 0.1663065 0.02543768 0.03182463 0.9991696 -1.86265E-9 0.0 0.0 0.0 1.0
RightHandIndex2 0.6252007 -0.3843499 0.6792648 -1.49012E-8 0.6205248 0.7726637 -0.1339382 0.01757535 -0.4733634 0.5052379 0.7215703 0.0 0.0 0.0 0.0 1.0
RightHandIndex3 0.9889609 0.1426928 -0.03993869 -1.49012E-8 -0.1433679 0.9895606 -0.01456504 0.02526832 0.03744361 0.02013018 0.9990946 -2.98023E-8 0.0 0.0 0.0 1.0
LeftUpLeg -0.2986703 0.8855924 0.3555645 0.01904148 -0.9369079 -0.2016191 -0.2851121 -0.05088545 -0.1807688 -0.4184198 0.890093 -0.07812689 0.0 0.0 0.0 1.0
LeftLeg 0.8440863 0.5339713 0.0485287 0.0 -0.5357656 0.8368868 0.1123634 0.4546301 0.01938383 -0.1208577 0.9924762 -2.98023E-8 0.0 0.0 0.0 1.0
LeftFoot 0.01498474 -0.594139 -0.8042367 2.98023E-8 -0.1527838 0.7934495 -0.5891228 0.396764 0.988149 0.1316899 -0.07889205 -4.47035E-8 0.0 0.0 0.0 1.0
LeftToeBase 0.8691937 0.3964062 -0.295645 1.49012E-8 0.4830974 -0.8084484 0.3361984 0.2132301 -0.1057496 -0.4350431 -0.8941519 -1.49012E-8 0.0 0.0 0.0 1.0
RightUpLeg -0.7057029 0.4598749 -0.5391481 0.02090558 -0.5916164 -0.801136 0.09084398 -0.0507931 -0.3901877 0.3830156 0.8373006 0.07812697 0.0 0.0 0.0 1.0
RightLeg 0.3233461 0.9421571 -0.08708021 1.49012E-8 -0.9434569 0.3136165 -0.1083237 0.4552553 -0.07476713 0.1171519 0.9902978 2.98023E-8 0.0 0.0 0.0 1.0
RightFoot -0.1678757 -0.7471355 -0.643122 0.0 0.0905354 0.6379501 -0.7647328 0.3960836 0.9816418 -0.1866088 -0.0394534 8.9407E-8 0.0 0.0 0.0 1.0
RightToeBase 0.8707683 -0.4046768 0.2792411 4.28408E-8 -0.4648503 -0.8626142 0.1995433 0.2100106 0.1601195 -0.3035644 -0.9392771 0.0 0.0 0.0 0.0 1.0
Time 0.2
Hips -0.5953883 -0.5080602 -0.6224059 0.103796 0.5876608 0.2528818 -0.7685747 0.3801828 0.5478767 -0.8233636 0.148004 -0.334997 0.0 0.0 0.0 1.0
Spine 0.6367328 0.7710098 0.01081786 2.98023E-8 -0.7683764 0.6332567 0.09266031 0.0931503 0.06459156 -0.06731199 0.9956391 0.0 0.0 0.0 0.0 1.0
Spine1 0.9783075 0.2061626 0.02029148 1.49012E-8 -0.2040067 0.9758097 -0.07858316 0.1086759 -0.03600157 0.07273886 0.9967007 0.0 0.0 0.0 0.0 1.0
Spine2 0.9770613 0.207141 0.04942979 -2.98023E-8 -0.2033004 0.976385 -0.07308102 0.1242011 -0.0634006 0.06135557 0.9960997 1.86265E-9 0.0 0.0 0.0 1.0
Neck 0.2056997 0.9778038 -0.03983518 -2.23517E-8 -0.9786143 0.2055459 -0.007964931 0.1397276 3.99817E-4 0.04062164 0.999175 3.72529E-9 0.0 0.0 0.0 1.0
Head 0.9938656 0.0958128 -0.05523774 0.0 -0.1105535 0.8744361 -0.4723764 0.06266725 0.003042143 0.4755856 0.879664 0.0 0.0 0.0 0.0 1.0
LeftShoulder -0.9308509 0.1008723 -0.3511937 2.57336E-4 0.2403123 -0.5550126 -0.7963723 0.1227966 -0.2752486 -0.8257027 0.492394 -0.07445723 0.0 0.0 0.0 1.0
LeftArm 0.6284038 -0.08633259 -0.773082 -1.49012E-8 -0.3874224 0.8270618 -0.4072753 0.1505607 0.6745514 0.5554417 0.4862789 0.0 0.0 0.0 0.0 1.0
LeftForeArm -0.1423295 -0.9897313 -0.01317767 0.0 0.9897664 -0.1424493 0.008680405 0.245127 -0.01046845 -0.01180729 0.9998763 -1.49012E-8 0.0 0.0 0.0 1.0
LeftHand 0.9585318 -0.05850598 0.2789199 0.0 -0.004141927 0.9757375 0.2189035 0.225801 -0.2849603 -0.2109811 0.9350314 0.0 0.0 0.0 0.0 1.0
LeftHandIndex1 0.9974326 0.06834945 -0.02104981 0.0 -0.07143745 0.9383346 -0.3382719 0.166259 -0.003368899 0.3389093 0.9408151 3.72529E-9 0.0 0.0 0.0 1.0
LeftHandIndex2 0.7607821 0.4461847 -0.4713081 0.0 -0.5995115 0.7612962 -0.2470129 0.01697421 0.2485912 0.4704771 0.8466732 0.0 0.0 0.0 0.0 1.0
LeftHandIndex3 0.9548523 0.247449 0.1643867 -7.45058E-9 -0.1080422 0.8047119 -0.583751 0.02535105 -0.2767322 0.5396354 0.7951185 -1.49012E-8 0.0 0.0 0.0 1.0
RightShoulder 0.9720957 0.1586046 -0.1728376 7.71955E-5 -0.07442802 -0.4901896 -0.8684334 0.1227936 -0.2224601 0.8570643 -0.4647075 0.07445697 0.0 0.0 0.0 1.0
RightArm 0.8384264 -0.01114291 0.5448961 7.45058E-9 0.2643158 0.8826578 -0.3886566 0.1505597 -0.4766219 0.4698858 0.7429941 0.0 0.0 0.0 0.0 1.0
RightForeArm 0.7704033 0.6375326 0.005644888 0.0 -0.6375589 0.7703864 0.00475507 0.245127 -0.001317233 -0.00726226 0.9999665 0.0 0.0 0.0 0.0 1.0
RightHand 0.7737833 0.4943359 -0.3960913 7.45058E-9 0.4644713 -0.0175988 0.8854141 0.22586 0.4307173 -0.8690962 -0.2432233 0.0 0.0 0.0 0.0 1.0
RightHandIndex1 0.9843841 -0.1692244 -0.04845532 2.98023E-8 0.1697205 0.9854722 0.006288311 0.1663065 0.04668719 -0.01441403 0.9988049 -1.86265E-9 0.0 0.0 0.0 1.0
RightHandIndex2 0.6252006 -0.3843502 0.679265 -1.49012E-8 0.6205249 0.7726638 -0.1339382 0.01757535 -0.4733633 0.5052382 0.7215704 0.0 0.0 0.0 0.0 1.0
RightHandIndex3 0.9889611 0.1426932 -0.03993815 -1.49012E-8 -0.1433683 0.989561 -0.0145652 0.02526832 0.03744298 0.02013029 0.9990945 -2.98023E-8 0.0 0.0 0.0 1.0
LeftUpLeg -0.1897941 0.9018319 0.3880738 0.0190419 -0.9452034 -0.06117612 -0.3202638 -0.05088537 -0.2650374 -0.4277311 0.864181 -0.07812686 0.0 0.0 0.0 1.0
LeftLeg 0.6682935 0.7267948 0.1586794 0.0 -0.7392677 0.6725367 0.03423345 0.4546301 -0.08182284 -0.1402117 0.9867262 -2.98023E-8 0.0 0.0 0.0 1.0
LeftFoot 0.02362742 -0.7337218 -0.6790347 2.98023E-8 -0.1998738 0.6620273 -0.7223356 0.396764 0.9795395 0.1527839 -0.1310127 -4.47035E-8 0.0 0.0 0.0 1.0
LeftToeBase 0.8691892 0.3964008 -0.2956672 1.49012E-8 0.48316 -0.8082093 0.3366853 0.2132301 -0.1055055 -0.4354938 -0.8939622 -1.49012E-8 0.0 0.0 0.0 1.0
RightUpLeg -0.6487768 0.5627325 -0.5124307 0.02090549 -0.6328493 -0.772864 -0.04770242 -0.05079327 -0.4229223 0.2932909 0.8574067 0.078127 0.0 0.0 0.0 1.0
RightLeg 0.03994976 0.992186 -0.1170255 1.49012E-8 -0.9850321 0.01935241 -0.1720536 0.4552553 -0.1684905 0.122113 0.9781158 2.98023E-8 0.0 0.0 0.0 1.0
RightFoot -0.1585524 -0.834346 -0.5279319 0.0 0.2431786 0.4852105 -0.8399069 0.3960836 0.9569358 -0.2615436 0.1259673 8.9407E-8 0.0 0.0 0.0 1.0
RightToeBase 0.8697667 -0.4043751 0.2827736 4.28408E-8 -0.4775201 -0.8341421 0.2760207 0.2100106 0.1242512 -0.3751075 -0.9186357 0.0 0.0 0.0 0.0 1.0
Time 0.233333
Hips -0.4760864 -0.6182804 -0.6253579 0.07717899 0.4345158 0.4528607 -0.7785336 0.4305869 0.7645513 -0.6423767 0.05305171 -0.38824 0.0 0.0 0.0 1.0
Spine 0.6544227 0.7535261 -0.06269357 2.98023E-8 -0.7517576 0.6573017 0.05306704 0.0931503 0.08119597 0.01240209 0.9966214 0.0 0.0 0.0 0.0 1.0
Spine1 0.9749153 0.2220897 0.01469191 1.49012E-8 -0.2197849 0.9710127 -0.09395803 0.1086759 -0.03513314 0.08837202 0.9954678 0.0 0.0 0.0 0.0 1.0
Spine2 0.9736769 0.2234422 0.04501215 -2.98023E-8 -0.2189921 0.9718301 -0.08710591 0.1242011 -0.0632073 0.07495566 0.9951819 1.86265E-9 0.0 0.0 0.0 1.0
Neck 0.2274869 0.9731036 -0.03631664 -2.23517E-8 -0.9736319 0.2279457 0.008980028 0.1397276 0.01701669 0.03331623 0.9993002 3.72529E-9 0.0 0.0 0.0 1.0
Head 0.9984981 -0.03885916 -0.03862393 0.0 0.01403376 0.8628346 -0.5052912 0.06266725 0.05296128 0.5039902 0.8620839 0.0 0.0 0.0 0.0 1.0
LeftShoulder -0.8787279 -0.06412297 -0.4729927 2.57336E-4 0.4187897 -0.5790192 -0.6995357 0.1227967 -0.2290153 -0.8127874 0.535656 -0.07445725 0.0 0.0 0.0 1.0
LeftArm 0.5955553 -0.3579162 -0.7191725 -1.49012E-8 0.03320242 0.9054598 -0.4231302 0.1505607 0.8026311 0.228119 0.5511323 0.0 0.0 0.0 0.0 1.0
LeftForeArm -0.1945616 -0.9807958 -0.01363009 0.0 0.9808281 -0.1946889 0.008762029 0.245127 -0.01124741 -0.01166395 0.9998704 -1.49012E-8 0.0 0.0 0.0 1.0
LeftHand 0.9682642 -0.2205319 0.1176133 0.0 0.1450194 0.878984 0.4542635 0.225801 -0.2035602 -0.42279 0.8830695 0.0 0.0 0.0 0.0 1.0
LeftHandIndex1 0.9963131 0.08279581 -0.022158 0.0 -0.08537337 0.9358358 -0.3419425 0.166259 -0.007575102 0.342576 0.9394608 3.72529E-9 0.0 0.0 0.0 1.0
LeftHandIndex2 0.7607574 0.4462183 -0.4713156 0.0 -0.5996509 0.7610737 -0.2473585 0.01697421 0.2483299 0.4708043 0.8465676 0.0 0.0 0.0 0.0 1.0
LeftHandIndex3 0.9548813 0.2473304 0.1643962 -7.45058E-9 -0.1079892 0.8048295 -0.5835993 0.02535105 -0.2766522 0.5395157 0.7952275 -1.49012E-8 0.0 0.0 0.0 1.0
RightShoulder 0.9158641 0.3227797 -0.2387572 7.70763E-5 -0.05126414 -0.495796 -0.8669267 0.1227932 -0.3981999 0.8062251 -0.4375364 0.07445697 0.0 0.0 0.0 1.0
RightArm 0.7830073 -0.01816553 0.6217442 7.45058E-9 0.1826165 0.9622376 -0.201872 0.1505597 -0.5945931 0.2716088 0.7567614 0.0 0.0 0.0 0.0 1.0
RightForeArm 0.7674632 0.6410695 0.005667642 0.0 -0.6410962 0.7674459 0.004785971 0.245127 -0.00128147 -0.007306516 0.9999666 0.0 0.0 0.0 0.0 1.0
RightHand 0.8414037 0.4079396 -0.3544295 7.45058E-9 0.3980272 -0.0242051 0.9170553 0.22586 0.3655205 -0.912692 -0.1827378 0.0 0.0 0.0 0.0 1.0
RightHandIndex1 0.9781392 -0.1969655 -0.06666766 2.98023E-8 0.2014854 0.9770117 0.06965933 0.1663065 0.05141451 -0.08156934 0.9953398 -1.86265E-9 0.0 0.0 0.0 1.0
RightHandIndex2 0.6252006 -0.3843502 0.679265 -1.49012E-8 0.6205249 0.7726638 -0.1339382 0.01757535 -0.4733633 0.5052382 0.7215704 0.0 0.0 0.0 0.0 1.0
RightHandIndex3 0.9889613 0.1426931 -0.03993842 -1.49012E-8 -0.1433683 0.9895609 -0.01456483 0.02526832 0.03744334 0.02012993 0.9990948 -2.98023E-8 0.0 0.0 0.0 1.0
LeftUpLeg -0.1288018 0.8958586 0.4251785 0.01904154 -0.9296583 0.03994551 -0.3658825 -0.05088536 -0.3447061 -0.442537 0.8278491 -0.07812701 0.0 0.0 0.0 1.0
LeftLeg 0.4734104 0.8681978 0.1492108 0.0 -0.8771556 0.4800003 -0.008487122 0.4546301 -0.07897016 -0.1268971 0.9887595 -2.98023E-8 0.0 0.0 0.0 1.0
LeftFoot 0.07672329 -0.8762329 -0.4757748 2.98023E-8 -0.3106226 0.4324543 -0.8464425 0.396764 0.9474306 0.2127413 -0.2389845 -4.47035E-8 0.0 0.0 0.0 1.0
LeftToeBase 0.8697001 0.3970158 -0.293325 1.49012E-8 0.4765117 -0.830375 0.2888201 0.2132301 -0.1289113 -0.390956 -0.9113139 -1.49012E-8 0.0 0.0 0.0 1.0
RightUpLeg -0.6387535 0.6098779 -0.4692584 0.02090573 -0.6191643 -0.7693872 -0.1573652 -0.05079305 -0.4570593 0.1899925 0.8689299 0.07812703 0.0 0.0 0.0 1.0
RightLeg -0.08444679 0.9866939 -0.1379716 1.49012E-8 -0.9872379 -0.1017232 -0.1235837 0.4552553 -0.1360109 0.1257397 0.9826994 2.98023E-8 0.0 0.0 0.0 1.0
RightFoot -0.198263 -0.8175741 -0.5406075 0.0 0.1045042 0.5307708 -0.8410503 0.3960836 0.9745609 -0.2232417 -0.01979263 8.9407E-8 0.0 0.0 0.0 1.0
RightToeBase 0.8549915 -0.4117745 0.3152796 4.28408E-8 -0.5179362 -0.7085817 0.4792295 0.2100106 0.02606526 -0.5730397 -0.8191359 0.0 0.0 0.0 0.0 1.0
Time 0.266667
Hips -0.3263491 -0.6960579 -0.6395318 0.04746294 0.2269389 0.5990909 -0.7678476 0.4885017 0.9176034 -0.3957209 -0.03755023 -0.435253 0.0 0.0 0.0 1.0
Spine 0.6538247 0.7442131 -0.136609 2.98023E-8 -0.7493875 0.6618602 0.0190077 0.0931503 0.1045617 0.08994533 0.9904431 0.0 0.0 0.0 0.0 1.0
Spine1 0.9714283 0.2371386 0.009598818 1.49012E-8 -0.2350255 0.9668224 -0.1000843 0.1086759 -0.03301422 0.09496872 0.9949328 0.0 0.0 0.0 0.0 1.0
Spine2 0.9702928 0.2386565 0.03967882 -2.98023E-8 -0.2343177 0.9678515 -0.09142201 0.1242011 -0.06022168 0.07940865 0.9950212 1.86265E-9 0.0 0.0 0.0 1.0
Neck 0.2519233 0.9672931 -0.02963207 -2.23517E-8 -0.9671634 0.2527162 0.02697638 0.1397276 0.03358253 0.02186308 0.9991971 3.72529E-9 0.0 0.0 0.0 1.0
Head 0.9842768 -0.1765977 0.003578633 0.0 0.154807 0.8527153 -0.4989104 0.06266725 0.08505483 0.4916196 0.8666467 0.0 0.0 0.0 0.0 1.0
LeftShoulder -0.8110746 -0.1461657 -0.5663828 2.57216E-4 0.5361919 -0.572762 -0.6200316 0.1227963 -0.2337749 -0.8065843 0.5429268 -0.07445715 0.0 0.0 0.0 1.0
LeftArm 0.4703031 -0.4863605 -0.7363882 -1.49012E-8 0.3171929 0.8718284 -0.3732347 0.1505607 0.8235339 -0.05804363 0.5642912 0.0 0.0 0.0 0.0 1.0
LeftForeArm -0.2506309 -0.9679792 -0.01412857 0.0 0.9680133 -0.2507623 0.008489213 0.245127 -0.01176031 -0.01154893 0.9998657 -1.49012E-8 0.0 0.0 0.0 1.0
LeftHand 0.9617589 -0.2681099 0.05603431 0.0 0.201424 0.8309335 0.5186302 0.225801 -0.185611 -0.4875092 0.8531609 0.0 0.0 0.0 0.0 1.0
LeftHandIndex1 0.9954795 0.09229465 -0.02212456 0.0 -0.09429266 0.9352621 -0.3411693 0.166259 -0.01079574 0.3417156 0.9397428 3.72529E-9 0.0 0.0 0.0 1.0
LeftHandIndex2 0.7619148 0.4447293 -0.4708536 0.0 -0.5930605 0.7712478 -0.2312093 0.01697421 0.2603188 0.4554063 0.8513761 0.0 0.0 0.0 0.0 1.0
LeftHandIndex3 0.9601685 0.2260621 0.1642245 -7.45058E-9 -0.0973562 0.8215766 -0.5617241 0.02535105 -0.261907 0.5233618 0.8108624 -1.49012E-8 0.0 0.0 0.0 1.0
RightShoulder 0.8305705 0.4811851 -0.2803794 7.70167E-5 -0.0540354 -0.4314474 -0.9005201 0.1227933 -0.554284 0.7630953 -0.3323475 0.07445694 0.0 0.0 0.0 1.0
RightArm 0.7316171 -0.02327574 0.6813162 7.45058E-9 0.1126693 0.9898032 -0.08717488 0.1505597 -0.6723331 0.1405426 0.7267835 0.0 0.0 0.0 0.0 1.0
RightForeArm 0.7573076 0.6530343 0.005744427 0.0 -0.6530614 0.7572896 0.004871907 0.245127 -0.001168653 -0.007440954 0.9999657 0.0 0.0 0.0 0.0 1.0
RightHand 0.9018535 0.3009127 -0.3100093 7.45058E-9 0.3326251 -0.02570096 0.94271 0.22586 0.2757031 -0.9533094 -0.1232698 0.0 0.0 0.0 0.0 1.0
RightHandIndex1 0.9759982 -0.2037981 -0.07675216 2.98023E-8 0.2131544 0.966198 0.1450068 0.1663065 0.04460565 -0.157887 0.9864479 -1.86265E-9 0.0 0.0 0.0 1.0
RightHandIndex2 0.6252006 -0.3843502 0.679265 -1.49012E-8 0.6205249 0.7726638 -0.1339382 0.01757535 -0.4733633 0.5052382 0.7215704 0.0 0.0 0.0 0.0 1.0
RightHandIndex3 0.9889613 0.1426931 -0.03993842 -1.49012E-8 -0.1433683 0.9895609 -0.01456483 0.02526832 0.03744334 0.02012993 0.9990948 -2.98023E-8 0.0 0.0 0.0 1.0
LeftUpLeg -0.1319287 0.8816632 0.4529788 0.0190419 -0.9121385 0.07073459 -0.4034152 -0.05088536 -0.3876551 -0.4665452 0.7950122 -0.0781268 0.0 0.0 0.0 1.0
LeftLeg 0.3089551 0.9457462 0.1017805 0.0 -0.9500287 0.3116278 -0.01010668 0.4546301 -0.04126401 -0.09360053 0.9947482 -2.98023E-8 0.0 0.0 0.0 1.0
LeftFoot 0.1395653 -0.9518105 -0.273263 2.98023E-8 -0.3592459 0.2085196 -0.9096023 0.396764 0.9227432 0.2251435 -0.3127988 -4.47035E-8 0.0 0.0 0.0 1.0
LeftToeBase 0.8704468 0.3974285 -0.29053 1.49012E-8 0.4653209 -0.8568865 0.2218637 0.2132301 -0.160785 -0.328307 -0.9307658 -1.49012E-8 0.0 0.0 0.0 1.0
RightUpLeg -0.6187708 0.6551029 -0.4337235 0.0209057 -0.6335057 -0.7424784 -0.2179106 -0.05079328 -0.4648304 0.1398985 0.8743026 0.07812703 0.0 0.0 0.0 1.0
RightLeg -0.1975634 0.9702153 -0.1393237 1.49012E-8 -0.9776689 -0.2056 -0.04613734 0.4552553 -0.07342714 0.1270634 0.9891754 2.98023E-8 0.0 0.0 0.0 1.0
RightFoot -0.2765046 -0.8032403 -0.5275817 0.0 0.06573573 0.5318826 -0.8442649 0.3960836 0.9587604 -0.2681206 -0.09426793 8.9407E-8 0.0 0.0 0.0 1.0
RightToeBase 0.8853644 -0.3826533 0.2639585 4.28408E-8 -0.457037 -0.6129355 0.6445473 0.2100106 -0.08484402 -0.6913075 -0.7175829 0.0 0.0 0.0 0.0 1.0
Time 0.3
Hips -0.1667546 -0.7153152 -0.6786147 0.016788 -0.01478145 0.6899876 -0.723671 0.5561779 0.9858878 -0.1106445 -0.125632 -0.464194 0.0 0.0 0.0 1.0
Spine 0.635103 0.7487556 -0.1897658 2.98023E-8 -0.7606684 0.6489722 0.01485529 0.0931503 0.1342757 0.1349141 0.9817172 0.0 0.0 0.0 0.0 1.0
Spine1 0.9687454 0.2479962 0.005579106 1.49012E-8 -0.2465001 0.9649299 -0.09026123 0.1086759 -0.0277679 0.08606479 0.9959027 0.0 0.0 0.0 0.0 1.0
Spine2 0.9678656 0.2492666 0.03318382 -2.98023E-8 -0.2460287 0.9659501 -0.08005773 0.1242011 -0.05200962 0.06932093 0.9962379 1.86265E-9 0.0 0.0 0.0 1.0
Neck 0.2841631 0.958594 -0.01867941 -2.23517E-8 -0.957899 0.2846825 0.03721775 0.1397276 0.04099438 0.007317051 0.9991328 3.72529E-9 0.0 0.0 0.0 1.0
Head 0.9466518 -0.3129211 0.07701483 0.0 0.3159055 0.8538747 -0.4136435 0.06266725 0.06367681 0.4159054 0.907176 0.0 0.0 0.0 0.0 1.0
LeftShoulder -0.7658537 -0.08528331 -0.637332 2.57291E-4 0.5734093 -0.5390993 -0.6169046 0.1227962 -0.2909735 -0.8379117 0.461775 -0.07445708 0.0 0.0 0.0 1.0
LeftArm 0.3259591 -0.5328701 -0.7808965 -1.49012E-8 0.5214276 0.7903469 -0.3216644 0.1505607 0.7885864 -0.3023318 0.5354708 0.0 0.0 0.0 0.0 1.0
LeftForeArm -0.1902888 -0.9816338 -0.01359854 0.0 0.981668 -0.1904138 0.008608857 0.245127 -0.01104012 -0.01171106 0.9998712 -1.49012E-8 0.0 0.0 0.0 1.0
LeftHand 0.981483 -0.07143915 0.1777379 0.0 0.02526167 0.9680218 0.2495864 0.225801 -0.1898849 -0.2404742 0.951901 0.0 0.0 0.0 0.0 1.0
LeftHandIndex1 0.9955494 0.09175617 -0.02115168 0.0 -0.09359366 0.9396232 -0.3291651 0.166259 -0.01032822 0.3296819 0.9440372 3.72529E-9 0.0 0.0 0.0 1.0
LeftHandIndex2 0.7639055 0.442087 -0.4701163 0.0 -0.5809751 0.7882565 -0.2027838 0.01697421 0.2809241 0.4280334 0.8589936 0.0 0.0 0.0 0.0 1.0
LeftHandIndex3 0.9676601 0.1926972 0.1627904 -7.45058E-9 -0.07988811 0.8462201 -0.5268105 0.02535105 -0.2392713 0.4967684 0.8342488 -1.49012E-8 0.0 0.0 0.0 1.0
RightShoulder 0.750244 0.6154163 -0.2416538 7.71359E-5 -0.07362798 -0.2854574 -0.9555606 0.1227935 -0.6570482 0.734695 -0.1688512 0.07445696 0.0 0.0 0.0 1.0
