Root_Bone_Name Torso
Num_Keyframes 3
Num_Bones 16
Time_Wrapping_Mode LOOP
Time 0.0
Torso 1.94707E-7 0.0 -0.9999999 -0.003207773 -0.9999999 0.0 -1.94707E-7 0.002024252 0.0 0.9999998 1.19209E-7 0.7755508 0.0 0.0 0.0 1.0
Head -0.9819623 0.1890774 1.52554E-7 0.0 0.1890773 0.9819626 1.63339E-8 0.4996431 -1.46714E-7 4.48838E-8 -1.0 0.0 0.0 0.0 0.0 1.0
Shoulder_L 0.9461878 2.38419E-7 0.3236183 0.0 -0.3234437 0.03283923 0.9456776 0.4996431 -0.01062715 -0.9994608 0.03107187 0.0 0.0 0.0 0.0 1.0
Upper_Arm_L 0.7259495 0.01295757 -0.6876258 0.0 0.3123665 0.8845358 0.3464438 0.1305021 0.6127188 -0.466292 0.638081 0.0 0.0 0.0 0.0 1.0
Lower_Arm_L 0.9765494 0.2103221 -0.04599962 5.96046E-8 -0.1984232 0.9621534 0.1867864 0.2015983 0.08354399 -0.1732787 0.9813229 1.19209E-7 0.0 0.0 0.0 1.0
Hand_L 0.9874693 0.1495498 0.05038995 5.96046E-8 -0.1569941 0.9633793 0.2173777 0.215435 -0.01603588 -0.2225647 0.9747859 0.0 0.0 0.0 0.0 1.0
Shoulder_R -0.9736653 -2.37022E-7 0.2279826 0.0 0.2279591 -0.01434054 0.9735652 0.4996431 0.003269161 0.9998972 0.01396295 0.0 0.0 0.0 0.0 1.0
Upper_Arm_R 0.975195 0.0874953 0.2033212 0.0 -0.1634636 0.9040231 0.3949963 0.1429306 -0.1492467 -0.418434 0.8959008 0.0 0.0 0.0 0.0 1.0
Lower_Arm_R 0.785351 -0.4262832 0.4488948 7.45058E-9 0.3247992 0.9010519 0.2874214 0.2042982 -0.5270005 -0.07992601 0.8460983 0.0 0.0 0.0 0.0 1.0
Hand_R 0.995016 -0.006035745 0.09953174 0.0 -0.01362178 0.9805812 0.1956401 0.2008521 -0.09877974 -0.1960211 0.9756119 0.0 0.0 0.0 0.0 1.0
Upper_Leg_R -0.9952928 -6.33299E-8 0.09691401 0.0 0.02599943 -0.963343 0.26701 -1.19209E-7 0.09336139 0.2682727 0.9588086 0.0 0.0 0.0 0.0 1.0
Lower_Leg_R -0.9996005 -0.02054384 -0.01941586 -1.86265E-9 -0.01597929 0.9772739 -0.2113764 0.3300542 0.02331711 -0.2109817 -0.9772117 -2.98023E-8 0.0 0.0 0.0 1.0
Foot_R 0.02572263 0.9960388 -0.08511874 9.31323E-10 0.6102989 0.05179099 0.7904763 0.4319221 0.7917535 -0.07228106 -0.6065491 7.45058E-9 0.0 0.0 0.0 1.0
Upper_Leg_L 0.99199 7.07805E-8 0.1263168 0.0 -0.03747241 -0.9549848 0.2942786 -1.19209E-7 0.1206306 -0.2966548 -0.9473358 0.0 0.0 0.0 0.0 1.0
Lower_Leg_L -0.9991762 0.02811011 0.02927073 0.0 0.02093755 0.9749243 -0.2215498 0.3301333 -0.03476454 -0.2207544 -0.9747097 0.0 0.0 0.0 0.0 1.0
Foot_L -0.01210686 -0.9951206 0.09791764 0.0 -0.9633963 0.03783555 0.2653978 0.4352598 -0.2678076 -0.09112026 -0.9591538 -1.49012E-8 0.0 0.0 0.0 1.0
Time 0.4166666
Torso 1.94707E-7 0.0 -0.9999999 -0.003207773 -0.9999999 0.0 -1.94707E-7 0.002024252 0.0 0.9999998 1.19209E-7 0.7755508 0.0 0.0 0.0 1.0
Head -0.8805771 -0.4739032 3.44111E-8 0.0 -0.4739034 0.8805773 -7.39488E-8 0.4996431 4.74286E-9 -8.14251E-8 -1.0 0.0 0.0 0.0 0.0 1.0
Shoulder_L 0.9461878 2.38419E-7 0.3236183 0.0 -0.3234437 0.03283923 0.9456776 0.4996431 -0.01062715 -0.9994608 0.03107187 0.0 0.0 0.0 0.0 1.0
Upper_Arm_L 0.7259495 0.01295757 -0.6876258 0.0 0.3123665 0.8845358 0.3464438 0.1305021 0.6127188 -0.466292 0.638081 0.0 0.0 0.0 0.0 1.0
Lower_Arm_L 0.6690888 0.7379786 0.08779374 5.96046E-8 -0.7421153 0.6571213 0.1321231 0.2015983 0.03981286 -0.1535551 0.9873376 1.19209E-7 0.0 0.0 0.0 1.0
Hand_L 0.9874693 0.1495498 0.05038995 5.96046E-8 -0.1569941 0.9633793 0.2173777 0.215435 -0.01603588 -0.2225647 0.9747859 0.0 0.0 0.0 0.0 1.0
Shoulder_R -0.9736653 -2.37022E-7 0.2279826 0.0 0.2279591 -0.01434054 0.9735652 0.4996431 0.003269161 0.9998972 0.01396295 0.0 0.0 0.0 0.0 1.0
Upper_Arm_R 0.5307891 0.5527343 0.6424546 0.0 -0.814377 0.542515 0.2060779 0.1429306 -0.2346348 -0.6325839 0.7380947 0.0 0.0 0.0 0.0 1.0
Lower_Arm_R 0.785351 -0.4262832 0.4488948 7.45058E-9 0.3247992 0.9010519 0.2874214 0.2042982 -0.5270005 -0.07992601 0.8460983 0.0 0.0 0.0 0.0 1.0
Hand_R 0.995016 -0.006035745 0.09953174 0.0 -0.01362178 0.9805812 0.1956401 0.2008521 -0.09877974 -0.1960211 0.9756119 0.0 0.0 0.0 0.0 1.0
Upper_Leg_R -0.9952928 0.07570895 0.06050166 0.0 0.02599969 -0.3928072 0.9192533 -1.19209E-7 0.09336116 0.9164993 0.3889901 0.0 0.0 0.0 0.0 1.0
Lower_Leg_R -0.9996005 -0.02054384 -0.01941586 -1.86265E-9 -0.01597929 0.9772739 -0.2113764 0.3300542 0.02331711 -0.2109817 -0.9772117 -2.98023E-8 0.0 0.0 0.0 1.0
Foot_R 0.02572263 0.9960388 -0.08511874 9.31323E-10 0.6102989 0.05179099 0.7904763 0.4319221 0.7917535 -0.07228106 -0.6065491 7.45058E-9 0.0 0.0 0.0 1.0
Upper_Leg_L 0.99199 0.09189838 0.08666386 0.0 -0.03747241 -0.4411052 0.8966729 -1.19209E-7 0.1206306 -0.8927382 -0.4341286 0.0 0.0 0.0 0.0 1.0
Lower_Leg_L -0.9991762 0.02811011 0.02927073 0.0 0.02093755 0.9749243 -0.2215498 0.3301333 -0.03476454 -0.2207544 -0.9747097 0.0 0.0 0.0 0.0 1.0
Foot_L -0.01210686 -0.9951206 0.09791764 0.0 -0.9633963 0.03783555 0.2653978 0.4352598 -0.2678076 -0.09112026 -0.9591538 -1.49012E-8 0.0 0.0 0.0 1.0
Time 0.8333333
Torso 1.94707E-7 0.0 -0.9999999 -0.003207773 -0.9999999 0.0 -1.94707E-7 0.002024252 0.0 0.9999998 1.19209E-7 0.7755508 0.0 0.0 0.0 1.0
Head -0.9819623 0.1890774 1.52554E-7 0.0 0.1890773 0.9819626 1.63339E-8 0.4996431 -1.46714E-7 4.48838E-8 -1.0 0.0 0.0 0.0 0.0 1.0
Shoulder_L 0.9461878 2.38419E-7 0.3236183 0.0 -0.3234437 0.03283923 0.9456776 0.4996431 -0.01062715 -0.9994608 0.03107187 0.0 0.0 0.0 0.0 1.0
Upper_Arm_L 0.7259495 0.01295757 -0.6876258 0.0 0.3123665 0.8845358 0.3464438 0.1305021 0.6127188 -0.466292 0.638081 0.0 0.0 0.0 0.0 1.0
Lower_Arm_L 0.9765494 0.2103221 -0.04599962 5.96046E-8 -0.1984232 0.9621534 0.1867864 0.2015983 0.08354399 -0.1732787 0.9813229 1.19209E-7 0.0 0.0 0.0 1.0
Hand_L 0.9874693 0.1495498 0.05038995 5.96046E-8 -0.1569941 0.9633793 0.2173777 0.215435 -0.01603588 -0.2225647 0.9747859 0.0 0.0 0.0 0.0 1.0
Shoulder_R -0.9736653 -2.37022E-7 0.2279826 0.0 0.2279591 -0.01434054 0.9735652 0.4996431 0.003269161 0.9998972 0.01396295 0.0 0.0 0.0 0.0 1.0
Upper_Arm_R 0.975195 0.0874953 0.2033212 0.0 -0.1634636 0.9040231 0.3949963 0.1429306 -0.1492467 -0.418434 0.8959008 0.0 0.0 0.0 0.0 1.0
Lower_Arm_R 0.785351 -0.4262832 0.4488948 7.45058E-9 0.3247992 0.9010519 0.2874214 0.2042982 -0.5270005 -0.07992601 0.8460983 0.0 0.0 0.0 0.0 1.0
Hand_R 0.995016 -0.006035745 0.09953174 0.0 -0.01362178 0.9805812 0.1956401 0.2008521 -0.09877974 -0.1960211 0.9756119 0.0 0.0 0.0 0.0 1.0
Upper_Leg_R -0.9952928 -6.33299E-8 0.09691401 0.0 0.02599943 -0.963343 0.26701 -1.19209E-7 0.09336139 0.2682727 0.9588086 0.0 0.0 0.0 0.0 1.0
Lower_Leg_R -0.9996005 -0.02054384 -0.01941586 -1.86265E-9 -0.01597929 0.9772739 -0.2113764 0.3300542 0.02331711 -0.2109817 -0.9772117 -2.98023E-8 0.0 0.0 0.0 1.0
Foot_R 0.02572263 0.9960388 -0.08511874 9.31323E-10 0.6102989 0.05179099 0.7904763 0.4319221 0.7917535 -0.07228106 -0.6065491 7.45058E-9 0.0 0.0 0.0 1.0
Upper_Leg_L 0.99199 7.07805E-8 0.1263168 0.0 -0.03747241 -0.9549848 0.2942786 -1.19209E-7 0.1206306 -0.2966548 -0.9473358 0.0 0.0 0.0 0.0 1.0
Lower_Leg_L -0.9991762 0.02811011 0.02927073 0.0 0.02093755 0.9749243 -0.2215498 0.3301333 -0.03476454 -0.2207544 -0.9747097 0.0 0.0 0.0 0.0 1.0
Foot_L -0.01210686 -0.9951206 0.09791764 0.0 -0.9633963 0.03783555 0.2653978 0.4352598 -0.2678076 -0.09112026 -0.9591538 -1.49012E-8 0.0 0.0 0.0 1.0
