Root_Bone_Name Hips
Num_Keyframes 1
Num_Bones 28
Time_Wrapping_Mode LOOP
Time 0.0
Hips 1.0 0.0 0.0 0.0 0.0 0.08354376 -0.9965041 -0.01007799 0.0 0.9965041 0.08354372 0.923335 0.0 0.0 0.0 1.0
Spine 1.0 0.0 0.0 0.0 0.0 0.9999999 -7.89762E-6 0.05251181 0.0 7.89016E-6 0.9999999 -7.45058E-9 0.0 0.0 0.0 1.0
Spine1 1.0 0.0 0.0 0.0 0.0 1.0 3.72529E-8 0.06126505 0.0 -3.72529E-8 1.0 -7.45058E-9 0.0 0.0 0.0 1.0
Spine2 1.0 0.0 0.0 0.0 0.0 0.9999999 1.19954E-6 0.07001603 0.0 -1.19954E-6 1.0 0.0 0.0 0.0 0.0 1.0
Neck 1.0 0.0 0.0 0.0 0.0 0.8922665 -0.4515092 0.07876873 0.0 0.4515093 0.8922665 0.0 0.0 0.0 0.0 1.0
Head 1.0 0.0 0.0 0.0 0.0 -1.16229E-6 1.0 0.05461431 0.0 -1.0 -1.19209E-6 2.98023E-8 0.0 0.0 0.0 1.0
LeftShoulder -0.1745729 0.9796675 -0.0988736 0.04705629 -0.806566 -0.1998746 -0.5563285 0.06924677 -0.5647793 -0.01737168 0.8250593 -8.25465E-4 0.0 0.0 0.0 1.0
LeftArm 0.8051881 -0.1253153 -0.5796276 0.0 0.1689259 0.9853916 0.02162167 0.09498316 0.5684507 -0.1153237 0.8145947 0.0 0.0 0.0 0.0 1.0
LeftForeArm 0.9978979 -0.05397775 -0.03586324 0.0 0.05205233 0.9972575 -0.05261151 0.236845 0.03860473 0.05063415 0.9979709 0.0 0.0 0.0 0.0 1.0
LeftHand 0.9418712 -0.07752945 -0.326907 0.0 0.08377106 0.9964723 0.005033861 0.2489563 0.3253635 -0.03212659 0.9450432 0.0 0.0 0.0 0.0 1.0
LeftHandIndex1 0.7360601 0.193509 0.6486678 0.0 -0.1766768 0.9799727 -0.09186332 0.1266891 -0.6534529 -0.0469876 0.7555074 -2.98023E-8 0.0 0.0 0.0 1.0
LeftHandIndex2 0.9862299 0.0304343 0.1625559 0.0 -0.02659661 0.999315 -0.0257332 0.03641403 -0.1632277 0.0210554 0.9863638 -2.98023E-8 0.0 0.0 0.0 1.0
LeftHandIndex3 0.8777604 -0.1864036 -0.4413508 0.0 0.1484121 0.9816852 -0.1194499 0.06157821 0.4555334 0.0393466 0.8893487 0.0 0.0 0.0 0.0 1.0
RightShoulder -0.1735165 -0.9796674 0.1007188 -0.04705642 0.8040633 -0.1999769 -0.5599033 0.069242 0.5686605 -0.01616801 0.8224136 -7.6995E-4 0.0 0.0 0.0 1.0
RightArm 0.7999663 0.1233667 0.5872262 5.96046E-8 -0.1692994 0.985281 0.02364145 0.09498307 -0.5756662 -0.1183294 0.8090776 -5.96046E-8 0.0 0.0 0.0 1.0
RightForeArm 0.9978142 0.05385111 0.03830142 1.19209E-7 -0.05182519 0.9972988 -0.05205351 0.2368607 -0.04100107 0.04995475 0.9979095 7.45058E-9 0.0 0.0 0.0 1.0
RightHand 0.9541182 0.08119518 0.2882111 0.0 -0.08038015 0.9966562 -0.01468187 0.2489521 -0.2884394 -0.009158202 0.9574543 1.49012E-8 0.0 0.0 0.0 1.0
RightHandIndex1 -0.639952 -0.5974251 -0.4832645 1.19209E-7 -0.3505737 0.7866402 -0.5082276 0.1576898 0.6837832 -0.1558214 -0.7128534 2.98023E-8 0.0 0.0 0.0 1.0
RightHandIndex2 -0.8349206 -0.5223148 -0.1734783 0.0 -0.4430138 0.8248292 -0.3512772 0.02983413 0.3265673 -0.2164353 -0.9200594 1.19209E-7 0.0 0.0 0.0 1.0
RightHandIndex3 0.6522842 -0.4086592 -0.6383753 0.0 0.3770877 0.9055488 -0.1943879 0.04836667 0.6575181 -0.1139273 0.7447754 0.0 0.0 0.0 0.0 1.0
LeftUpLeg 0.4717134 0.007130452 -0.8817248 0.06251276 0.0943099 -0.994639 0.04241115 -0.02932531 -0.8766938 -0.1031612 -0.4698578 0.001095869 0.0 0.0 0.0 1.0
LeftLeg 0.1032335 0.0400026 0.9938524 3.72529E-9 -0.01403888 0.9991499 -0.03875758 0.4066801 -0.9945581 -0.0099515 0.1037073 7.45058E-9 0.0 0.0 0.0 1.0
LeftFoot -0.8788345 0.3157884 -0.3576695 0.0 0.4589948 0.3548646 -0.8144906 0.3999538 -0.1302825 -0.879971 -0.4568125 0.0 0.0 0.0 0.0 1.0
LeftToeBase 0.8610032 -0.5085638 0.00603658 0.0 0.007448345 7.40498E-4 -0.999972 0.1687505 0.5085452 0.861024 0.004425377 -1.86265E-9 0.0 0.0 0.0 1.0
RightUpLeg 0.1989684 -0.007128827 0.9799559 -0.06251328 -0.1058684 -0.9942776 0.01426455 -0.02934849 0.9742706 -0.1065868 -0.1985827 0.00136254 0.0 0.0 0.0 1.0
RightLeg 0.2840857 -0.04152805 -0.9578992 1.86265E-9 0.03076735 0.9989418 -0.03418266 0.4067102 0.9583051 -0.01976121 0.2850629 -7.45058E-9 0.0 0.0 0.0 1.0
RightFoot -0.8456212 0.1216236 0.5197425 7.45058E-9 -0.4589459 0.3315393 -0.8242877 0.4001645 -0.2725679 -0.9355689 -0.224538 0.0 0.0 0.0 0.0 1.0
RightToeBase 0.8638793 0.5036865 -0.003509194 7.45058E-9 -0.004464705 6.90579E-4 -0.9999899 0.1748398 -0.503679 0.8638861 0.002845407 1.86265E-9 0.0 0.0 0.0 1.0
