Root_Bone_Name Hips
Num_Keyframes 1
Num_Bones 28
Time_Wrapping_Mode LOOP
Time 0.0
Hips 1.0 0.0 0.0 0.0 0.0 -0.9860408 -0.1665046 -0.923335 0.0 0.1665046 -0.9860407 -0.01007819 0.0 0.0 0.0 1.0
Spine 1.0 0.0 0.0 0.0 0.0 0.9965035 -0.08355329 0.05251181 0.0 0.08355331 0.9965037 0.0 0.0 0.0 0.0 1.0
Spine1 1.0 0.0 0.0 0.0 0.0 1.0 1.19209E-7 0.06126505 0.0 -1.19209E-7 1.0 0.0 0.0 0.0 0.0 1.0
Spine2 1.0 0.0 0.0 0.0 0.0 0.9999999 3.8594E-6 0.07001603 0.0 -3.8445E-6 1.0 0.0 0.0 0.0 0.0 1.0
Neck 1.0 0.0 0.0 0.0 0.0 0.6575124 -0.7534432 0.07876873 0.0 0.7534432 0.6575124 7.45058E-9 0.0 0.0 0.0 1.0
Head 1.0 0.0 0.0 0.0 0.0 2.47359E-6 -0.9999999 0.05461431 0.0 0.9999999 2.5034E-6 0.0 0.0 0.0 0.0 1.0
LeftShoulder 0.1993548 0.9796674 0.02256864 0.04705631 0.9600357 -0.1998733 0.1959143 0.06924665 0.1964419 -0.0173898 -0.9803608 -8.25256E-4 0.0 0.0 0.0 1.0
LeftArm 0.9656023 0.1604796 -0.2045941 -1.19209E-7 -0.1687017 0.9853922 -0.0232824 0.09498318 0.197869 0.05699687 0.9785705 0.0 0.0 0.0 0.0 1.0
LeftForeArm 0.9984427 0.05447692 -0.01195981 0.0 -0.05380348 0.9972585 0.05081475 0.2368449 0.01469523 -0.05009221 0.9986364 -7.45058E-9 0.0 0.0 0.0 1.0
LeftHand 0.9909006 0.07639788 -0.1108137 1.19209E-7 -0.07975103 0.9964718 -0.02614246 0.2489562 0.1084256 0.03474208 0.9934972 -7.45058E-9 0.0 0.0 0.0 1.0
LeftHandIndex1 0.9516954 -0.1991097 0.2337366 0.0 0.1924656 0.97997 0.05114037 0.1266893 -0.2392377 -0.003683804 0.9709544 -1.49012E-8 0.0 0.0 0.0 1.0
LeftHandIndex2 0.9946259 -0.06870739 0.07744965 0.0 0.06634943 0.9972633 0.03262176 0.03641397 -0.07947905 -0.02730774 0.9964622 0.0 0.0 0.0 0.0 1.0
LeftHandIndex3 0.9800224 0.09434524 -0.1750859 0.0 -0.1208201 0.9816856 -0.147294 0.06157804 0.1579829 0.1655054 0.9734728 1.49012E-8 0.0 0.0 0.0 1.0
RightShoulder 0.1991783 -0.9796664 -0.02410682 -0.04705644 -0.9597186 -0.1999787 0.1973528 0.069242 -0.1981608 -0.01617259 -0.9800357 -7.69697E-4 0.0 0.0 0.0 1.0
RightArm 0.9650171 -0.1600452 0.2076724 -1.19209E-7 0.1689755 0.9852811 -0.02588141 0.09498326 -0.2004733 0.06006755 0.9778565 1.49012E-8 0.0 0.0 0.0 1.0
RightForeArm 0.998431 -0.05451172 0.01277342 1.19209E-7 0.05381025 0.9972978 0.04999717 0.2368604 -0.01546434 -0.04923137 0.9986677 7.45058E-9 0.0 0.0 0.0 1.0
RightHand 0.9919705 -0.08077185 0.09731442 0.0 0.0815853 0.9966577 -0.004404147 0.2489524 -0.09663337 0.01230823 0.9952429 -7.45058E-9 0.0 0.0 0.0 1.0
RightHandIndex1 0.5750805 0.6172877 -0.5368788 -1.19209E-7 -0.4621823 0.7866344 0.4093823 0.1576902 0.6750339 0.01270811 0.7376779 -1.49012E-8 0.0 0.0 0.0 1.0
RightHandIndex2 -0.5262556 0.05075943 0.8488102 -1.19209E-7 0.7869595 0.4071975 0.4635574 0.02983406 -0.3221037 0.9119284 -0.2542356 5.96046E-8 0.0 0.0 0.0 1.0
RightHandIndex3 0.973865 -0.1021664 -0.2028525 0.0 0.1754553 0.9055506 0.3862559 0.04836649 0.1442309 -0.4117526 0.8998097 0.0 0.0 0.0 0.0 1.0
LeftUpLeg -0.7727311 0.007132743 -0.6346998 0.06251279 0.11258 -0.9825429 -0.1481046 -0.0293141 -0.6246776 -0.1858981 0.7584367 -0.001357913 0.0 0.0 0.0 1.0
LeftLeg 0.8830925 -0.00195479 0.4691945 7.45058E-9 -0.01759417 0.9991503 0.03727749 0.4066803 -0.4688687 -0.04117458 0.8823074 0.0 0.0 0.0 0.0 1.0
LeftFoot 0.4724163 -0.8467662 -0.2445589 9.31323E-10 0.1591448 0.3548655 -0.9212723 0.3999538 0.8668878 0.3963041 0.3024028 0.0 0.0 0.0 0.0 1.0
LeftToeBase 0.9819686 0.1776648 0.06461152 0.0 0.02662323 -0.46832 0.8831612 0.1687509 0.1871657 -0.8655062 -0.4646101 -7.45058E-9 0.0 0.0 0.0 1.0
RightUpLeg -0.8309401 -0.007141169 0.5563385 -0.06251366 -0.09948345 -0.9818972 -0.1611943 -0.02935946 0.5474125 -0.189284 0.815196 -0.001094133 0.0 0.0 0.0 1.0
RightLeg 0.9100795 0.002504766 -0.4144258 -3.72529E-9 0.01675311 0.9989417 0.04282738 0.4067104 0.4140946 -0.04591922 0.9090747 0.0 0.0 0.0 0.0 1.0
RightFoot 0.5982325 0.7816654 0.176397 0.0 -0.1590069 0.3315504 -0.9299408 0.4001644 -0.7853889 0.528272 0.3226345 -7.45058E-9 0.0 0.0 0.0 1.0
RightToeBase 0.9823716 -0.177129 -0.05975597 -7.45058E-9 -0.02779322 -0.4544978 0.8903158 0.1748393 -0.1848594 -0.8729585 -0.4514101 -7.45058E-9 0.0 0.0 0.0 1.0
