Root_Bone_Name Hips
Num_Keyframes 1
Num_Bones 28
Time_Wrapping_Mode LOOP
Time 0.0
Hips 1.0 0.0 0.0 0.0 0.0 0.08354519 -0.996504 -0.01007815 0.0 0.996504 0.08354515 0.923335 0.0 0.0 0.0 1.0
Spine 1.0 0.0 0.0 0.0 0.0 0.9999999 -9.44734E-6 0.05251187 0.0 9.43989E-6 0.9999999 7.45058E-9 0.0 0.0 0.0 1.0
Spine1 1.0 0.0 0.0 0.0 0.0 1.0 7.45058E-8 0.06126505 0.0 -7.45058E-8 1.0 7.45058E-9 0.0 0.0 0.0 1.0
Spine2 1.0 0.0 0.0 0.0 0.0 0.9999999 2.01911E-6 0.07001603 0.0 -2.01911E-6 1.0 0.0 0.0 0.0 0.0 1.0
Neck 1.0 0.0 0.0 0.0 0.0 0.892265 -0.4515123 0.07876873 0.0 0.4515122 0.8922649 0.0 0.0 0.0 0.0 1.0
Head 1.0 0.0 0.0 0.0 0.0 1.0 4.76837E-7 0.05461431 0.0 -5.06639E-7 1.0 -2.98023E-8 0.0 0.0 0.0 1.0
LeftShoulder -0.01771517 0.9796672 -0.1998456 0.04705633 7.37086E-5 -0.1998757 -0.9798213 0.06924689 -0.999843 -0.0173724 0.003468618 -8.2536E-4 0.0 0.0 0.0 1.0
LeftArm 0.9997087 0.02379158 0.004095048 -7.45058E-9 -0.02414143 0.9853916 0.1685849 0.09498321 -2.4341E-5 -0.1686346 0.9856787 -1.19209E-7 0.0 0.0 0.0 1.0
LeftForeArm 0.9987543 -0.04982316 -0.002732687 0.0 0.04989804 0.9972575 0.05466056 0.2368449 1.80304E-6 -0.05472884 0.9985013 -1.19209E-7 0.0 0.0 0.0 1.0
LeftHand 0.9993471 0.03602685 0.002733603 0.0 -0.03613041 0.9964722 0.07574984 0.2489562 5.05149E-6 -0.07579915 0.997123 1.19209E-7 0.0 0.0 0.0 1.0
LeftHandIndex1 0.9995583 -0.02913442 0.005857728 0.0 0.02971745 0.9799695 -0.1969181 0.1266894 -3.29316E-6 0.1970052 0.9804025 0.0 0.0 0.0 0.0 1.0
LeftHandIndex2 0.9998422 -0.01006855 0.01463149 -7.45058E-9 0.01058195 0.9993156 -0.03544553 0.03641403 -0.01426458 0.03559479 0.9992646 -1.19209E-7 0.0 0.0 0.0 1.0
LeftHandIndex3 1.0 -1.7602E-7 -9.68575E-8 3.72529E-9 1.71363E-7 0.9999999 1.50502E-6 0.06157815 8.9407E-8 -1.51992E-6 0.9999999 0.0 0.0 0.0 0.0 1.0
RightShoulder -0.01648581 -0.9796667 0.1999529 -0.04705642 -7.97287E-5 -0.1999788 -0.9798002 0.069242 0.9998641 -0.01616885 0.00321871 -7.69824E-4 0.0 0.0 0.0 1.0
RightArm 0.9996351 -0.02662107 -0.004567869 0.0 0.02701012 0.9852806 0.1687979 0.09498332 7.06315E-6 -0.1688597 0.9856399 0.0 0.0 0.0 0.0 1.0
RightForeArm 0.9988015 0.04887155 0.002686925 -7.45058E-9 -0.04894536 0.9972988 0.05476822 0.2368604 -3.04729E-6 -0.05483409 0.9984955 1.19209E-7 0.0 0.0 0.0 1.0
RightHand 0.999903 -0.01387462 -0.001119986 0.0 0.01391974 0.9966559 0.08051899 0.2489523 -9.23872E-7 -0.0805268 0.9967524 0.0 0.0 0.0 0.0 1.0
RightHandIndex1 0.9953285 0.0596111 0.07594541 7.45058E-9 -6.70552E-7 0.7866258 -0.6174299 0.1576904 -0.09654632 0.6145455 0.7829513 -1.19209E-7 0.0 0.0 0.0 1.0
RightHandIndex2 0.8518199 -0.3070494 0.4244094 -1.49012E-8 0.0157291 0.8248245 0.5651701 0.02983413 -0.5235984 -0.4747476 0.7074315 0.0 0.0 0.0 0.0 1.0
RightHandIndex3 1.0 -4.32134E-7 1.49012E-7 5.96046E-8 4.39584E-7 0.9999999 -6.10948E-7 0.04836661 -1.19209E-7 6.25849E-7 1.0 0.0 0.0 0.0 0.0 1.0
LeftUpLeg -0.9999746 0.007130333 -1.38327E-4 0.06251277 -0.007077802 -0.994639 -0.1031682 -0.02932507 -8.74549E-4 -0.1031625 0.9946739 0.001095794 0.0 0.0 0.0 1.0
LeftLeg 0.9996173 -0.02764093 -9.794E-4 -7.45058E-9 0.02765795 0.9991501 0.03056647 0.4066804 1.33682E-4 -0.03058186 0.9995322 1.86265E-9 0.0 0.0 0.0 1.0
LeftFoot 0.9990576 0.04057745 0.01540202 7.45058E-9 3.72529E-8 0.3548667 -0.9349169 0.3999537 -0.0434022 0.934036 0.3545322 0.0 0.0 0.0 0.0 1.0
LeftToeBase 0.9977342 8.75443E-8 -0.06727686 -7.45058E-9 -8.84756E-8 1.0 -5.96046E-8 0.1687491 0.06727687 2.98023E-8 0.9977344 0.0 0.0 0.0 0.0 1.0
RightUpLeg -0.9999746 -0.007128763 -2.78771E-4 -0.06251328 0.007117334 -0.9942778 -0.1065947 -0.02934831 4.85957E-4 -0.1065887 0.9943274 0.00136248 0.0 0.0 0.0 1.0
RightLeg 0.9996177 0.02763905 7.65919E-4 7.45058E-9 -0.02764852 0.998942 0.03674956 0.4067105 2.50614E-4 -0.03675669 0.9993242 2.79397E-9 0.0 0.0 0.0 1.0
RightFoot 0.9991429 -0.03905341 -0.01372559 0.0 -1.2815E-6 0.3315456 -0.9434392 0.4001644 0.04139517 0.9426305 0.3312614 1.86265E-9 0.0 0.0 0.0 1.0
RightToeBase 0.9976946 -8.9407E-8 0.06786259 7.45058E-9 8.10251E-8 1.0 8.9407E-8 0.1748359 -0.06786259 -1.49012E-7 0.9976947 0.0 0.0 0.0 0.0 1.0
