Root_Bone_Name Hips
Num_Keyframes 205
Num_Bones 34
Time_Wrapping_Mode LOOP
Time 0.0
Hips 0.999371 0.026665 -0.023373 0.001102 -0.025291 0.998039 0.057257 1.021146 0.024854 -0.05663 0.998086 -0.009223 0.0 0.0 0.0 1.0
Spine 0.999947 -0.007637 -0.006924 -0.0 0.007381 0.999315 -0.036276 0.090819 0.007197 0.036222 0.999318 0.001036 0.0 0.0 0.0 1.0
Spine1 0.998384 -0.008777 -0.056145 0.0 0.007128 0.999539 -0.029507 0.105963 0.056379 0.029059 0.997986 -0.0 0.0 0.0 0.0 1.0
Spine2 0.998385 -0.010094 -0.055913 0.0 0.008469 0.999537 -0.029225 0.1211 0.056182 0.028704 0.998008 0.0 0.0 0.0 0.0 1.0
Neck 0.99911 0.022869 0.035444 0.0 -0.022604 0.999714 -0.007837 0.136238 -0.035613 0.007029 0.999341 -0.0 0.0 0.0 0.0 1.0
Head 0.997902 -0.063255 0.013829 -0.0 0.063765 0.997154 -0.040214 0.048508 -0.011246 0.041012 0.999095 0.01342 0.0 0.0 0.0 1.0
LeftShoulder -0.087964 0.954478 -0.285016 0.074603 -1.58E-4 -0.286139 -0.958188 0.120279 -0.996124 -0.084241 0.025321 2.36E-4 0.0 0.0 0.0 1.0
LeftArm 0.870503 0.003245 0.492153 -0.0 0.419773 0.517146 -0.745889 0.157184 -0.256936 0.855891 0.448815 -0.0 0.0 0.0 0.0 1.0
LeftForeArm 0.876889 -0.480682 -0.003358 0.0 0.480693 0.876873 0.005232 0.243319 4.29E-4 -0.006202 0.999981 0.0 0.0 0.0 0.0 1.0
LeftHand 0.957875 0.217025 -0.188084 0.0 -0.242285 0.962309 -0.123529 0.221022 0.154186 0.163896 0.974354 0.0 0.0 0.0 0.0 1.0
LeftHandThumb1 0.898529 -0.320598 0.29977 -0.026336 0.386477 0.901634 -0.194143 0.025057 -0.208041 0.290297 0.934049 0.022961 0.0 0.0 0.0 1.0
LeftHandThumb2 0.944413 0.328718 0.005244 0.00104 -0.327988 0.943168 -0.05346 0.034381 -0.022519 0.048769 0.998556 0.0 0.0 0.0 0.0 1.0
LeftHandThumb3 0.998941 0.045968 0.001823 -5.62E-4 -0.046004 0.998219 0.037988 0.044143 -7.3E-5 -0.038032 0.999277 0.0 0.0 0.0 0.0 1.0
LeftHandIndex1 0.998103 0.05126 -0.034089 0.0 -0.061138 0.890141 -0.451565 0.121989 0.007197 0.452792 0.891587 6.0E-6 0.0 0.0 0.0 1.0
LeftHandIndex2 0.991614 0.115195 -0.058577 0.001042 -0.127028 0.785453 -0.605746 0.032932 -0.02377 0.608107 0.793499 0.0 0.0 0.0 0.0 1.0
LeftHandIndex3 0.985901 0.166748 -0.013921 0.001095 -0.166725 0.971887 -0.16625 0.03356 -0.014192 0.166227 0.985985 0.0 0.0 0.0 0.0 1.0
RightShoulder 0.100814 -0.946216 0.307428 -0.074603 -0.018262 -0.31071 -0.950329 0.120277 0.994738 0.090192 -0.048604 1.28E-4 0.0 0.0 0.0 1.0
RightArm 0.913512 0.027635 -0.405872 0.0 -0.34764 0.571204 -0.743554 0.157184 0.211288 0.820343 0.531409 0.0 0.0 0.0 0.0 1.0
RightForeArm 0.846133 0.532956 0.004148 0.0 -0.532971 0.846115 0.005567 0.243323 -5.43E-4 -0.006921 0.999976 -0.0 0.0 0.0 0.0 1.0
RightHand 0.949419 -0.286793 0.127878 0.0 0.283142 0.957961 0.046271 0.22105 -0.135773 -0.007723 0.99071 -0.0 0.0 0.0 0.0 1.0
RightHandThumb1 0.837739 0.363691 -0.407335 0.024462 -0.475046 0.853249 -0.215169 0.024251 0.269303 0.373758 0.88757 0.019483 0.0 0.0 0.0 1.0
RightHandThumb2 0.883688 -0.467848 0.014586 -0.002391 0.467607 0.880981 -0.07222 0.031569 0.020938 0.070641 0.997282 0.0 0.0 0.0 0.0 1.0
RightHandThumb3 0.998834 0.048149 -0.003495 0.00241 -0.047853 0.997054 0.059946 0.045062 0.006371 -0.059709 0.998195 0.0 0.0 0.0 0.0 1.0
RightHandIndex1 0.993524 -0.113619 5.0E-6 0.0 0.112037 0.979678 -0.166367 0.123753 0.018898 0.16529 0.986064 1.2E-5 0.0 0.0 0.0 1.0
RightHandIndex2 0.992965 -0.100576 0.062494 -0.001174 0.117267 0.762122 -0.636724 0.035274 0.016411 0.639573 0.768555 0.0 0.0 0.0 0.0 1.0
RightHandIndex3 0.985053 -0.171478 0.016311 -9.54E-4 0.172148 0.976747 -0.127791 0.031699 0.005982 0.128688 0.991667 0.0 0.0 0.0 0.0 1.0
LeftUpLeg -0.993969 0.078988 0.076075 0.075562 -0.068842 -0.989404 0.127829 -0.050384 0.085366 0.121821 0.988874 0.016543 0.0 0.0 0.0 1.0
LeftLeg 0.985263 -0.006876 -0.170907 0.0 0.08664 0.881583 0.464009 0.453272 0.147478 -0.471979 0.869187 0.0 0.0 0.0 0.0 1.0
LeftFoot 0.993695 0.022578 -0.10982 0.0 -0.110382 0.368695 -0.922973 0.408386 0.019651 0.929276 0.368863 0.0 0.0 0.0 0.0 1.0
LeftToeBase 0.974147 0.140345 0.177036 0.0 6.36E-4 0.781926 -0.62337 0.212811 -0.225916 0.607367 0.761622 -0.0 0.0 0.0 0.0 1.0
RightUpLeg -0.986003 -0.070479 -0.1511 -0.075562 0.054179 -0.99252 0.1094 -0.050384 -0.15768 0.099682 0.982446 0.020546 0.0 0.0 0.0 1.0
RightLeg 0.998165 0.02241 0.056251 0.0 -0.043928 0.907387 0.417994 0.453812 -0.041674 -0.419698 0.906707 0.0 0.0 0.0 0.0 1.0
RightFoot 0.993736 -0.086696 0.070511 -0.0 0.100127 0.41058 -0.906311 0.407804 0.049623 0.907694 0.416689 0.0 0.0 0.0 0.0 1.0
RightToeBase 0.975012 -0.140301 -0.17224 0.0 -8.73E-4 0.772903 -0.634523 0.209222 0.22215 0.618818 0.753468 0.0 0.0 0.0 0.0 1.0
Time 0.033333
Hips 0.99937 0.027224 -0.022765 0.001419 -0.025878 0.998013 0.057447 1.021102 0.024284 -0.056822 0.998089 -0.008904 0.0 0.0 0.0 1.0
Spine 0.999948 -0.007614 -0.006816 0.0 0.007358 0.999297 -0.03677 0.090819 0.007091 0.036717 0.999301 0.001036 0.0 0.0 0.0 1.0
Spine1 0.998399 -0.008749 -0.055885 0.0 0.007062 0.999515 -0.030316 0.105963 0.056123 0.029873 0.997977 -0.0 0.0 0.0 0.0 1.0
Spine2 0.9984 -0.010059 -0.055643 0.0 0.008396 0.999513 -0.030041 0.1211 0.055918 0.029525 0.997999 0.0 0.0 0.0 0.0 1.0
Neck 0.999121 0.022443 0.035416 0.0 -0.022139 0.999715 -0.008963 0.136238 -0.035607 0.008171 0.999332 -0.0 0.0 0.0 0.0 1.0
Head 0.99786 -0.063803 0.014271 -0.0 0.064293 0.997243 -0.037042 0.048508 -0.011868 0.037881 0.999212 0.01342 0.0 0.0 0.0 1.0
LeftShoulder -0.08868 0.953939 -0.286596 0.074603 -9.1E-5 -0.287737 -0.957709 0.120279 -0.99606 -0.084903 0.025603 2.36E-4 0.0 0.0 0.0 1.0
LeftArm 0.869284 0.001839 0.49431 0.0 0.421855 0.518467 -0.743794 0.157184 -0.257651 0.855095 0.44992 -0.0 0.0 0.0 0.0 1.0
LeftForeArm 0.877182 -0.480146 -0.003354 -0.0 0.480158 0.877167 0.005227 0.243319 4.32E-4 -0.006195 0.999981 0.0 0.0 0.0 0.0 1.0
LeftHand 0.95772 0.216522 -0.189449 0.0 -0.242223 0.962153 -0.124858 0.221022 0.155245 0.165468 0.97392 -0.0 0.0 0.0 0.0 1.0
LeftHandThumb1 0.898466 -0.319488 0.301141 -0.026336 0.385783 0.901938 -0.19411 0.025057 -0.209595 0.290577 0.933614 0.022961 0.0 0.0 0.0 1.0
LeftHandThumb2 0.945207 0.326455 0.003433 0.00104 -0.325835 0.943965 -0.052546 0.034381 -0.020394 0.048548 0.998613 0.0 0.0 0.0 0.0 1.0
LeftHandThumb3 0.998987 0.044971 0.001833 -5.62E-4 -0.045008 0.998251 0.038332 0.044143 -1.06E-4 -0.038376 0.999263 0.0 0.0 0.0 0.0 1.0
LeftHandIndex1 0.998101 0.05128 -0.034139 0.0 -0.061183 0.88989 -0.452053 0.121989 0.007199 0.453283 0.891338 6.0E-6 0.0 0.0 0.0 1.0
LeftHandIndex2 0.99165 0.114995 -0.058369 0.001042 -0.126776 0.786341 -0.604645 0.032932 -0.023633 0.606996 0.794354 0.0 0.0 0.0 0.0 1.0
LeftHandIndex3 0.985935 0.166553 -0.013854 0.001095 -0.166536 0.97209 -0.165245 0.03356 -0.014055 0.165228 0.986155 0.0 0.0 0.0 0.0 1.0
RightShoulder 0.100738 -0.946148 0.307662 -0.074603 -0.018275 -0.310942 -0.950253 0.120277 0.994745 0.090104 -0.048614 1.28E-4 0.0 0.0 0.0 1.0
RightArm 0.912224 0.028339 -0.408711 -0.0 -0.350573 0.570229 -0.742925 0.157184 0.212005 0.820997 0.530111 0.0 0.0 0.0 0.0 1.0
RightForeArm 0.846266 0.532745 0.004147 0.0 -0.53276 0.846248 0.005565 0.243323 -5.45E-4 -0.006919 0.999976 -0.0 0.0 0.0 0.0 1.0
RightHand 0.9496 -0.285633 0.129125 0.0 0.281682 0.958292 0.048288 0.22105 -0.137532 -0.009482 0.990452 -0.0 0.0 0.0 0.0 1.0
RightHandThumb1 0.837752 0.364609 -0.406487 0.024462 -0.475616 0.852933 -0.215162 0.024251 0.268256 0.373584 0.88796 0.019483 0.0 0.0 0.0 1.0
RightHandThumb2 0.883043 -0.469089 0.013796 -0.002391 0.468775 0.880309 -0.072838 0.031569 0.022023 0.070786 0.997248 0.0 0.0 0.0 0.0 1.0
RightHandThumb3 0.998889 0.046988 -0.003522 0.00241 -0.046695 0.997127 0.059648 0.045062 0.006315 -0.059418 0.998213 0.0 0.0 0.0 0.0 1.0
RightHandIndex1 0.99346 -0.114178 7.5E-5 -0.0 0.112555 0.979234 -0.16862 0.123753 0.019179 0.167525 0.985681 1.2E-5 0.0 0.0 0.0 1.0
RightHandIndex2 0.993005 -0.100354 0.062215 -0.001174 0.116953 0.763508 -0.635121 0.035274 0.016235 0.637954 0.769903 0.0 0.0 0.0 0.0 1.0
RightHandIndex3 0.985104 -0.171195 0.016217 -9.54E-4 0.171865 0.977024 -0.126043 0.031699 0.005734 0.126953 0.991892 0.0 0.0 0.0 0.0 1.0
LeftUpLeg -0.99409 0.07903 0.074431 0.075562 -0.06906 -0.989351 0.12812 -0.050384 0.083763 0.122222 0.988962 0.016543 0.0 0.0 0.0 1.0
LeftLeg 0.985264 -0.006307 -0.170923 0.0 0.086422 0.880728 0.46567 0.453272 0.1476 -0.47358 0.868295 -0.0 0.0 0.0 0.0 1.0
LeftFoot 0.993829 0.02072 -0.108972 0.0 -0.108934 0.367571 -0.923594 0.408386 0.020918 0.929765 0.36756 -0.0 0.0 0.0 0.0 1.0
LeftToeBase 0.974144 0.140348 0.177046 0.0 6.97E-4 0.781772 -0.623564 0.212811 -0.225926 0.607565 0.761461 0.0 0.0 0.0 0.0 1.0
RightUpLeg -0.986069 -0.069897 -0.150938 -0.075562 0.053624 -0.99256 0.109314 -0.050384 -0.157456 0.099697 0.982481 0.020546 0.0 0.0 0.0 1.0
RightLeg 0.998114 0.022643 0.057065 0.0 -0.044535 0.906836 0.419124 0.453812 -0.042258 -0.420875 0.906134 -0.0 0.0 0.0 0.0 1.0
RightFoot 0.993884 -0.0857 0.069646 -0.0 0.09888 0.40981 -0.906796 0.407804 0.04917 0.908136 0.415777 0.0 0.0 0.0 0.0 1.0
RightToeBase 0.975009 -0.140306 -0.172254 0.0 -9.51E-4 0.772701 -0.63477 0.209222 0.222163 0.61907 0.753257 0.0 0.0 0.0 0.0 1.0
Time 0.066667
Hips 0.999374 0.027679 -0.022037 0.001656 -0.026368 0.997985 0.057716 1.021075 0.02359 -0.057099 0.99809 -0.008508 0.0 0.0 0.0 1.0
Spine 0.99995 -0.007514 -0.00666 -0.0 0.007261 0.999282 -0.037194 0.090819 0.006935 0.037144 0.999286 0.001036 0.0 0.0 0.0 1.0
Spine1 0.998417 -0.00861 -0.055573 0.0 0.006892 0.999495 -0.031036 0.105963 0.055812 0.030604 0.997972 -0.0 0.0 0.0 0.0 1.0
Spine2 0.998419 -0.00993 -0.055327 0.0 0.008235 0.999493 -0.030771 0.1211 0.055604 0.030266 0.997994 0.0 0.0 0.0 0.0 1.0
Neck 0.999132 0.022023 0.035363 0.0 -0.021666 0.999711 -0.010436 0.136238 -0.035583 0.009661 0.99932 -0.0 0.0 0.0 0.0 1.0
Head 0.997812 -0.064499 0.014516 0.0 0.064969 0.997285 -0.034662 0.048508 -0.012241 0.035529 0.999294 0.01342 0.0 0.0 0.0 1.0
LeftShoulder -0.088718 0.954027 -0.286288 0.074603 -1.32E-4 -0.287433 -0.957801 0.120279 -0.996057 -0.084936 0.025626 2.36E-4 0.0 0.0 0.0 1.0
LeftArm 0.8687 0.00107 0.495338 0.0 0.422849 0.519236 -0.742693 0.157184 -0.257992 0.85463 0.450608 -0.0 0.0 0.0 0.0 1.0
LeftForeArm 0.87741 -0.47973 -0.003352 0.0 0.479742 0.877394 0.005222 0.243319 4.36E-4 -0.00619 0.999981 0.0 0.0 0.0 0.0 1.0
LeftHand 0.957751 0.215815 -0.190096 0.0 -0.241523 0.96241 -0.124234 0.221022 0.156138 0.164897 0.973874 -0.0 0.0 0.0 0.0 1.0
LeftHandThumb1 0.898347 -0.31812 0.302939 -0.026336 0.384985 0.902266 -0.194171 0.025057 -0.211562 0.29106 0.93302 0.022961 0.0 0.0 0.0 1.0
LeftHandThumb2 0.946108 0.323848 0.00135 0.00104 -0.323353 0.944877 -0.051486 0.034381 -0.017949 0.048275 0.998673 0.0 0.0 0.0 0.0 1.0
LeftHandThumb3 0.999043 0.043691 0.001849 -5.62E-4 -0.04373 0.99829 0.03879 0.044143 -1.51E-4 -0.038834 0.999246 -0.0 0.0 0.0 0.0 1.0
LeftHandIndex1 0.998113 0.051044 -0.034124 0.0 -0.060966 0.88988 -0.452103 0.121989 0.007289 0.45333 0.891313 6.0E-6 0.0 0.0 0.0 1.0
LeftHandIndex2 0.991665 0.114907 -0.058277 0.001042 -0.126665 0.786733 -0.604158 0.032932 -0.023573 0.606504 0.794731 0.0 0.0 0.0 0.0 1.0
LeftHandIndex3 0.985957 0.16643 -0.013811 0.001095 -0.166417 0.972218 -0.164612 0.03356 -0.013969 0.164598 0.986262 -0.0 0.0 0.0 0.0 1.0
RightShoulder 0.101176 -0.945907 0.308257 -0.074603 -0.018336 -0.311568 -0.950047 0.120277 0.9947 0.090469 -0.048867 1.28E-4 0.0 0.0 0.0 1.0
RightArm 0.912029 0.027607 -0.409196 0.0 -0.350736 0.569642 -0.743298 0.157184 0.212575 0.821429 0.529213 0.0 0.0 0.0 0.0 1.0
RightForeArm 0.84601 0.53315 0.00415 0.0 -0.533166 0.845992 0.005569 0.243323 -5.41E-4 -0.006924 0.999976 -0.0 0.0 0.0 0.0 1.0
RightHand 0.949868 -0.284488 0.12968 0.0 0.280233 0.958611 0.050346 0.22105 -0.138635 -0.011482 0.990277 -0.0 0.0 0.0 0.0 1.0
RightHandThumb1 0.837762 0.365861 -0.405341 0.024462 -0.476668 0.852119 -0.216056 0.024251 0.266352 0.374216 0.888267 0.019483 0.0 0.0 0.0 1.0
RightHandThumb2 0.88195 -0.471178 0.012438 -0.002391 0.470738 0.879176 -0.073859 0.031569 0.023866 0.070995 0.997191 0.0 0.0 0.0 0.0 1.0
RightHandThumb3 0.998967 0.045311 -0.003561 0.00241 -0.04502 0.997228 0.059246 0.045062 0.006236 -0.059025 0.998237 0.0 0.0 0.0 0.0 1.0
RightHandIndex1 0.993379 -0.114883 1.44E-4 0.0 0.113211 0.97871 -0.171202 0.123753 0.019528 0.170085 0.985236 1.2E-5 0.0 0.0 0.0 1.0
RightHandIndex2 0.993048 -0.100112 0.061914 -0.001174 0.116612 0.765007 -0.633377 0.035274 0.016045 0.636193 0.771363 0.0 0.0 0.0 0.0 1.0
RightHandIndex3 0.985159 -0.170884 0.016116 -9.54E-4 0.171555 0.977323 -0.124132 0.031699 0.005462 0.125054 0.992135 0.0 0.0 0.0 0.0 1.0
LeftUpLeg -0.994206 0.079034 0.072862 0.075562 -0.06925 -0.989326 0.128211 -0.050384 0.082217 0.122422 0.989067 0.016543 0.0 0.0 0.0 1.0
LeftLeg 0.985165 -0.005755 -0.171515 0.0 0.086476 0.87992 0.467186 0.453272 0.148231 -0.475087 0.867364 0.0 0.0 0.0 0.0 1.0
LeftFoot 0.994003 0.019481 -0.107602 0.0 -0.107232 0.366451 -0.924237 0.408386 0.021426 0.930233 0.366343 -0.0 0.0 0.0 0.0 1.0
LeftToeBase 0.974141 0.140353 0.177059 0.0 7.75E-4 0.781576 -0.62381 0.212811 -0.225939 0.607816 0.761256 0.0 0.0 0.0 0.0 1.0
RightUpLeg -0.986056 -0.069322 -0.151289 -0.075562 0.053032 -0.992607 0.109176 -0.050384 -0.157738 0.09963 0.982442 0.020546 0.0 0.0 0.0 1.0
RightLeg 0.998094 0.023019 0.057258 0.0 -0.045021 0.906184 0.42048 0.453812 -0.042207 -0.422257 0.905493 -0.0 0.0 0.0 0.0 1.0
RightFoot 0.994094 -0.084152 0.068519 0.0 0.097155 0.408858 -0.907412 0.407804 0.048346 0.90871 0.414619 -0.0 0.0 0.0 0.0 1.0
RightToeBase 0.975005 -0.140311 -0.17227 0.0 -0.001044 0.77246 -0.635062 0.209222 0.222178 0.619369 0.753006 -0.0 0.0 0.0 0.0 1.0
Time 0.1
Hips 0.999376 0.027949 -0.021618 0.001781 -0.026659 0.997973 0.05779 1.021073 0.02319 -0.057178 0.998095 -0.008168 0.0 0.0 0.0 1.0
Spine 0.999953 -0.007302 -0.00645 0.0 0.007057 0.999278 -0.037333 0.090819 0.006718 0.037285 0.999282 0.001036 0.0 0.0 0.0 1.0
Spine1 0.998442 -0.008291 -0.055176 0.0 0.006569 0.999488 -0.031309 0.105963 0.055407 0.030897 0.997986 0.0 0.0 0.0 0.0 1.0
Spine2 0.998444 -0.009638 -0.054931 0.0 0.007939 0.999486 -0.031058 0.1211 0.055202 0.030573 0.998007 0.0 0.0 0.0 0.0 1.0
Neck 0.999154 0.021376 0.035146 -0.0 -0.020954 0.999704 -0.012336 0.136238 -0.035399 0.01159 0.999306 -0.0 0.0 0.0 0.0 1.0
Head 0.997764 -0.065323 0.014135 0.0 0.065771 0.997256 -0.033965 0.048508 -0.011878 0.034819 0.999323 0.01342 0.0 0.0 0.0 1.0
LeftShoulder -0.087742 0.954917 -0.28361 0.074603 -2.81E-4 -0.284731 -0.958607 0.120279 -0.996143 -0.084031 0.025251 2.36E-4 0.0 0.0 0.0 1.0
LeftArm 0.868728 0.001021 0.495289 0.0 0.422888 0.519042 -0.742807 0.157184 -0.257834 0.854748 0.450474 -0.0 0.0 0.0 0.0 1.0
LeftForeArm 0.877533 -0.479505 -0.00335 0.0 0.479516 0.877518 0.00522 0.243319 4.37E-4 -0.006187 0.999981 0.0 0.0 0.0 0.0 1.0
LeftHand 0.957913 0.214824 -0.190403 -0.0 -0.240221 0.963019 -0.122014 0.221022 0.157151 0.162617 0.974094 0.0 0.0 0.0 0.0 1.0
LeftHandThumb1 0.898284 -0.31739 0.303889 -0.026336 0.384591 0.902395 -0.19435 0.025057 -0.212543 0.291455 0.932673 0.022961 0.0 0.0 0.0 1.0
LeftHandThumb2 0.946518 0.322651 3.92E-4 0.00104 -0.322213 0.945295 -0.050957 0.034381 -0.016812 0.048105 0.998701 0.0 0.0 0.0 0.0 1.0
LeftHandThumb3 0.999078 0.042884 0.00186 -5.62E-4 -0.042923 0.998313 0.039087 0.044143 -1.81E-4 -0.039131 0.999234 -0.0 0.0 0.0 0.0 1.0
LeftHandIndex1 0.998105 0.051189 -0.034154 0.0 -0.061112 0.889664 -0.452509 0.121989 0.007222 0.453738 0.891106 6.0E-6 0.0 0.0 0.0 1.0
LeftHandIndex2 0.991685 0.114798 -0.058164 0.001042 -0.126529 0.787215 -0.603558 0.032932 -0.0235 0.605899 0.795195 0.0 0.0 0.0 0.0 1.0
LeftHandIndex3 0.985983 0.16628 -0.01376 0.001095 -0.166272 0.972373 -0.163841 0.03356 -0.013864 0.163832 0.986391 0.0 0.0 0.0 0.0 1.0
RightShoulder 0.102844 -0.945285 0.309611 -0.074603 -0.018547 -0.313029 -0.949562 0.120277 0.994525 0.091914 -0.049726 1.28E-4 0.0 0.0 0.0 1.0
RightArm 0.912839 0.025988 -0.407492 0.0 -0.348401 0.570013 -0.744111 0.157184 0.212938 0.821224 0.529385 0.0 0.0 0.0 0.0 1.0
RightForeArm 0.845444 0.534048 0.004155 0.0 -0.534064 0.845426 0.005579 0.243323 -5.34E-4 -0.006936 0.999976 -0.0 0.0 0.0 0.0 1.0
RightHand 0.950295 -0.283533 0.128645 0.0 0.27903 0.958865 0.052152 0.22105 -0.13814 -0.013664 0.990318 -0.0 0.0 0.0 0.0 1.0
RightHandThumb1 0.837771 0.366442 -0.404796 0.024462 -0.477265 0.851581 -0.216861 0.024251 0.265249 0.374874 0.88832 0.019483 0.0 0.0 0.0 1.0
RightHandThumb2 0.881363 -0.472295 0.011709 -0.002391 0.471785 0.878568 -0.074409 0.031569 0.024856 0.071105 0.997159 0.0 0.0 0.0 0.0 1.0
RightHandThumb3 0.999003 0.04449 -0.003581 0.00241 -0.044201 0.997275 0.059062 0.045062 0.006199 -0.058845 0.998248 0.0 0.0 0.0 0.0 1.0
RightHandIndex1 0.993377 -0.114902 1.29E-4 -0.0 0.113213 0.978585 -0.171915 0.123753 0.019627 0.170791 0.985112 1.2E-5 0.0 0.0 0.0 1.0
RightHandIndex2 0.993059 -0.100051 0.061838 -0.001174 0.116526 0.765384 -0.632937 0.035274 0.015997 0.635749 0.77173 -0.0 0.0 0.0 0.0 1.0
RightHandIndex3 0.985174 -0.170801 0.016089 -9.54E-4 0.171472 0.977402 -0.12362 0.031699 0.005389 0.124546 0.992199 0.0 0.0 0.0 0.0 1.0
LeftUpLeg -0.994231 0.079087 0.072458 0.075562 -0.069341 -0.989302 0.128346 -0.050384 0.081833 0.122581 0.989079 0.016543 0.0 0.0 0.0 1.0
LeftLeg 0.98508 -0.005512 -0.172007 0.0 0.086671 0.879369 0.468186 0.453272 0.148677 -0.476109 0.866727 0.0 0.0 0.0 0.0 1.0
LeftFoot 0.994168 0.019093 -0.10614 0.0 -0.105749 0.365631 -0.924733 0.408386 0.021153 0.930564 0.365518 -0.0 0.0 0.0 0.0 1.0
LeftToeBase 0.974138 0.140357 0.177071 0.0 8.45E-4 0.781398 -0.624032 0.212811 -0.22595 0.608044 0.761071 -0.0 0.0 0.0 0.0 1.0
RightUpLeg -0.985944 -0.06895 -0.152187 -0.075562 0.05255 -0.992622 0.109273 -0.050384 -0.158598 0.09974 0.982292 0.020546 0.0 0.0 0.0 1.0
RightLeg 0.99811 0.023446 0.0568 0.0 -0.045267 0.90564 0.421624 0.453812 -0.041555 -0.423399 0.90499 0.0 0.0 0.0 0.0 1.0
RightFoot 0.994285 -0.082865 0.067317 0.0 0.09548 0.408064 -0.907947 0.407804 0.047767 0.909185 0.413644 -0.0 0.0 0.0 0.0 1.0
RightToeBase 0.975003 -0.140316 -0.172284 0.0 -0.001119 0.772263 -0.635302 0.209222 0.222191 0.619614 0.752802 0.0 0.0 0.0 0.0 1.0
Time 0.133333
Hips 0.999376 0.028078 -0.021416 0.001857 -0.026801 0.997972 0.057738 1.021098 0.022994 -0.057128 0.998102 -0.007855 0.0 0.0 0.0 1.0
Spine 0.999956 -0.00704 -0.006228 0.0 0.006803 0.999281 -0.037307 0.090819 0.006487 0.037263 0.999284 0.001036 0.0 0.0 0.0 1.0
Spine1 0.998469 -0.007885 -0.054749 0.0 0.006175 0.99949 -0.031324 0.105963 0.054968 0.030938 0.998009 -0.0 0.0 0.0 0.0 1.0
Spine2 0.99847 -0.009265 -0.054509 0.0 0.007577 0.999488 -0.031088 0.1211 0.054769 0.030627 0.998029 0.0 0.0 0.0 0.0 1.0
Neck 0.99918 0.020634 0.03485 -0.0 -0.020141 0.999693 -0.014427 0.136238 -0.035137 0.013713 0.999288 -0.0 0.0 0.0 0.0 1.0
Head 0.997715 -0.066223 0.01341 -0.0 0.066647 0.997192 -0.034151 0.048508 -0.011111 0.034967 0.999327 0.01342 0.0 0.0 0.0 1.0
LeftShoulder -0.086444 0.956134 -0.279885 0.074603 -4.8E-4 -0.280976 -0.959715 0.120279 -0.996257 -0.082828 0.024748 2.36E-4 0.0 0.0 0.0 1.0
LeftArm 0.868916 0.001228 0.494958 0.0 0.422688 0.518456 -0.74333 0.157184 -0.257527 0.855104 0.449975 -0.0 0.0 0.0 0.0 1.0
LeftForeArm 0.877592 -0.479397 -0.00335 0.0 0.479409 0.877576 0.005218 0.243319 4.38E-4 -0.006186 0.999981 0.0 0.0 0.0 0.0 1.0
LeftHand 0.958156 0.213584 -0.190576 0.0 -0.238538 0.963798 -0.119136 0.221022 0.158231 0.15961 0.974416 0.0 0.0 0.0 0.0 1.0
LeftHandThumb1 0.898244 -0.317141 0.304268 -0.026336 0.384512 0.90238 -0.194579 0.025057 -0.212857 0.291774 0.932502 0.022961 0.0 0.0 0.0 1.0
LeftHandThumb2 0.946577 0.322478 2.68E-4 0.00104 -0.322049 0.94536 -0.050791 0.034381 -0.016632 0.047991 0.998709 0.0 0.0 0.0 0.0 1.0
LeftHandThumb3 0.999099 0.04239 0.001868 -5.62E-4 -0.042431 0.998327 0.03927 0.044143 -2.0E-4 -0.039314 0.999227 0.0 0.0 0.0 0.0 1.0
LeftHandIndex1 0.998069 0.051815 -0.03426 0.0 -0.061725 0.889132 -0.453469 0.121989 0.006965 0.454708 0.890613 6.0E-6 0.0 0.0 0.0 1.0
LeftHandIndex2 0.991718 0.11461 -0.057969 0.001042 -0.126292 0.788046 -0.602523 0.032932 -0.023373 0.604854 0.795994 0.0 0.0 0.0 0.0 1.0
LeftHandIndex3 0.98602 0.166062 -0.013685 0.001095 -0.16606 0.972598 -0.16272 0.03356 -0.013711 0.162717 0.986577 0.0 0.0 0.0 0.0 1.0
RightShoulder 0.105165 -0.94446 0.311346 -0.074603 -0.01884 -0.314918 -0.948932 0.120277 0.994276 0.093929 -0.050912 1.28E-4 0.0 0.0 0.0 1.0
RightArm 0.914113 0.023995 -0.404748 0.0 -0.344866 0.570975 -0.74502 0.157184 0.213224 0.820617 0.530211 0.0 0.0 0.0 0.0 1.0
RightForeArm 0.844722 0.53519 0.004163 -0.0 -0.535206 0.844703 0.005591 0.243323 -5.24E-4 -0.00695 0.999976 -0.0 0.0 0.0 0.0 1.0
RightHand 0.950789 -0.282679 0.126855 0.0 0.277971 0.959083 0.053769 0.22105 -0.136864 -0.015861 0.990463 -0.0 0.0 0.0 0.0 1.0
RightHandThumb1 0.837785 0.366497 -0.404717 0.024462 -0.477449 0.851339 -0.217402 0.024251 0.264874 0.375368 0.888223 0.019483 0.0 0.0 0.0 1.0
RightHandThumb2 0.881209 -0.472586 0.011515 -0.002391 0.472058 0.878408 -0.074566 0.031569 0.025124 0.071144 0.99715 0.0 0.0 0.0 0.0 1.0
RightHandThumb3 0.999009 0.044356 -0.003586 0.00241 -0.044067 0.997282 0.059051 0.045062 0.006196 -0.058834 0.998249 0.0 0.0 0.0 0.0 1.0
RightHandIndex1 0.993412 -0.114594 6.7E-5 0.0 0.112907 0.97869 -0.171514 0.123753 0.019589 0.170391 0.985182 1.2E-5 0.0 0.0 0.0 1.0
RightHandIndex2 0.993051 -0.100093 0.06189 -0.001174 0.116585 0.765125 -0.633239 0.035274 0.01603 0.636054 0.771478 0.0 0.0 0.0 0.0 1.0
RightHandIndex3 0.985165 -0.170851 0.016105 -9.54E-4 0.171522 0.977355 -0.123926 0.031699 0.005432 0.12485 0.992161 0.0 0.0 0.0 0.0 1.0
LeftUpLeg -0.994188 0.079164 0.072956 0.075562 -0.069348 -0.98929 0.12844 -0.050384 0.082343 0.122634 0.98903 0.016543 0.0 0.0 0.0 1.0
LeftLeg 0.985082 -0.00545 -0.171999 0.0 0.086713 0.879053 0.468772 0.453272 0.148641 -0.476693 0.866412 -0.0 0.0 0.0 0.0 1.0
LeftFoot 0.994321 0.018935 -0.104725 0.0 -0.104388 0.365052 -0.925116 0.408386 0.020713 0.930795 0.364955 0.0 0.0 0.0 0.0 1.0
LeftToeBase 0.974136 0.140361 0.177082 -0.0 9.11E-4 0.781231 -0.624242 0.212811 -0.225961 0.608258 0.760897 0.0 0.0 0.0 0.0 1.0
RightUpLeg -0.985793 -0.068747 -0.153248 -0.075562 0.052216 -0.992625 0.109404 -0.050384 -0.159639 0.099848 0.982113 0.020546 0.0 0.0 0.0 1.0
RightLeg 0.998133 0.023852 0.056231 0.0 -0.04543 0.905267 0.422407 0.453812 -0.040829 -0.424173 0.90466 -0.0 0.0 0.0 0.0 1.0
RightFoot 0.994436 -0.081994 0.06614 0.0 0.094012 0.407473 -0.908365 0.407804 0.04753 0.909529 0.412915 0.0 0.0 0.0 0.0 1.0
RightToeBase 0.975 -0.140319 -0.172295 -0.0 -0.001184 0.772095 -0.635506 0.209222 0.222202 0.619822 0.752627 0.0 0.0 0.0 0.0 1.0
Time 0.166667
Hips 0.999375 0.028183 -0.021317 0.001919 -0.026915 0.997977 0.0576 1.021159 0.022897 -0.05699 0.998112 -0.007558 0.0 0.0 0.0 1.0
Spine 0.999959 -0.006764 -0.006002 -0.0 0.006536 0.999286 -0.037213 0.090819 0.006249 0.037172 0.999289 0.001036 0.0 0.0 0.0 1.0
Spine1 0.998497 -0.007465 -0.054289 0.0 0.005775 0.999496 -0.031223 0.105963 0.054494 0.030862 0.998037 0.0 0.0 0.0 0.0 1.0
Spine2 0.998499 -0.008874 -0.054053 0.0 0.007205 0.999493 -0.031003 0.1211 0.054301 0.030567 0.998057 0.0 0.0 0.0 0.0 1.0
Neck 0.999207 0.019828 0.03454 -0.0 -0.019266 0.999677 -0.016548 0.136238 -0.034856 0.01587 0.999266 -0.0 0.0 0.0 0.0 1.0
Head 0.997672 -0.067005 0.012692 0.0 0.06741 0.997122 -0.034693 0.048508 -0.010331 0.035467 0.999317 0.01342 0.0 0.0 0.0 1.0
LeftShoulder -0.08516 0.957422 -0.275844 0.074603 -6.99E-4 -0.276907 -0.960896 0.120279 -0.996367 -0.081637 0.02425 2.36E-4 0.0 0.0 0.0 1.0
LeftArm 0.869216 0.001463 0.49443 -0.0 0.422338 0.517763 -0.74401 0.157184 -0.257087 0.855523 0.44943 -0.0 0.0 0.0 0.0 1.0
LeftForeArm 0.877605 -0.479372 -0.003349 -0.0 0.479384 0.87759 0.005218 0.243319 4.38E-4 -0.006185 0.999981 0.0 0.0 0.0 0.0 1.0
LeftHand 0.958441 0.212261 -0.190622 0.0 -0.236714 0.964621 -0.116069 0.221022 0.159241 0.156368 0.974778 0.0 0.0 0.0 0.0 1.0
LeftHandThumb1 0.898297 -0.317062 0.304196 -0.026336 0.384463 0.902351 -0.194809 0.025057 -0.212725 0.291949 0.932478 0.022961 0.0 0.0 0.0 1.0
LeftHandThumb2 0.946545 0.322572 3.28E-4 0.00104 -0.322141 0.94533 -0.050757 0.034381 -0.016683 0.047938 0.998711 0.0 0.0 0.0 0.0 1.0
LeftHandThumb3 0.999111 0.042126 0.001872 -5.62E-4 -0.042167 0.998335 0.039369 0.044143 -2.1E-4 -0.039413 0.999223 0.0 0.0 0.0 0.0 1.0
LeftHandIndex1 0.998036 0.052382 -0.034359 0.0 -0.062282 0.888656 -0.454325 0.121989 0.006734 0.455572 0.890173 6.0E-6 0.0 0.0 0.0 1.0
LeftHandIndex2 0.991746 0.114447 -0.057801 0.001042 -0.126086 0.788767 -0.601621 0.032932 -0.023262 0.603944 0.796687 0.0 0.0 0.0 0.0 1.0
LeftHandIndex3 0.986053 0.165875 -0.013622 0.001095 -0.165879 0.972789 -0.161758 0.03356 -0.01358 0.161761 0.986736 -0.0 0.0 0.0 0.0 1.0
RightShoulder 0.107447 -0.943646 0.313028 -0.074603 -0.019125 -0.316754 -0.948315 0.120277 0.994027 0.095907 -0.052081 1.28E-4 0.0 0.0 0.0 1.0
RightArm 0.915509 0.022014 -0.401694 0.0 -0.341069 0.571989 -0.74599 0.157184 0.213342 0.819966 0.53117 0.0 0.0 0.0 0.0 1.0
RightForeArm 0.84402 0.536295 0.00417 0.0 -0.536311 0.844002 0.005602 0.243323 -5.15E-4 -0.006965 0.999976 -0.0 0.0 0.0 0.0 1.0
RightHand 0.951274 -0.281856 0.125042 -0.0 0.276952 0.959287 0.055372 0.22105 -0.135558 -0.018043 0.990605 -0.0 0.0 0.0 0.0 1.0
RightHandThumb1 0.837796 0.366536 -0.404659 0.024462 -0.477604 0.851133 -0.217872 0.024251 0.26456 0.375798 0.888135 0.019483 0.0 0.0 0.0 1.0
RightHandThumb2 0.881085 -0.472822 0.011357 -0.002391 0.47228 0.878279 -0.074689 0.031569 0.025339 0.071171 0.997142 -0.0 0.0 0.0 0.0 1.0
RightHandThumb3 0.999013 0.044264 -0.00359 0.00241 -0.043976 0.997286 0.059045 0.045062 0.006194 -0.058829 0.998249 0.0 0.0 0.0 0.0 1.0
RightHandIndex1 0.993453 -0.114238 9.0E-6 -0.0 0.112556 0.978813 -0.171045 0.123753 0.019531 0.169926 0.985263 1.2E-5 0.0 0.0 0.0 1.0
RightHandIndex2 0.993041 -0.100151 0.061961 -0.001174 0.116666 0.764771 -0.633652 0.035274 0.016074 0.636471 0.771133 0.0 0.0 0.0 0.0 1.0
RightHandIndex3 0.985154 -0.170914 0.016126 -9.54E-4 0.171585 0.977294 -0.124315 0.031699 0.005488 0.125237 0.992112 -0.0 0.0 0.0 0.0 1.0
LeftUpLeg -0.994132 0.079232 0.073645 0.075562 -0.069331 -0.989291 0.128437 -0.050384 0.083033 0.122578 0.988979 0.016543 0.0 0.0 0.0 1.0
LeftLeg 0.985091 -0.005456 -0.171946 0.0 0.086727 0.878942 0.468976 0.453272 0.148572 -0.476897 0.866312 -0.0 0.0 0.0 0.0 1.0
LeftFoot 0.994463 0.018869 -0.103377 0.0 -0.103118 0.364692 -0.925401 0.408386 0.02024 0.930937 0.364618 -0.0 0.0 0.0 0.0 1.0
LeftToeBase 0.974133 0.140365 0.177093 0.0 9.77E-4 0.781064 -0.62445 0.212811 -0.225972 0.608471 0.760724 0.0 0.0 0.0 0.0 1.0
RightUpLeg -0.985651 -0.068567 -0.154244 -0.075562 0.051931 -0.992639 0.109413 -0.050384 -0.160611 0.099833 0.981956 0.020546 0.0 0.0 0.0 1.0
RightLeg 0.998155 0.024189 0.0557 0.0 -0.045524 0.905113 0.422727 0.453812 -0.040189 -0.424483 0.904544 -0.0 0.0 0.0 0.0 1.0
RightFoot 0.994566 -0.081302 0.065029 -0.0 0.092693 0.407137 -0.908652 0.407804 0.0474 0.909742 0.41246 0.0 0.0 0.0 0.0 1.0
RightToeBase 0.974998 -0.140323 -0.172305 -0.0 -0.001245 0.771937 -0.635697 0.209222 0.222212 0.620018 0.752462 0.0 0.0 0.0 0.0 1.0
Time 0.2
Hips 0.99937 0.028299 -0.021429 0.001967 -0.027032 0.997994 0.057251 1.021332 0.023006 -0.056636 0.99813 -0.007295 0.0 0.0 0.0 1.0
Spine 0.999962 -0.00648 -0.00577 0.0 0.006262 0.999296 -0.036996 0.090819 0.006005 0.036959 0.999299 0.001036 0.0 0.0 0.0 1.0
Spine1 0.99853 -0.007067 -0.053733 -0.0 0.005411 0.999508 -0.030905 0.105963 0.053925 0.030569 0.998077 -0.0 0.0 0.0 0.0 1.0
Spine2 0.998532 -0.008484 -0.053502 -0.0 0.006847 0.999505 -0.030701 0.1211 0.053736 0.03029 0.998096 0.0 0.0 0.0 0.0 1.0
Neck 0.999236 0.018877 0.034234 -0.0 -0.018246 0.99966 -0.018631 0.136238 -0.034574 0.017992 0.99924 -0.0 0.0 0.0 0.0 1.0
Head 0.997657 -0.067314 0.012249 -0.0 0.067714 0.997062 -0.035805 0.048508 -0.009802 0.03655 0.999284 0.01342 0.0 0.0 0.0 1.0
LeftShoulder -0.084193 0.958742 -0.271525 0.074603 -9.49E-4 -0.272569 -0.962136 0.120279 -0.996449 -0.080748 0.023858 2.36E-4 0.0 0.0 0.0 1.0
LeftArm 0.869764 0.001576 0.493465 0.0 0.421686 0.517016 -0.7449 0.157184 -0.256304 0.855974 0.449017 -0.0 0.0 0.0 0.0 1.0
LeftForeArm 0.877507 -0.479552 -0.00335 -0.0 0.479563 0.877492 0.00522 0.243319 4.37E-4 -0.006187 0.999981 0.0 0.0 0.0 0.0 1.0
LeftHand 0.958824 0.210808 -0.190308 -0.0 -0.234676 0.9655 -0.11286 0.221022 0.15995 0.152874 0.975216 0.0 0.0 0.0 0.0 1.0
LeftHandThumb1 0.898675 -0.317197 0.302935 -0.026336 0.384248 0.902399 -0.19501 0.025057 -0.211511 0.291653 0.932846 0.022961 0.0 0.0 0.0 1.0
LeftHandThumb2 0.946474 0.322781 3.62E-4 0.00104 -0.322345 0.945253 -0.050891 0.034381 -0.016769 0.048051 0.998704 0.0 0.0 0.0 0.0 1.0
LeftHandThumb3 0.999099 0.042408 0.001869 -5.62E-4 -0.042449 0.998327 0.039258 0.044143 -2.01E-4 -0.039302 0.999227 0.0 0.0 0.0 0.0 1.0
LeftHandIndex1 0.998033 0.052419 -0.034375 -0.0 -0.062323 0.888598 -0.454434 0.121989 0.006725 0.455682 0.890117 6.0E-6 0.0 0.0 0.0 1.0
LeftHandIndex2 0.991751 0.114419 -0.057773 0.001042 -0.126053 0.788886 -0.601472 0.032932 -0.023244 0.603793 0.796802 0.0 0.0 0.0 0.0 1.0
LeftHandIndex3 0.986059 0.165841 -0.01361 0.001095 -0.165846 0.972824 -0.161582 0.03356 -0.013556 0.161586 0.986766 0.0 0.0 0.0 0.0 1.0
RightShoulder 0.109089 -0.943055 0.314241 -0.074603 -0.019319 -0.318079 -0.947867 0.120277 0.993844 0.097331 -0.052918 1.28E-4 0.0 0.0 0.0 1.0
RightArm 0.916998 0.020411 -0.39837 0.0 -0.337309 0.572772 -0.747097 0.157184 0.212926 0.819461 0.532115 -0.0 0.0 0.0 0.0 1.0
RightForeArm 0.843519 0.537084 0.004176 0.0 -0.5371 0.8435 0.00561 0.243323 -5.09E-4 -0.006975 0.999976 -0.0 0.0 0.0 0.0 1.0
RightHand 0.951675 -0.281073 0.123747 0.0 0.275959 0.959475 0.057052 0.22105 -0.134768 -0.020146 0.990672 -0.0 0.0 0.0 0.0 1.0
RightHandThumb1 0.837793 0.366884 -0.40435 0.024462 -0.477935 0.850851 -0.218244 0.024251 0.263972 0.376096 0.888184 0.019483 0.0 0.0 0.0 1.0
RightHandThumb2 0.880765 -0.473427 0.010961 -0.002391 0.472847 0.87795 -0.074962 0.031569 0.025866 0.071207 0.997126 -0.0 0.0 0.0 0.0 1.0
RightHandThumb3 0.999031 0.043853 -0.003599 0.00241 -0.043566 0.99731 0.058947 0.045062 0.006174 -0.058733 0.998255 0.0 0.0 0.0 0.0 1.0
RightHandIndex1 0.993484 -0.113968 -8.0E-6 -0.0 0.112286 0.978826 -0.17115 0.123753 0.019513 0.170034 0.985245 1.2E-5 0.0 0.0 0.0 1.0
RightHandIndex2 0.993035 -0.100186 0.062005 -0.001174 0.116716 0.764551 -0.633908 0.035274 0.016102 0.63673 0.770919 0.0 0.0 0.0 0.0 1.0
RightHandIndex3 0.985152 -0.170927 0.01613 -9.54E-4 0.171598 0.977282 -0.124395 0.031699 0.005499 0.125316 0.992102 0.0 0.0 0.0 0.0 1.0
LeftUpLeg -0.994079 0.079245 0.074346 0.075562 -0.069285 -0.989336 0.128113 -0.050384 0.083706 0.122203 0.988969 0.016543 0.0 0.0 0.0 1.0
LeftLeg 0.985071 -0.005562 -0.17206 0.0 0.086731 0.879398 0.46812 0.453272 0.148706 -0.476055 0.866752 0.0 0.0 0.0 0.0 1.0
LeftFoot 0.994579 0.018906 -0.102253 0.0 -0.10208 0.364941 -0.925417 0.408386 0.01982 0.930838 0.364893 0.0 0.0 0.0 0.0 1.0
LeftToeBase 0.974131 0.140369 0.177104 0.0 0.001044 0.780893 -0.624664 0.212811 -0.225983 0.608689 0.760545 0.0 0.0 0.0 0.0 1.0
RightUpLeg -0.98557 -0.068347 -0.154856 -0.075562 0.051721 -0.9927 0.10896 -0.050384 -0.161173 0.099378 0.98191 0.020546 0.0 0.0 0.0 1.0
RightLeg 0.998168 0.024286 0.055413 -0.0 -0.045442 0.905622 0.421643 0.453812 -0.039943 -0.423389 0.905067 -0.0 0.0 0.0 0.0 1.0
RightFoot 0.994651 -0.080965 0.064146 -0.0 0.09177 0.407567 -0.908552 0.407804 0.047417 0.909579 0.412817 -0.0 0.0 0.0 0.0 1.0
RightToeBase 0.974995 -0.140326 -0.172315 0.0 -0.0013 0.771793 -0.635872 0.209222 0.222221 0.620197 0.752312 -0.0 0.0 0.0 0.0 1.0
Time 0.233333
Hips 0.999356 0.028425 -0.021884 0.001985 -0.027149 0.99803 0.05656 1.021683 0.023448 -0.055929 0.998159 -0.007086 0.0 0.0 0.0 1.0
Spine 0.999966 -0.006181 -0.005529 0.0 0.005975 0.999313 -0.036564 0.090819 0.005751 0.03653 0.999316 0.001036 0.0 0.0 0.0 1.0
Spine1 0.998571 -0.006696 -0.053028 0.0 0.005098 0.999531 -0.030208 0.105963 0.053205 0.029895 0.998136 -0.0 0.0 0.0 0.0 1.0
Spine2 0.998572 -0.008089 -0.052801 0.0 0.006509 0.999528 -0.030019 0.1211 0.053019 0.029632 0.998154 0.0 0.0 0.0 0.0 1.0
Neck 0.999268 0.01768 0.033931 0.0 -0.016985 0.999642 -0.020665 0.136238 -0.034284 0.020074 0.99921 -0.0 0.0 0.0 0.0 1.0
Head 0.997686 -0.066878 0.012239 -0.0 0.067298 0.99701 -0.037969 0.048508 -0.009663 0.038705 0.999204 0.01342 0.0 0.0 0.0 1.0
LeftShoulder -0.083709 0.960153 -0.266642 0.074603 -0.001256 -0.267683 -0.963506 0.120279 -0.996489 -0.08032 0.023614 2.36E-4 0.0 0.0 0.0 1.0
LeftArm 0.870745 0.001552 0.491732 -0.0 0.420482 0.516112 -0.746206 0.157184 -0.254946 0.85652 0.44875 -0.0 0.0 0.0 0.0 1.0
LeftForeArm 0.877228 -0.480062 -0.003353 -0.0 0.480074 0.877212 0.005226 0.243319 4.33E-4 -0.006194 0.999981 0.0 0.0 0.0 0.0 1.0
LeftHand 0.95937 0.209136 -0.189398 -0.0 -0.232275 0.966483 -0.109356 0.221022 0.16018 0.148906 0.975792 0.0 0.0 0.0 0.0 1.0
LeftHandThumb1 0.89951 -0.317895 0.299707 -0.026336 0.383969 0.902487 -0.195151 0.025057 -0.208445 0.290619 0.933859 0.022961 0.0 0.0 0.0 1.0
LeftHandThumb2 0.946188 0.323618 7.34E-4 0.00104 -0.323153 0.944946 -0.051472 0.034381 -0.017351 0.048465 0.998674 0.0 0.0 0.0 0.0 1.0
LeftHandThumb3 0.999042 0.043726 0.001852 -5.62E-4 -0.043765 0.99829 0.038764 0.044143 -1.53E-4 -0.038808 0.999247 -0.0 0.0 0.0 0.0 1.0
LeftHandIndex1 0.998077 0.051642 -0.03427 0.0 -0.061576 0.889167 -0.453421 0.121989 0.007056 0.454659 0.890638 6.0E-6 0.0 0.0 0.0 1.0
LeftHandIndex2 0.991718 0.114609 -0.057968 0.001042 -0.12629 0.788052 -0.602515 0.032932 -0.023371 0.604846 0.796 0.0 0.0 0.0 0.0 1.0
LeftHandIndex3 0.986022 0.166053 -0.013683 0.001095 -0.166051 0.972607 -0.162671 0.03356 -0.013704 0.16267 0.986585 0.0 0.0 0.0 0.0 1.0
RightShoulder 0.109796 -0.942799 0.314761 -0.074603 -0.019386 -0.318647 -0.947675 0.120277 0.993765 0.097949 -0.053264 1.28E-4 0.0 0.0 0.0 1.0
RightArm 0.918723 0.019322 -0.39443 0.0 -0.333395 0.573266 -0.748475 0.157184 0.211651 0.819142 0.533114 0.0 0.0 0.0 0.0 1.0
RightForeArm 0.843319 0.537397 0.004178 -0.0 -0.537413 0.8433 0.005613 0.243323 -5.07E-4 -0.006979 0.999976 -0.0 0.0 0.0 0.0 1.0
RightHand 0.951956 -0.280393 0.123123 -0.0 0.275046 0.95963 0.05882 0.22105 -0.134645 -0.02213 0.990647 -0.0 0.0 0.0 0.0 1.0
RightHandThumb1 0.837765 0.367722 -0.403645 0.024462 -0.478548 0.850451 -0.218462 0.024251 0.262947 0.376184 0.888451 0.019483 0.0 0.0 0.0 1.0
RightHandThumb2 0.880137 -0.474611 0.01019 -0.002391 0.473959 0.877306 -0.075475 0.031569 0.026881 0.071258 0.997096 0.0 0.0 0.0 0.0 1.0
RightHandThumb3 0.999072 0.042926 -0.003616 0.00241 -0.04264 0.997365 0.058698 0.045062 0.006126 -0.058489 0.998269 0.0 0.0 0.0 0.0 1.0
RightHandIndex1 0.993505 -0.113785 3.9E-5 0.0 0.112094 0.978679 -0.172111 0.123753 0.019546 0.170998 0.985078 1.2E-5 0.0 0.0 0.0 1.0
RightHandIndex2 0.993033 -0.100195 0.062016 -0.001174 0.116728 0.764497 -0.633971 0.035274 0.016109 0.636793 0.770866 0.0 0.0 0.0 0.0 1.0
RightHandIndex3 0.985162 -0.17087 0.016111 -9.54E-4 0.171542 0.977336 -0.124047 0.031699 0.00545 0.12497 0.992146 -0.0 0.0 0.0 0.0 1.0
LeftUpLeg -0.994018 0.079195 0.075213 0.075562 -0.0692 -0.98945 0.127279 -0.050384 0.0845 0.121313 0.989011 0.016543 0.0 0.0 0.0 1.0
LeftLeg 0.985017 -0.00586 -0.17236 0.0 0.086702 0.880766 0.465547 0.453272 0.149081 -0.473515 0.868077 0.0 0.0 0.0 0.0 1.0
LeftFoot 0.994653 0.019166 -0.10148 0.0 -0.10143 0.366176 -0.925001 0.408386 0.019431 0.930348 0.366162 -0.0 0.0 0.0 0.0 1.0
LeftToeBase 0.974128 0.140373 0.177115 0.0 0.001112 0.78072 -0.62488 0.212811 -0.225994 0.60891 0.760365 0.0 0.0 0.0 0.0 1.0
RightUpLeg -0.985582 -0.068068 -0.154901 -0.075562 0.051632 -0.992835 0.107763 -0.050384 -0.161126 0.098212 0.982035 0.020546 0.0 0.0 0.0 1.0
RightLeg 0.99817 0.024003 0.055496 0.0 -0.045071 0.907197 0.418285 0.453812 -0.040306 -0.420021 0.906619 0.0 0.0 0.0 0.0 1.0
RightFoot 0.994662 -0.081234 0.063634 -0.0 0.091501 0.409233 -0.90783 0.407804 0.047705 0.908806 0.414482 -0.0 0.0 0.0 0.0 1.0
RightToeBase 0.974994 -0.140329 -0.172323 0.0 -0.001345 0.771677 -0.636014 0.209222 0.222229 0.620341 0.752191 0.0 0.0 0.0 0.0 1.0
Time 0.266667
Hips 0.999342 0.028734 -0.022148 0.001969 -0.027459 0.998059 0.055887 1.022049 0.023711 -0.055242 0.998191 -0.006861 0.0 0.0 0.0 1.0
Spine 0.999968 -0.005953 -0.005309 -0.0 0.005757 0.999332 -0.036094 0.090819 0.005521 0.036062 0.999334 0.001036 0.0 0.0 0.0 1.0
Spine1 0.998607 -0.006436 -0.052364 0.0 0.004898 0.999555 -0.02944 0.105963 0.052531 0.029142 0.998194 0.0 0.0 0.0 0.0 1.0
Spine2 0.998609 -0.007781 -0.052144 -0.0 0.00626 0.999552 -0.02926 0.1211 0.052348 0.028893 0.998211 -0.0 0.0 0.0 0.0 1.0
Neck 0.999295 0.016415 0.033772 0.0 -0.015663 0.999626 -0.022401 0.136238 -0.034127 0.021856 0.999178 -0.0 0.0 0.0 0.0 1.0
Head 0.997731 -0.066032 0.013167 0.0 0.066516 0.996963 -0.040506 0.048508 -0.010452 0.04129 0.999093 0.01342 0.0 0.0 0.0 1.0
LeftShoulder -0.083662 0.961427 -0.262029 0.074603 -0.001578 -0.263078 -0.964773 0.120279 -0.996493 -0.080301 0.023527 2.36E-4 0.0 0.0 0.0 1.0
LeftArm 0.872106 0.001803 0.489314 -0.0 0.418647 0.514928 -0.748053 0.157184 -0.253311 0.857232 0.448316 0.0 0.0 0.0 0.0 1.0
LeftForeArm 0.876985 -0.480506 -0.003356 -0.0 0.480518 0.876969 0.00523 0.243319 4.3E-4 -0.006199 0.999981 0.0 0.0 0.0 0.0 1.0
LeftHand 0.959868 0.207749 -0.188398 0.0 -0.230231 0.967308 -0.10634 0.221022 0.160147 0.145448 0.976319 0.0 0.0 0.0 0.0 1.0
LeftHandThumb1 0.899812 -0.320579 0.295919 -0.026336 0.385451 0.901886 -0.19501 0.025057 -0.204369 0.289534 0.935095 0.022961 0.0 0.0 0.0 1.0
LeftHandThumb2 0.944692 0.327935 0.004067 0.00104 -0.327261 0.943415 -0.053566 0.034381 -0.021403 0.049273 0.998556 0.0 0.0 0.0 0.0 1.0
LeftHandThumb3 0.998911 0.046615 0.001824 -5.62E-4 -0.04665 0.998196 0.037804 0.044143 -5.9E-5 -0.037848 0.999284 0.0 0.0 0.0 0.0 1.0
LeftHandIndex1 0.998154 0.050244 -0.034126 0.0 -0.060253 0.889961 -0.45204 0.121989 0.007659 0.453261 0.891345 6.0E-6 0.0 0.0 0.0 1.0
LeftHandIndex2 0.991652 0.114982 -0.058355 0.001042 -0.12676 0.786399 -0.604573 0.032932 -0.023625 0.606923 0.794409 0.0 0.0 0.0 0.0 1.0
LeftHandIndex3 0.985944 0.166505 -0.013837 0.001095 -0.166489 0.97214 -0.164998 0.03356 -0.014021 0.164982 0.986197 0.0 0.0 0.0 0.0 1.0
RightShoulder 0.109925 -0.942753 0.314856 -0.074603 -0.019458 -0.318756 -0.947637 0.120277 0.993749 0.098042 -0.053383 1.28E-4 0.0 0.0 0.0 1.0
RightArm 0.920568 0.018073 -0.390163 -0.0 -0.329213 0.573429 -0.750198 0.157184 0.210172 0.819056 0.533831 -0.0 0.0 0.0 0.0 1.0
RightForeArm 0.84332 0.537396 0.004178 0.0 -0.537412 0.843301 0.005613 0.243323 -5.07E-4 -0.006978 0.999976 -0.0 0.0 0.0 0.0 1.0
RightHand 0.952192 -0.279919 0.122378 0.0 0.274361 0.959723 0.060475 0.22105 -0.134377 -0.024008 0.990639 -0.0 0.0 0.0 0.0 1.0
RightHandThumb1 0.837702 0.369756 -0.401915 0.024462 -0.480027 0.849477 -0.219004 0.024251 0.260439 0.37639 0.889102 0.019483 0.0 0.0 0.0 1.0
RightHandThumb2 0.878617 -0.477453 0.008366 -0.002391 0.476625 0.875748 -0.076772 0.031569 0.029329 0.071441 0.997014 0.0 0.0 0.0 0.0 1.0
RightHandThumb3 0.999178 0.040369 -0.003665 0.00241 -0.040089 0.99751 0.058018 0.045062 0.005998 -0.057823 0.998309 0.0 0.0 0.0 0.0 1.0
RightHandIndex1 0.993503 -0.113803 1.53E-4 0.0 0.112076 0.978189 -0.174888 0.123753 0.019753 0.173769 0.984588 1.2E-5 0.0 0.0 0.0 1.0
RightHandIndex2 0.993055 -0.100075 0.061867 -0.001174 0.11656 0.765237 -0.633108 0.035274 0.016015 0.635922 0.771587 0.0 0.0 0.0 0.0 1.0
RightHandIndex3 0.985202 -0.170643 0.016038 -9.54E-4 0.171315 0.977552 -0.122651 0.031699 0.005252 0.123583 0.99232 0.0 0.0 0.0 0.0 1.0
LeftUpLeg -0.993925 0.079381 0.07623 0.075562 -0.06934 -0.989556 0.126377 -0.050384 0.085466 0.120324 0.989049 0.016543 0.0 0.0 0.0 1.0
LeftLeg 0.984968 -0.006274 -0.172624 0.0 0.08673 0.882209 0.462801 0.453272 0.149387 -0.470816 0.869492 0.0 0.0 0.0 0.0 1.0
LeftFoot 0.994712 0.019753 -0.100789 0.0 -0.100976 0.36749 -0.92453 0.408386 0.018777 0.929818 0.367541 -0.0 0.0 0.0 0.0 1.0
LeftToeBase 0.974126 0.140376 0.177123 -0.0 0.001161 0.780596 -0.625035 0.212811 -0.226002 0.609069 0.760236 -0.0 0.0 0.0 0.0 1.0
