Root_Bone_Name Hips
Num_Keyframes 147
Num_Bones 34
Time_Wrapping_Mode LOOP
Time 0.0
Hips 0.961597 -0.238306 0.136166 -0.020331 0.151275 0.87413 0.461534 0.683345 -0.229013 -0.423211 0.87661 -0.016416 0.0 0.0 0.0 1.0
Spine 0.977047 -0.112565 -0.180855 0.0 0.063815 0.964659 -0.255655 0.030939 0.203242 0.238246 0.949701 -0.002948 0.0 0.0 0.0 1.0
Spine1 0.998762 0.007225 -0.049227 0.0 -0.008395 0.999686 -0.023618 0.036259 0.049041 0.024002 0.998508 0.0 0.0 0.0 0.0 1.0
Spine2 0.998785 0.00665 -0.048826 0.0 -0.007827 0.999682 -0.023955 0.041439 0.048651 0.024308 0.99852 0.0 0.0 0.0 0.0 1.0
Neck 0.999424 0.003819 0.033727 0.0 0.001455 0.987914 -0.154994 0.046619 -0.033911 0.154954 0.987339 0.0 0.0 0.0 0.0 1.0
Head 0.919913 0.182847 0.346883 0.0 -0.140836 0.979665 -0.142908 0.064349 -0.365959 0.08261 0.926957 -0.059538 0.0 0.0 0.0 1.0
LeftShoulder 0.058197 0.998291 0.005284 0.05609 0.013843 0.004485 -0.999894 0.04286 -0.998209 0.058264 -0.013558 -7.47E-4 0.0 0.0 0.0 1.0
LeftArm 0.849107 0.280954 0.447306 0.0 -0.249015 0.959721 -0.130108 0.111292 -0.465843 -9.1E-4 0.884867 0.0 0.0 0.0 0.0 1.0
LeftForeArm 0.713917 -0.699642 0.028707 0.0 0.699732 0.711262 -0.066941 0.100285 0.026416 0.067877 0.997344 -0.0 0.0 0.0 0.0 1.0
LeftHand 0.84755 0.214154 0.485589 -0.0 0.087388 0.846167 -0.525703 0.206464 -0.523471 0.487994 0.698455 0.0 0.0 0.0 0.0 1.0
LeftHandThumb1 0.876447 -0.339319 0.341618 -0.055956 0.440118 0.85232 -0.282573 0.063785 -0.195286 0.398012 0.896354 0.008237 0.0 0.0 0.0 1.0
LeftHandThumb2 0.989032 0.146684 0.017309 -0.007412 -0.146481 0.989135 -0.012461 0.067795 -0.018949 0.009789 0.999773 0.0 0.0 0.0 0.0 1.0
LeftHandThumb3 0.985167 -0.170972 -0.014661 0.001953 0.167443 0.939094 0.30011 0.089331 -0.037542 -0.298113 0.953792 0.0 0.0 0.0 0.0 1.0
LeftHandIndex1 0.986899 -0.160727 0.014043 0.0 0.161034 0.986644 -0.024533 0.224888 -0.009912 0.026473 0.9996 1.07E-4 0.0 0.0 0.0 1.0
LeftHandIndex2 0.973476 0.220658 -0.060447 0.007096 -0.220147 0.831495 -0.51005 0.064715 -0.062285 0.509829 0.858018 0.0 0.0 0.0 0.0 1.0
LeftHandIndex3 0.995495 0.009448 0.094344 -0.004922 0.040025 0.860148 -0.508472 0.054848 -0.085954 0.509958 0.855894 -0.0 0.0 0.0 0.0 1.0
RightShoulder -0.169513 -0.984749 0.039171 -0.05609 0.03053 -0.044974 -0.998522 0.042786 0.985055 -0.168066 0.037688 2.4E-5 0.0 0.0 0.0 1.0
RightArm 0.810391 -0.50726 -0.293179 -0.0 0.465633 0.861333 -0.203204 0.111292 0.355602 0.028161 0.934213 -0.0 0.0 0.0 0.0 1.0
RightForeArm 0.749348 0.661715 -0.024717 -0.0 -0.661779 0.747083 -0.062584 0.100238 -0.022947 0.063254 0.997734 0.0 0.0 0.0 0.0 1.0
RightHand 0.883334 0.175248 -0.434752 0.0 -0.281225 0.940153 -0.19242 0.206484 0.375012 0.292234 0.879753 0.0 0.0 0.0 0.0 1.0
RightHandThumb1 0.859436 0.393693 -0.326152 0.057271 -0.483368 0.833518 -0.267587 0.0632 0.166506 0.387625 0.906654 0.006468 0.0 0.0 0.0 1.0
RightHandThumb2 0.980798 -0.194363 -0.016103 0.006874 0.194116 0.980853 -0.015708 0.068081 0.018848 0.01228 0.999747 -0.0 0.0 0.0 0.0 1.0
RightHandThumb3 0.998482 0.054911 -0.00418 -0.001494 -0.051212 0.95376 0.296175 0.089708 0.02025 -0.295512 0.955125 0.0 0.0 0.0 0.0 1.0
RightHandIndex1 0.964573 0.248797 -0.087739 0.0 -0.249691 0.968325 8.12E-4 0.238915 0.085162 0.021124 0.996143 -0.001122 0.0 0.0 0.0 1.0
RightHandIndex2 0.969363 -0.237442 0.062902 -0.012847 0.235674 0.82687 -0.510631 0.064095 0.069234 0.509811 0.857496 0.0 0.0 0.0 0.0 1.0
RightHandIndex3 0.985573 -0.051329 -0.161281 0.004926 -0.035333 0.869511 -0.492647 0.049473 0.165523 0.491238 0.855153 0.0 0.0 0.0 0.0 1.0
LeftUpLeg -0.860749 0.488413 -0.143399 0.068709 -0.489428 -0.716663 0.496843 -0.017079 0.139896 0.497841 0.855911 -8.61E-4 0.0 0.0 0.0 1.0
LeftLeg 0.996655 0.02997 0.076035 0.0 -0.052318 -0.480774 0.875282 0.319921 0.062788 -0.876332 -0.477598 0.0 0.0 0.0 0.0 1.0
LeftFoot 0.904078 0.253745 -0.343884 0.0 -0.425189 0.452926 -0.783628 0.356818 -0.043087 0.854677 0.51737 0.0 0.0 0.0 0.0 1.0
LeftToeBase 0.907508 -0.357657 -0.220253 -0.0 -0.277693 -0.117447 -0.953464 0.356133 0.315145 0.926438 -0.205903 0.0 0.0 0.0 0.0 1.0
RightUpLeg -0.94909 0.258067 -0.180634 -0.068709 -0.312077 -0.692331 0.650604 -0.017079 0.042841 0.673854 0.737621 -9.84E-4 0.0 0.0 0.0 1.0
RightLeg 0.997595 0.041765 0.055321 0.0 -0.069289 0.623115 0.779055 0.319921 -0.001935 -0.781014 0.62451 0.0 0.0 0.0 0.0 1.0
RightFoot 0.85994 0.355527 -0.366203 0.0 -0.483864 0.79619 -0.36326 0.356759 0.162418 0.489574 0.856702 0.0 0.0 0.0 0.0 1.0
RightToeBase 0.914495 0.286251 0.285936 0.0 0.092235 0.540615 -0.836199 0.347896 -0.393944 0.791073 0.467987 0.0 0.0 0.0 0.0 1.0
Time 0.033333
Hips 0.965937 -0.234971 0.108418 -0.043623 0.165258 0.882512 0.440299 0.71234 -0.199138 -0.407384 0.891281 -0.04513 0.0 0.0 0.0 1.0
Spine 0.983897 -0.069839 -0.164525 0.0 0.018231 0.954913 -0.296325 0.030939 0.177802 0.288554 0.94081 -0.002948 0.0 0.0 0.0 1.0
Spine1 0.998975 0.009612 -0.04423 -0.0 -0.01097 0.999472 -0.030581 0.036259 0.043913 0.031035 0.998553 -0.0 0.0 0.0 0.0 1.0
Spine2 0.999007 0.009126 -0.043618 0.0 -0.010481 0.999467 -0.030926 0.041439 0.043313 0.031353 0.998569 0.0 0.0 0.0 0.0 1.0
Neck 0.999737 0.008756 0.021198 0.0 -0.005738 0.990353 -0.138447 0.046619 -0.022206 0.138289 0.990143 0.0 0.0 0.0 0.0 1.0
Head 0.966196 0.106147 0.234942 0.0 -0.09807 0.994123 -0.045835 0.064349 -0.238427 0.021245 0.970928 -0.059538 0.0 0.0 0.0 1.0
LeftShoulder 0.138163 0.989534 -0.041635 0.05609 0.059388 -0.05024 -0.99697 0.04286 -0.988627 0.135272 -0.065708 -7.47E-4 0.0 0.0 0.0 1.0
LeftArm 0.885786 0.253951 0.388449 0.0 -0.152458 0.949778 -0.273274 0.111292 -0.438338 0.18284 0.880016 0.0 0.0 0.0 0.0 1.0
LeftForeArm 0.70638 -0.707221 0.029428 -0.0 0.707312 0.703655 -0.067666 0.100285 0.027147 0.068612 0.997274 -0.0 0.0 0.0 0.0 1.0
LeftHand 0.91201 0.083917 0.401492 0.0 0.116248 0.88583 -0.449212 0.206464 -0.393351 0.456358 0.798131 0.0 0.0 0.0 0.0 1.0
LeftHandThumb1 0.87221 -0.348991 0.342716 -0.055956 0.44866 0.849892 -0.276382 0.063785 -0.194817 0.394827 0.897863 0.008237 0.0 0.0 0.0 1.0
LeftHandThumb2 0.989032 0.146684 0.017309 -0.007412 -0.146481 0.989135 -0.012461 0.067795 -0.018949 0.009789 0.999773 0.0 0.0 0.0 0.0 1.0
LeftHandThumb3 0.985167 -0.170972 -0.014661 0.001953 0.167443 0.939094 0.30011 0.089331 -0.037543 -0.298113 0.953792 0.0 0.0 0.0 0.0 1.0
LeftHandIndex1 0.986261 -0.164469 0.015452 0.0 0.164788 0.986076 -0.022336 0.224888 -0.011563 0.024576 0.999631 1.07E-4 0.0 0.0 0.0 1.0
LeftHandIndex2 0.973715 0.220419 -0.057393 0.007096 -0.219805 0.843304 -0.490432 0.064715 -0.059701 0.490156 0.869588 0.0 0.0 0.0 0.0 1.0
LeftHandIndex3 0.995608 0.006929 0.09336 -0.004922 0.039683 0.871997 -0.4879 0.054848 -0.08479 0.489462 0.867892 0.0 0.0 0.0 0.0 1.0
RightShoulder -0.065093 -0.985909 0.154099 -0.05609 -0.011632 -0.153667 -0.988054 0.042786 0.997811 -0.066108 -0.001466 2.4E-5 0.0 0.0 0.0 1.0
RightArm 0.908522 -0.347806 -0.231558 -0.0 0.25979 0.904241 -0.338906 0.111292 0.327258 0.247747 0.911879 -0.0 0.0 0.0 0.0 1.0
RightForeArm 0.820048 0.572011 -0.018031 0.0 -0.572066 0.818421 -0.0541 0.100238 -0.016189 0.054679 0.998373 0.0 0.0 0.0 0.0 1.0
RightHand 0.897732 0.247086 -0.364727 0.0 -0.319469 0.935199 -0.152779 0.206484 0.303343 0.253674 0.918495 0.0 0.0 0.0 0.0 1.0
RightHandThumb1 0.854608 0.386228 -0.347093 0.057271 -0.491949 0.816167 -0.303081 0.0632 0.166227 0.429767 0.887507 0.006468 0.0 0.0 0.0 1.0
RightHandThumb2 0.96743 -0.253137 9.2E-4 0.006874 0.253124 0.967328 -0.014324 0.068081 0.002736 0.014091 0.999897 -0.0 0.0 0.0 0.0 1.0
RightHandThumb3 0.999046 -0.043604 -0.002535 -0.001494 0.042457 0.95587 0.290707 0.089708 -0.010253 -0.290537 0.956809 0.0 0.0 0.0 0.0 1.0
RightHandIndex1 0.964909 0.24456 -0.095612 0.0 -0.255391 0.958697 -0.125198 0.238915 0.061045 0.145223 0.987514 -0.001122 0.0 0.0 0.0 1.0
RightHandIndex2 0.970799 -0.229344 0.070366 -0.012847 0.229053 0.798962 -0.556053 0.064095 0.071307 0.555933 0.828163 0.0 0.0 0.0 0.0 1.0
RightHandIndex3 0.984008 -0.04977 -0.171032 0.004926 -0.054601 0.829675 -0.55557 0.049473 0.169552 0.556024 0.813689 0.0 0.0 0.0 0.0 1.0
LeftUpLeg -0.938593 0.343009 0.037261 0.068709 -0.276269 -0.811846 0.514374 -0.017079 0.206685 0.472494 0.856756 -8.61E-4 0.0 0.0 0.0 1.0
LeftLeg 0.997208 -0.038935 -0.063722 0.0 0.048732 -0.30728 0.95037 0.319921 -0.056583 -0.950822 -0.304525 0.0 0.0 0.0 0.0 1.0
LeftFoot 0.96793 0.199517 -0.152661 0.0 -0.192358 0.197736 -0.961197 0.356818 -0.161588 0.959736 0.229773 0.0 0.0 0.0 0.0 1.0
LeftToeBase 0.907082 -0.338564 -0.250153 -0.0 -0.222865 0.117893 -0.967694 0.356133 0.357117 0.933529 0.031485 0.0 0.0 0.0 0.0 1.0
RightUpLeg -0.949745 0.29413 -0.10711 -0.068709 -0.305137 -0.793591 0.526408 -0.017079 0.069831 0.532636 0.843459 -9.84E-4 0.0 0.0 0.0 1.0
RightLeg 0.996215 0.06852 0.053487 -0.0 -0.086833 0.812668 0.576221 0.319921 -0.003984 -0.578684 0.815542 -0.0 0.0 0.0 0.0 1.0
RightFoot 0.880771 0.30299 -0.363923 -0.0 -0.432687 0.827203 -0.358493 0.356759 0.192419 0.473215 0.859676 0.0 0.0 0.0 0.0 1.0
RightToeBase 0.914533 0.28603 0.286035 0.0 0.091762 0.541985 -0.835363 0.347896 -0.393965 0.790215 0.469417 0.0 0.0 0.0 0.0 1.0
Time 0.066667
Hips 0.969523 -0.232006 0.078735 -0.058274 0.177607 0.886913 0.426429 0.742213 -0.168765 -0.399448 0.901088 -0.070465 0.0 0.0 0.0 1.0
Spine 0.987264 -0.028209 -0.15657 0.0 -0.027901 0.938199 -0.344969 0.030939 0.156625 0.344944 0.925463 -0.002948 0.0 0.0 0.0 1.0
Spine1 0.999179 0.013511 -0.038195 0.0 -0.014991 0.999137 -0.03873 0.036259 0.037638 0.039271 0.998519 -0.0 0.0 0.0 0.0 1.0
Spine2 0.999222 0.013192 -0.037162 0.0 -0.014645 0.999128 -0.039097 0.041439 0.036613 0.03961 0.998544 -0.0 0.0 0.0 0.0 1.0
Neck 0.999812 0.017422 0.008478 0.0 -0.016289 0.992743 -0.119148 0.046619 -0.010492 0.118987 0.99284 0.0 0.0 0.0 0.0 1.0
Head 0.993768 0.027926 0.107911 0.0 -0.034084 0.997869 0.055647 0.064349 -0.106127 -0.058978 0.992602 -0.059538 0.0 0.0 0.0 1.0
LeftShoulder 0.230845 0.970851 -0.064489 0.05609 0.087377 -0.086697 -0.992396 0.04286 -0.969059 0.223455 -0.104844 -7.47E-4 0.0 0.0 0.0 1.0
LeftArm 0.923905 0.193413 0.330137 0.0 -0.044422 0.911216 -0.409526 0.111292 -0.380034 0.363698 0.850469 0.0 0.0 0.0 0.0 1.0
LeftForeArm 0.698161 -0.715303 0.030214 0.0 0.715395 0.69536 -0.068439 0.100285 0.027945 0.069396 0.997198 -0.0 0.0 0.0 0.0 1.0
LeftHand 0.957595 -0.034492 0.286047 -0.0 0.146954 0.912432 -0.381932 0.206464 -0.247824 0.407771 0.878809 0.0 0.0 0.0 0.0 1.0
LeftHandThumb1 0.86786 -0.358723 0.34371 -0.055956 0.45722 0.847341 -0.270117 0.063785 -0.194343 0.391575 0.899389 0.008237 0.0 0.0 0.0 1.0
LeftHandThumb2 0.989032 0.146684 0.017309 -0.007412 -0.146481 0.989135 -0.012461 0.067795 -0.018949 0.009789 0.999773 0.0 0.0 0.0 0.0 1.0
LeftHandThumb3 0.985167 -0.170972 -0.014661 0.001953 0.167443 0.939094 0.30011 0.089331 -0.037542 -0.298113 0.953792 0.0 0.0 0.0 0.0 1.0
LeftHandIndex1 0.985601 -0.168244 0.016874 0.0 0.168569 0.985485 -0.020108 0.224888 -0.013246 0.022663 0.999655 1.07E-4 0.0 0.0 0.0 1.0
LeftHandIndex2 0.973964 0.220105 -0.054293 0.007096 -0.219397 0.854847 -0.470215 0.064715 -0.057084 0.469884 0.880881 0.0 0.0 0.0 0.0 1.0
LeftHandIndex3 0.995721 0.004409 0.092305 -0.004922 0.039365 0.883461 -0.466849 0.054848 -0.083606 0.468485 0.879507 -0.0 0.0 0.0 0.0 1.0
RightShoulder 0.047774 -0.965648 0.255423 -0.05609 -0.032267 -0.257073 -0.965853 0.042786 0.998337 0.037901 -0.04344 2.4E-5 0.0 0.0 0.0 1.0
RightArm 0.956192 -0.187006 -0.225223 -0.0 0.054316 0.869338 -0.491225 0.111292 0.287657 0.457472 0.841411 -0.0 0.0 0.0 0.0 1.0
RightForeArm 0.880059 0.474704 -0.012356 0.0 -0.474749 0.878975 -0.044896 0.100238 -0.010452 0.045377 0.998915 0.0 0.0 0.0 0.0 1.0
RightHand 0.90185 0.317371 -0.29316 0.0 -0.364023 0.923636 -0.119931 0.206484 0.232711 0.214877 0.948511 0.0 0.0 0.0 0.0 1.0
RightHandThumb1 0.849864 0.376681 -0.368569 0.057271 -0.50019 0.796779 -0.339046 0.0632 0.165955 0.472498 0.865566 0.006468 0.0 0.0 0.0 1.0
RightHandThumb2 0.949386 -0.313562 0.018597 0.006874 0.313802 0.949415 -0.01178 0.068081 -0.013963 0.017019 0.999758 -0.0 0.0 0.0 0.0 1.0
RightHandThumb3 0.989193 -0.146621 -9.1E-5 -0.001494 0.140542 0.947999 0.285562 0.089708 -0.041783 -0.282489 0.95836 0.0 0.0 0.0 0.0 1.0
RightHandIndex1 0.965065 0.240704 -0.103495 -0.0 -0.259656 0.931452 -0.254903 0.238915 0.035044 0.272871 0.961412 -0.001122 0.0 0.0 0.0 1.0
RightHandIndex2 0.972353 -0.22013 0.077926 -0.012847 0.22177 0.765997 -0.603379 0.064095 0.073131 0.603979 0.793638 0.0 0.0 0.0 0.0 1.0
RightHandIndex3 0.982157 -0.048935 -0.181583 0.004926 -0.075573 0.78146 -0.619362 0.049473 0.172209 0.622034 0.763818 0.0 0.0 0.0 0.0 1.0
LeftUpLeg -0.96134 0.25521 0.103412 0.068709 -0.1784 -0.863305 0.4721 -0.017079 0.209761 0.435399 0.875459 -8.61E-4 0.0 0.0 0.0 1.0
LeftLeg 0.990867 -0.108149 -0.080539 0.0 0.073521 -0.067393 0.995014 0.319921 -0.113038 -0.991848 -0.058826 -0.0 0.0 0.0 0.0 1.0
LeftFoot 0.967065 0.243055 -0.075569 0.0 -0.119371 0.170871 -0.978036 0.356818 -0.224804 0.954844 0.194257 -0.0 0.0 0.0 0.0 1.0
LeftToeBase 0.908813 -0.315679 -0.272774 -0.0 -0.165713 0.32689 -0.930421 0.356133 0.382881 0.89078 0.24477 0.0 0.0 0.0 0.0 1.0
RightUpLeg -0.966783 0.245986 -0.069434 -0.068709 -0.238244 -0.768868 0.593365 -0.017079 0.092574 0.590197 0.801933 -9.84E-4 0.0 0.0 0.0 1.0
RightLeg 0.98399 0.096192 0.150033 0.0 -0.173959 0.701406 0.691208 0.319921 -0.038746 -0.706241 0.70691 0.0 0.0 0.0 0.0 1.0
RightFoot 0.943563 -0.04369 -0.328299 -0.0 -0.144395 0.837821 -0.526504 0.356759 0.298058 0.544194 0.784228 0.0 0.0 0.0 0.0 1.0
RightToeBase 0.915161 0.282477 0.287553 0.0 0.08421 0.563652 -0.821708 0.347896 -0.394193 0.776211 0.492045 0.0 0.0 0.0 0.0 1.0
Time 0.1
Hips 0.97483 -0.21803 0.046568 -0.065453 0.179456 0.891298 0.416393 0.76072 -0.132292 -0.397555 0.907992 -0.087516 0.0 0.0 0.0 1.0
Spine 0.988816 0.001727 -0.14913 0.0 -0.061747 0.914947 -0.398822 0.030939 0.135758 0.40357 0.904821 -0.002948 0.0 0.0 0.0 1.0
Spine1 0.999334 0.01817 -0.031636 0.0 -0.019662 0.998677 -0.047516 0.036259 0.030731 0.048106 0.998369 0.0 0.0 0.0 0.0 1.0
Spine2 0.999384 0.018056 -0.030077 -0.0 -0.019485 0.998661 -0.047912 0.041439 0.029172 0.048469 0.998399 0.0 0.0 0.0 0.0 1.0
Neck 0.999906 0.012998 -0.004423 -0.0 -0.013372 0.995012 -0.098859 0.046619 0.003116 0.098909 0.995092 0.0 0.0 0.0 0.0 1.0
Head 0.999636 0.026977 -9.03E-4 0.0 -0.026352 0.982631 0.183691 0.064349 0.005843 -0.1836 0.982984 -0.059538 0.0 0.0 0.0 1.0
LeftShoulder 0.285429 0.952751 -0.103901 0.05609 0.094647 -0.135903 -0.986191 0.04286 -0.953715 0.271654 -0.128965 -7.47E-4 0.0 0.0 0.0 1.0
LeftArm 0.955179 0.062013 0.28946 0.0 0.088464 0.873334 -0.479021 0.111292 -0.282501 0.483158 0.828705 -0.0 0.0 0.0 0.0 1.0
LeftForeArm 0.675006 -0.737099 0.03243 0.0 0.737194 0.671991 -0.070524 0.100285 0.030191 0.071511 0.996983 -0.0 0.0 0.0 0.0 1.0
LeftHand 0.982212 -0.130583 0.134935 0.0 0.165358 0.942001 -0.292045 0.206464 -0.088973 0.309163 0.946838 0.0 0.0 0.0 0.0 1.0
LeftHandThumb1 0.863407 -0.368485 0.344596 -0.055956 0.465773 0.84467 -0.263795 0.063785 -0.193865 0.388266 0.900925 0.008237 0.0 0.0 0.0 1.0
LeftHandThumb2 0.989032 0.146685 0.017309 -0.007412 -0.146482 0.989135 -0.012461 0.067795 -0.018949 0.009789 0.999773 0.0 0.0 0.0 0.0 1.0
LeftHandThumb3 0.985167 -0.170972 -0.014661 0.001953 0.167443 0.939094 0.30011 0.089331 -0.037542 -0.298113 0.953792 -0.0 0.0 0.0 0.0 1.0
LeftHandIndex1 0.984919 -0.172043 0.018306 0.0 0.172366 0.984871 -0.017854 0.224888 -0.014958 0.02074 0.999673 1.07E-4 0.0 0.0 0.0 1.0
LeftHandIndex2 0.974222 0.219712 -0.051165 0.007096 -0.218922 0.866043 -0.449492 0.064715 -0.054448 0.449106 0.891818 0.0 0.0 0.0 0.0 1.0
LeftHandIndex3 0.995832 0.001899 0.091182 -0.004922 0.039075 0.894488 -0.445381 0.054848 -0.082407 0.447088 0.890686 0.0 0.0 0.0 0.0 1.0
RightShoulder 0.143064 -0.937229 0.318017 -0.05609 -0.032021 -0.325537 -0.944987 0.042786 0.989195 0.12501 -0.076584 2.4E-5 0.0 0.0 0.0 1.0
RightArm 0.964308 -0.003352 -0.264763 0.0 -0.158696 0.793114 -0.588035 0.111292 0.211959 0.609063 0.764274 -0.0 0.0 0.0 0.0 1.0
RightForeArm 0.916538 0.399849 -0.008906 -0.0 -0.399887 0.915784 -0.037817 0.100238 -0.006965 0.038222 0.999245 0.0 0.0 0.0 0.0 1.0
RightHand 0.898165 0.380379 -0.22048 0.0 -0.408134 0.907817 -0.096412 0.206484 0.163483 0.176579 0.970615 0.0 0.0 0.0 0.0 1.0
RightHandThumb1 0.844455 0.371117 -0.386223 0.057271 -0.509802 0.778079 -0.367008 0.0632 0.164309 0.506819 0.846249 0.006468 0.0 0.0 0.0 1.0
RightHandThumb2 0.932368 -0.360062 0.032328 0.006874 0.360507 0.932713 -0.009003 0.068081 -0.026911 0.020048 0.999437 -0.0 0.0 0.0 0.0 1.0
RightHandThumb3 0.974499 -0.224381 0.002182 -0.001494 0.214664 0.935043 0.282161 0.089708 -0.065352 -0.274497 0.959365 0.0 0.0 0.0 0.0 1.0
RightHandIndex1 0.964884 0.238858 -0.109299 -0.0 -0.262299 0.898438 -0.352149 0.238915 0.014085 0.368451 0.92954 -0.001122 0.0 0.0 0.0 1.0
RightHandIndex2 0.973325 -0.214133 0.082378 -0.012847 0.217154 0.743927 -0.631994 0.064095 0.074048 0.633024 0.770582 0.0 0.0 0.0 0.0 1.0
RightHandIndex3 0.98085 -0.048865 -0.188535 0.004926 -0.08946 0.746823 -0.658979 0.049473 0.173003 0.663226 0.72815 0.0 0.0 0.0 0.0 1.0
LeftUpLeg -0.970091 0.189347 0.151893 0.068709 -0.120617 -0.919024 0.375294 -0.017079 0.210654 0.345748 0.914376 -8.61E-4 0.0 0.0 0.0 1.0
LeftLeg 0.983834 -0.157913 -0.084468 -0.0 0.10587 0.132437 0.985521 0.319921 -0.144439 -0.978532 0.147015 0.0 0.0 0.0 0.0 1.0
LeftFoot 0.967879 0.251354 -0.00555 -0.0 -0.023644 0.069021 -0.997335 0.356818 -0.250301 0.965431 0.072747 0.0 0.0 0.0 0.0 1.0
LeftToeBase 0.911627 -0.294119 -0.287107 0.0 -0.116387 0.485213 -0.866615 0.356133 0.394196 0.823445 0.408102 -0.0 0.0 0.0 0.0 1.0
RightUpLeg -0.960857 0.274139 -0.040029 -0.068709 -0.240766 -0.754786 0.610188 -0.017079 0.137063 0.595941 0.791245 -9.84E-4 0.0 0.0 0.0 1.0
RightLeg 0.975334 0.10792 0.192555 0.0 -0.220661 0.499214 0.837911 0.319921 -0.005699 -0.859732 0.510714 0.0 0.0 0.0 0.0 1.0
RightFoot 0.934655 -0.150153 -0.322293 -0.0 -0.131566 0.696058 -0.705829 0.356759 0.330317 0.702109 0.630819 0.0 0.0 0.0 0.0 1.0
RightToeBase 0.91546 0.280821 0.288223 -0.0 0.080715 0.573546 -0.815187 0.347896 -0.394231 0.769535 0.502392 0.0 0.0 0.0 0.0 1.0
Time 0.133333
Hips 0.981534 -0.190748 0.014352 -0.068648 0.168503 0.897698 0.407117 0.768649 -0.09054 -0.397181 0.913263 -0.102794 0.0 0.0 0.0 1.0
Spine 0.990172 0.018528 -0.138623 0.0 -0.080142 0.887475 -0.453834 0.030939 0.114616 0.460483 0.880238 -0.002948 0.0 0.0 0.0 1.0
Spine1 0.999425 0.022834 -0.025072 0.0 -0.024218 0.998116 -0.056366 0.036259 0.023737 0.056941 0.998095 0.0 0.0 0.0 0.0 1.0
Spine2 0.999473 0.022927 -0.022987 -0.0 -0.024201 0.998093 -0.056791 0.041439 0.021641 0.057317 0.998121 0.0 0.0 0.0 0.0 1.0
Neck 0.999909 0.00822 -0.010661 0.0 -0.009019 0.996974 -0.077215 0.046619 0.009994 0.077305 0.996957 0.0 0.0 0.0 0.0 1.0
Head 0.997674 0.017417 -0.06591 -0.0 0.001728 0.960042 0.279851 0.064349 0.06815 -0.279314 0.957778 -0.059538 0.0 0.0 0.0 1.0
LeftShoulder 0.238102 0.950449 -0.199883 0.05609 0.103796 -0.229525 -0.967752 0.04286 -0.965678 0.209677 -0.153303 -7.47E-4 0.0 0.0 0.0 1.0
LeftArm 0.942166 -0.176059 0.285179 0.0 0.289498 0.856249 -0.427818 0.111292 -0.168863 0.485635 0.857697 0.0 0.0 0.0 0.0 1.0
LeftForeArm 0.59502 -0.802711 0.040082 -0.0 0.802814 0.591262 -0.076802 0.100285 0.037951 0.077877 0.99624 -0.0 0.0 0.0 0.0 1.0
LeftHand 0.98223 -0.162381 -0.094107 0.0 0.150423 0.980983 -0.12266 0.206464 0.112235 0.106324 0.987977 0.0 0.0 0.0 0.0 1.0
LeftHandThumb1 0.858865 -0.378249 0.345368 -0.055956 0.474292 0.841887 -0.257436 0.063785 -0.193386 0.384908 0.902468 0.008237 0.0 0.0 0.0 1.0
LeftHandThumb2 0.989032 0.146684 0.017309 -0.007412 -0.146481 0.989135 -0.012461 0.067795 -0.018949 0.009789 0.999773 0.0 0.0 0.0 0.0 1.0
LeftHandThumb3 0.985167 -0.170972 -0.014661 0.001953 0.167443 0.939094 0.30011 0.089331 -0.037542 -0.298113 0.953792 0.0 0.0 0.0 0.0 1.0
LeftHandIndex1 0.984218 -0.175855 0.019744 0.0 0.176171 0.984236 -0.01558 0.224888 -0.016693 0.018813 0.999684 1.07E-4 0.0 0.0 0.0 1.0
LeftHandIndex2 0.974488 0.219243 -0.048027 0.007096 -0.218381 0.87682 -0.428365 0.064715 -0.051805 0.427925 0.902328 0.0 0.0 0.0 0.0 1.0
LeftHandIndex3 0.995942 -5.93E-4 0.089993 -0.004922 0.038812 0.905035 -0.423563 0.054848 -0.081195 0.425337 0.901385 -0.0 0.0 0.0 0.0 1.0
RightShoulder 0.205782 -0.917638 0.33999 -0.05609 -0.024404 -0.35213 -0.935633 0.042786 0.978293 0.184239 -0.094857 2.4E-5 0.0 0.0 0.0 1.0
RightArm 0.916618 0.253693 -0.308954 -0.0 -0.3955 0.688078 -0.608382 0.111292 0.058242 0.679845 0.731039 -0.0 0.0 0.0 0.0 1.0
RightForeArm 0.943058 0.332566 -0.006398 0.0 -0.332598 0.942544 -0.031453 0.100238 -0.00443 0.03179 0.999485 0.0 0.0 0.0 0.0 1.0
RightHand 0.890702 0.436616 -0.126558 0.0 -0.447999 0.890318 -0.081433 0.206484 0.077122 0.12923 0.988611 0.0 0.0 0.0 0.0 1.0
RightHandThumb1 0.837652 0.375097 -0.397042 0.057271 -0.522135 0.763303 -0.380451 0.0632 0.160357 0.525994 0.835234 0.006468 0.0 0.0 0.0 1.0
RightHandThumb2 0.923936 -0.380622 0.038338 0.006874 0.381158 0.924479 -0.00752 0.068081 -0.032581 0.021561 0.999237 -0.0 0.0 0.0 0.0 1.0
RightHandThumb3 0.967361 -0.253385 0.003054 -0.001494 0.242335 0.928566 0.281138 0.089708 -0.074072 -0.271222 0.959662 0.0 0.0 0.0 0.0 1.0
RightHandIndex1 0.964406 0.239817 -0.111391 0.0 -0.264388 0.881502 -0.391221 0.238915 0.00437 0.406746 0.913531 -0.001122 0.0 0.0 0.0 1.0
RightHandIndex2 0.9731 -0.215538 0.081366 -0.012847 0.218227 0.749139 -0.625435 0.064095 0.073851 0.626367 0.776023 0.0 0.0 0.0 0.0 1.0
RightHandIndex3 0.980921 -0.048859 -0.188164 0.004926 -0.088719 0.748724 -0.656918 0.049473 0.17298 0.661078 0.730105 0.0 0.0 0.0 0.0 1.0
LeftUpLeg -0.971109 0.181365 0.155094 0.068709 -0.117018 -0.928326 0.352871 -0.017079 0.207976 0.324528 0.922728 -8.61E-4 0.0 0.0 0.0 1.0
LeftLeg 0.978547 -0.168165 -0.119026 0.0 0.15198 0.199148 0.968113 0.319921 -0.139099 -0.965433 0.220433 -0.0 0.0 0.0 0.0 1.0
LeftFoot 0.965105 0.26182 -0.00482 0.0 -0.022448 0.064379 -0.997673 0.356818 -0.2609 0.962967 0.06801 -0.0 0.0 0.0 0.0 1.0
LeftToeBase 0.912395 -0.289155 -0.289698 0.0 -0.105491 0.51774 -0.849009 0.356133 0.395483 0.805192 0.441881 0.0 0.0 0.0 0.0 1.0
RightUpLeg -0.945391 0.324469 -0.030906 -0.068709 -0.284712 -0.775935 0.562906 -0.017079 0.158664 0.540966 0.825943 -9.84E-4 0.0 0.0 0.0 1.0
RightLeg 0.962783 0.115426 0.244387 -0.0 -0.267531 0.278489 0.922427 0.319921 0.038413 -0.953478 0.299005 0.0 0.0 0.0 0.0 1.0
RightFoot 0.925907 -0.165316 -0.339658 -0.0 -0.232271 0.459945 -0.85703 0.356759 0.297905 0.872423 0.387468 0.0 0.0 0.0 0.0 1.0
RightToeBase 0.916581 0.274787 0.290468 -0.0 0.068112 0.608528 -0.790604 0.347896 -0.394006 0.744436 0.539049 0.0 0.0 0.0 0.0 1.0
Time 0.166667
Hips 0.983004 -0.182701 -0.017988 -0.070924 0.174853 0.901889 0.394998 0.768469 -0.055944 -0.39143 0.918506 -0.114566 0.0 0.0 0.0 1.0
Spine 0.989223 0.053113 -0.136441 0.0 -0.115219 0.857393 -0.5016 0.030939 0.090342 0.511915 0.854273 -0.002948 0.0 0.0 0.0 1.0
Spine1 0.999461 0.026753 -0.01902 -0.0 -0.027931 0.997515 -0.064679 0.036259 0.017243 0.065175 0.997725 0.0 0.0 0.0 0.0 1.0
Spine2 0.999499 0.027013 -0.016512 -0.0 -0.028034 0.997484 -0.06512 0.041439 0.014712 0.06555 0.997741 0.0 0.0 0.0 0.0 1.0
Neck 0.999758 0.018967 -0.011136 0.0 -0.019701 0.997353 -0.069995 0.046619 0.009779 0.070197 0.997485 0.0 0.0 0.0 0.0 1.0
Head 0.994697 0.03419 -0.096995 0.0 -0.003101 0.952666 0.304004 0.064349 0.102797 -0.302091 0.94772 -0.059538 0.0 0.0 0.0 1.0
LeftShoulder 0.320677 0.911018 -0.259252 0.05609 0.076823 -0.297821 -0.951525 0.04286 -0.944068 0.285216 -0.165492 -7.47E-4 0.0 0.0 0.0 1.0
LeftArm 0.936014 -0.253969 0.243674 0.0 0.337327 0.84489 -0.415175 0.111292 -0.100436 0.470808 0.8765 0.0 0.0 0.0 0.0 1.0
LeftForeArm 0.391187 -0.91838 0.059582 0.0 0.918499 0.385537 -0.087869 0.100285 0.057726 0.089099 0.994349 -0.0 0.0 0.0 0.0 1.0
LeftHand 0.890491 -0.176132 -0.419527 0.0 0.191644 0.98145 -0.005261 0.206464 0.412672 -0.075715 0.907727 0.0 0.0 0.0 0.0 1.0
LeftHandThumb1 0.854245 -0.387986 0.346023 -0.055956 0.482755 0.838998 -0.251058 0.063785 -0.192906 0.381509 0.904012 0.008237 0.0 0.0 0.0 1.0
LeftHandThumb2 0.989032 0.146684 0.017309 -0.007412 -0.146482 0.989135 -0.012461 0.067795 -0.018949 0.009789 0.999773 0.0 0.0 0.0 0.0 1.0
LeftHandThumb3 0.985167 -0.170972 -0.014661 0.001953 0.167443 0.939094 0.30011 0.089331 -0.037542 -0.298113 0.953792 0.0 0.0 0.0 0.0 1.0
LeftHandIndex1 0.983499 -0.179669 0.021183 0.0 0.179971 0.983582 -0.013293 0.224888 -0.018447 0.016886 0.999687 1.07E-4 0.0 0.0 0.0 1.0
LeftHandIndex2 0.97476 0.218697 -0.044894 0.007096 -0.217775 0.887116 -0.406939 0.064715 -0.04917 0.406445 0.912351 0.0 0.0 0.0 0.0 1.0
LeftHandIndex3 0.99605 -0.00306 0.088742 -0.004922 0.038579 0.915062 -0.401464 0.054848 -0.079976 0.403302 0.911565 0.0 0.0 0.0 0.0 1.0
RightShoulder 0.246976 -0.908374 0.337431 -0.05609 -0.01761 -0.352368 -0.935696 0.042786 0.968861 0.225153 -0.103023 2.4E-5 0.0 0.0 0.0 1.0
RightArm 0.781053 0.468526 -0.412844 -0.0 -0.621967 0.524596 -0.58134 0.111292 -0.055796 0.710832 0.701145 -0.0 0.0 0.0 0.0 1.0
RightForeArm 0.925182 0.379437 -0.008088 0.0 -0.379473 0.924506 -0.035886 0.100238 -0.006139 0.03627 0.999323 0.0 0.0 0.0 0.0 1.0
RightHand 0.872071 0.48927 0.010368 0.0 -0.488015 0.871024 -0.056208 0.206484 -0.036531 0.043958 0.998365 0.0 0.0 0.0 0.0 1.0
RightHandThumb1 0.829667 0.385787 -0.40351 0.057271 -0.536265 0.751639 -0.384003 0.0632 0.15515 0.534983 0.830495 0.006468 0.0 0.0 0.0 1.0
RightHandThumb2 0.923117 -0.382564 0.038737 0.006874 0.383105 0.923676 -0.007357 0.068081 -0.032966 0.021631 0.999222 -0.0 0.0 0.0 0.0 1.0
RightHandThumb3 0.969261 -0.24602 0.002708 -0.001494 0.235318 0.930198 0.281703 0.089708 -0.071823 -0.272407 0.959498 0.0 0.0 0.0 0.0 1.0
RightHandIndex1 0.963795 0.242607 -0.110638 0.0 -0.266627 0.881481 -0.389746 0.238915 0.00297 0.405134 0.914252 -0.001122 0.0 0.0 0.0 1.0
RightHandIndex2 0.971825 -0.223314 0.075417 -0.012847 0.224258 0.777522 -0.58751 0.064095 0.07256 0.587869 0.805695 0.0 0.0 0.0 0.0 1.0
RightHandIndex3 0.982067 -0.048918 -0.182078 0.004926 -0.07656 0.77907 -0.622245 0.049473 0.17229 0.625026 0.761353 0.0 0.0 0.0 0.0 1.0
LeftUpLeg -0.971958 0.17392 0.158271 0.068709 -0.107245 -0.926822 0.359861 -0.017079 0.209276 0.332795 0.919484 -8.61E-4 0.0 0.0 0.0 1.0
LeftLeg 0.973064 -0.169098 -0.156688 -0.0 0.191169 0.212019 0.958385 0.319921 -0.128841 -0.962525 0.238634 0.0 0.0 0.0 0.0 1.0
LeftFoot 0.962829 0.269111 -0.023236 0.0 -0.044616 0.073606 -0.996289 0.356818 -0.266402 0.960292 0.082877 0.0 0.0 0.0 0.0 1.0
LeftToeBase 0.91274 -0.287004 -0.290747 0.0 -0.100816 0.531433 -0.84108 0.356133 0.395906 0.796999 0.456126 0.0 0.0 0.0 0.0 1.0
RightUpLeg -0.93839 0.331171 -0.098738 -0.068709 -0.327255 -0.759795 0.561797 -0.017079 0.111031 0.559498 0.821361 -9.84E-4 0.0 0.0 0.0 1.0
RightLeg 0.948296 0.108633 0.298218 -0.0 -0.294769 -0.046909 0.954416 0.319921 0.11767 -0.992975 -0.012461 0.0 0.0 0.0 0.0 1.0
RightFoot 0.889228 -0.038242 -0.455863 -0.0 -0.415541 0.349207 -0.839869 0.356759 0.191309 0.936265 0.294634 -0.0 0.0 0.0 0.0 1.0
RightToeBase 0.933924 0.263237 0.241851 -0.0 0.022611 0.631705 -0.774879 0.347896 -0.356755 0.729147 0.584012 0.0 0.0 0.0 0.0 1.0
Time 0.2
Hips 0.980577 -0.190405 -0.047065 -0.077751 0.193964 0.905783 0.376742 0.763835 -0.029102 -0.378554 0.925122 -0.127863 0.0 0.0 0.0 1.0
Spine 0.984598 0.100695 -0.142925 -0.0 -0.162789 0.826185 -0.539369 0.030939 0.063771 0.554328 0.829852 -0.002948 0.0 0.0 0.0 1.0
Spine1 0.999476 0.029171 -0.013998 0.0 -0.030104 0.996962 -0.071831 0.036259 0.01186 0.072214 0.997319 0.0 0.0 0.0 0.0 1.0
Spine2 0.9995 0.029523 -0.011275 0.0 -0.030263 0.996926 -0.072263 0.041439 0.009107 0.072568 0.997322 0.0 0.0 0.0 0.0 1.0
Neck 0.999522 0.025855 -0.01694 -0.0 -0.02685 0.997752 -0.061407 0.046619 0.015314 0.061832 0.997969 0.0 0.0 0.0 0.0 1.0
Head 0.980786 0.08825 -0.173985 0.0 -0.02673 0.944213 0.328249 0.064349 0.193247 -0.317291 0.92843 -0.059538 0.0 0.0 0.0 1.0
LeftShoulder 0.393412 0.891591 -0.224262 0.05609 0.04909 -0.263956 -0.963285 0.04286 -0.918051 0.367958 -0.147612 -7.47E-4 0.0 0.0 0.0 1.0
LeftArm 0.901374 -0.358045 0.243575 0.0 0.432231 0.778282 -0.455471 0.111292 -0.026491 0.515831 0.856281 0.0 0.0 0.0 0.0 1.0
LeftForeArm 0.109736 -0.990189 0.086507 0.0 0.990317 0.101474 -0.09474 0.100285 0.085032 0.096065 0.991736 -0.0 0.0 0.0 0.0 1.0
LeftHand 0.855299 -0.087944 -0.510617 0.0 0.200886 0.964691 0.170339 0.206464 0.477608 -0.248267 0.842766 0.0 0.0 0.0 0.0 1.0
LeftHandThumb1 0.849562 -0.39767 0.34656 -0.055956 0.491139 0.836011 -0.244679 0.063785 -0.192426 0.378079 0.905554 0.008237 0.0 0.0 0.0 1.0
LeftHandThumb2 0.989032 0.146684 0.017309 -0.007412 -0.146481 0.989135 -0.012461 0.067795 -0.018949 0.009789 0.999773 0.0 0.0 0.0 0.0 1.0
LeftHandThumb3 0.985167 -0.170973 -0.014661 0.001953 0.167443 0.939094 0.30011 0.089331 -0.037542 -0.298113 0.953792 0.0 0.0 0.0 0.0 1.0
LeftHandIndex1 0.982764 -0.183476 0.02262 0.0 0.183756 0.98291 -0.010999 0.224888 -0.020216 0.014966 0.999684 1.07E-4 0.0 0.0 0.0 1.0
LeftHandIndex2 0.975037 0.218078 -0.041782 0.007096 -0.217108 0.896877 -0.385324 0.064715 -0.046557 0.384777 0.921835 0.0 0.0 0.0 0.0 1.0
LeftHandIndex3 0.996155 -0.005492 0.087433 -0.004922 0.038376 0.924536 -0.379157 0.054848 -0.078753 0.381055 0.921192 0.0 0.0 0.0 0.0 1.0
RightShoulder 0.279911 -0.905729 0.318285 -0.05609 -0.013308 -0.335166 -0.942065 0.042786 0.959934 0.259459 -0.10587 2.4E-5 0.0 0.0 0.0 1.0
RightArm 0.583694 0.540305 -0.606112 0.0 -0.811174 0.421132 -0.405763 0.111292 0.036017 0.728505 0.684093 -0.0 0.0 0.0 0.0 1.0
RightForeArm 0.710631 0.702993 -0.028378 0.0 -0.70306 0.708015 -0.066488 0.100238 -0.026648 0.0672 0.997384 0.0 0.0 0.0 0.0 1.0
RightHand 0.832387 0.526571 0.172789 0.0 -0.533872 0.845551 -0.004947 0.206484 -0.148706 -0.08813 0.984947 0.0 0.0 0.0 0.0 1.0
RightHandThumb1 0.820714 0.40113 -0.406846 0.057271 -0.551546 0.742061 -0.380976 0.0632 0.149084 0.537066 0.830262 0.006468 0.0 0.0 0.0 1.0
RightHandThumb2 0.927625 -0.371833 0.035389 0.006874 0.372322 0.928068 -0.008144 0.068081 -0.029815 0.020731 0.99934 -0.0 0.0 0.0 0.0 1.0
RightHandThumb3 0.976883 -0.213769 0.001589 -0.001494 0.204565 0.936931 0.283395 0.089708 -0.06207 -0.276519 0.959002 0.0 0.0 0.0 0.0 1.0
RightHandIndex1 0.963077 0.246637 -0.107949 -0.0 -0.269123 0.893034 -0.360643 0.238915 0.007454 0.376379 0.926436 -0.001122 0.0 0.0 0.0 1.0
RightHandIndex2 0.969836 -0.23482 0.06541 -0.012847 0.233505 0.817952 -0.525766 0.064095 0.069958 0.52518 0.848111 0.0 0.0 0.0 0.0 1.0
RightHandIndex3 0.983826 -0.049644 -0.172107 0.004926 -0.056732 0.825004 -0.562272 0.049473 0.169903 0.562942 0.808844 0.0 0.0 0.0 0.0 1.0
LeftUpLeg -0.973866 0.160268 0.160931 0.068709 -0.089135 -0.921414 0.37822 -0.017079 0.208901 0.353991 0.91162 -8.61E-4 0.0 0.0 0.0 1.0
LeftLeg 0.967101 -0.172077 -0.187364 0.0 0.223105 0.219836 0.949682 0.319921 -0.122229 -0.96024 0.250995 0.0 0.0 0.0 0.0 1.0
LeftFoot 0.960154 0.275486 -0.047019 0.0 -0.072246 0.082146 -0.993998 0.356818 -0.269971 0.957789 0.098776 0.0 0.0 0.0 0.0 1.0
LeftToeBase 0.913224 -0.28406 -0.292115 0.0 -0.094465 0.549785 -0.829948 0.356133 0.396355 0.785523 0.475243 0.0 0.0 0.0 0.0 1.0
RightUpLeg -0.973285 0.214047 -0.083071 -0.068709 -0.205126 -0.64808 0.733427 -0.017079 0.103152 0.730873 0.674673 -9.84E-4 0.0 0.0 0.0 1.0
RightLeg 0.949975 0.08909 0.299351 0.0 -0.240892 -0.40105 0.883815 0.319921 0.198793 -0.911714 -0.359527 0.0 0.0 0.0 0.0 1.0
RightFoot 0.950639 0.0353 -0.308284 -0.0 -0.26863 0.59091 -0.7607 0.356759 0.155315 0.805965 0.571225 0.0 0.0 0.0 0.0 1.0
RightToeBase 0.945336 0.27193 0.179985 -0.0 0.125034 0.207495 -0.970213 0.347896 -0.301176 0.939681 0.162152 0.0 0.0 0.0 0.0 1.0
Time 0.233333
Hips 0.980608 -0.185511 -0.063201 -0.094178 0.195855 0.916045 0.350002 0.766441 -0.007034 -0.355593 0.934614 -0.148367 0.0 0.0 0.0 1.0
Spine 0.980063 0.133216 -0.147413 0.0 -0.194156 0.799682 -0.568165 0.030939 0.042195 0.585458 0.809604 -0.002948 0.0 0.0 0.0 1.0
Spine1 0.999514 0.029339 -0.010523 0.0 -0.030065 0.996563 -0.077186 0.036259 0.008223 0.077464 0.996961 0.0 0.0 0.0 0.0 1.0
Spine2 0.999529 0.029667 -0.007896 0.0 -0.030191 0.99653 -0.077572 0.041439 0.005567 0.077774 0.996955 0.0 0.0 0.0 0.0 1.0
Neck 0.999427 0.025115 -0.022696 0.0 -0.026311 0.998191 -0.05406 0.046619 0.021297 0.054626 0.99828 0.0 0.0 0.0 0.0 1.0
Head 0.962296 0.099054 -0.253328 0.0 -0.001445 0.933184 0.359396 0.064349 0.272001 -0.34548 0.898142 -0.059538 0.0 0.0 0.0 1.0
LeftShoulder 0.47249 0.861332 -0.186707 0.05609 0.016791 -0.220605 -0.975219 0.04286 -0.881176 0.457646 -0.118696 -7.47E-4 0.0 0.0 0.0 1.0
LeftArm 0.841799 -0.491877 0.222332 0.0 0.53729 0.723915 -0.432742 0.111292 0.051907 0.483739 0.873672 0.0 0.0 0.0 0.0 1.0
LeftForeArm -0.137636 -0.984336 0.110172 0.0 0.984463 -0.148195 -0.09418 0.100285 0.109032 0.095498 0.98944 -0.0 0.0 0.0 0.0 1.0
LeftHand 0.837914 -0.009865 -0.545714 0.0 0.217001 0.923438 0.316501 0.206464 0.500811 -0.383621 0.775902 0.0 0.0 0.0 0.0 1.0
LeftHandThumb1 0.844828 -0.407273 0.346978 -0.055956 0.49942 0.832937 -0.238319 0.063785 -0.19195 0.374626 0.907089 0.008237 0.0 0.0 0.0 1.0
LeftHandThumb2 0.989032 0.146685 0.017309 -0.007412 -0.146482 0.989135 -0.012461 0.067795 -0.018949 0.009789 0.999773 0.0 0.0 0.0 0.0 1.0
LeftHandThumb3 0.985167 -0.170972 -0.014661 0.001953 0.167443 0.939094 0.30011 0.089331 -0.037542 -0.298113 0.953792 0.0 0.0 0.0 0.0 1.0
LeftHandIndex1 0.982015 -0.187264 0.024052 -0.0 0.187517 0.982223 -0.008704 0.224888 -0.021994 0.013057 0.999673 1.07E-4 0.0 0.0 0.0 1.0
LeftHandIndex2 0.975317 0.217389 -0.038708 0.007096 -0.216384 0.906061 -0.363635 0.064715 -0.043979 0.363036 0.930737 0.0 0.0 0.0 0.0 1.0
LeftHandIndex3 0.996258 -0.007881 0.086071 -0.004922 0.038203 0.933431 -0.356717 0.054848 -0.07753 0.35867 0.930239 -0.0 0.0 0.0 0.0 1.0
RightShoulder 0.307157 -0.913446 0.266967 -0.05609 -0.014374 -0.284949 -0.958435 0.042786 0.95155 0.290553 -0.100653 2.4E-5 0.0 0.0 0.0 1.0
RightArm 0.56026 0.581138 -0.590244 -0.0 -0.82615 0.44355 -0.347476 0.111292 0.059871 0.682307 0.72861 -0.0 0.0 0.0 0.0 1.0
RightForeArm 0.383117 0.921791 -0.059351 0.0 -0.92188 0.377541 -0.087182 0.100238 -0.057956 0.088116 0.994423 0.0 0.0 0.0 0.0 1.0
RightHand 0.895069 0.412646 -0.169043 0.0 -0.429536 0.899654 -0.078241 0.206484 0.119795 0.142641 0.982498 -0.0 0.0 0.0 0.0 1.0
RightHandThumb1 0.810944 0.419795 -0.407605 0.057271 -0.56756 0.733743 -0.373493 0.0632 0.142286 0.534222 0.833283 0.006468 0.0 0.0 0.0 1.0
RightHandThumb2 0.935361 -0.352464 0.029491 0.006874 0.352862 0.935627 -0.009462 0.068081 -0.024257 0.019257 0.99952 -0.0 0.0 0.0 0.0 1.0
RightHandThumb3 0.986318 -0.164854 7.2E-5 -0.001494 0.15795 0.945136 0.285954 0.089708 -0.047209 -0.28203 0.958243 0.0 0.0 0.0 0.0 1.0
RightHandIndex1 0.96223 0.251586 -0.104007 0.0 -0.271757 0.910356 -0.31209 0.238915 0.016166 0.328567 0.944342 -0.001122 0.0 0.0 0.0 1.0
RightHandIndex2 0.967443 -0.247647 0.052195 -0.012847 0.244366 0.860345 -0.447317 0.064095 0.065871 0.445508 0.892851 0.0 0.0 0.0 0.0 1.0
RightHandIndex3 0.985806 -0.051645 -0.159745 0.004926 -0.032308 0.875366 -0.48238 0.049473 0.164748 0.480694 0.861273 0.0 0.0 0.0 0.0 1.0
LeftUpLeg -0.976144 0.162477 0.144027 0.068709 -0.092226 -0.910799 0.402416 -0.017079 0.196563 0.379533 0.904056 -8.61E-4 0.0 0.0 0.0 1.0
LeftLeg 0.961316 -0.181226 -0.207433 0.0 0.25141 0.269614 0.929571 0.319921 -0.112536 -0.945762 0.304746 -0.0 0.0 0.0 0.0 1.0
LeftFoot 0.955598 0.285265 -0.073871 0.0 -0.114688 0.129125 -0.984974 0.356818 -0.27144 0.949711 0.156109 0.0 0.0 0.0 0.0 1.0
LeftToeBase 0.913601 -0.281822 -0.293102 0.0 -0.089667 0.563458 -0.821264 0.356133 0.396601 0.77659 0.489506 0.0 0.0 0.0 0.0 1.0
RightUpLeg -0.989914 0.051393 0.132016 -0.068709 0.071272 -0.624684 0.777618 -0.017079 0.122433 0.779184 0.614721 -9.84E-4 0.0 0.0 0.0 1.0
RightLeg 0.963572 0.080741 0.254971 0.0 -0.209409 -0.365252 0.90705 0.319921 0.166365 -0.927401 -0.335039 0.0 0.0 0.0 0.0 1.0
RightFoot 0.984011 -0.04914 -0.171194 0.0 -0.020253 0.924079 -0.381663 0.356759 0.176952 0.379028 0.908309 0.0 0.0 0.0 0.0 1.0
RightToeBase 0.919179 0.347086 0.186122 -0.0 0.302873 -0.320873 -0.89739 0.347896 -0.25175 0.881233 -0.400063 0.0 0.0 0.0 0.0 1.0
Time 0.266667
Hips 0.985142 -0.167615 -0.037429 -0.123135 0.171251 0.942236 0.287861 0.786106 -0.012983 -0.289994 0.956941 -0.176758 0.0 0.0 0.0 1.0
Spine 0.976945 0.146064 -0.155707 -0.0 -0.209092 0.801942 -0.559615 0.030939 0.043128 0.57927 0.813994 -0.002948 0.0 0.0 0.0 1.0
Spine1 0.999607 0.024908 -0.012833 0.0 -0.025803 0.996848 -0.075025 0.036259 0.010924 0.075327 0.997099 0.0 0.0 0.0 0.0 1.0
Spine2 0.999629 0.024938 -0.010926 0.0 -0.025691 0.996828 -0.075327 0.041439 0.009013 0.07558 0.997099 0.0 0.0 0.0 0.0 1.0
Neck 0.999218 0.027033 -0.028849 0.0 -0.028494 0.998267 -0.051498 0.046619 0.027407 0.05228 0.998256 0.0 0.0 0.0 0.0 1.0
Head 0.931882 0.088899 -0.351701 0.0 0.049459 0.929319 0.365951 0.064349 0.359375 -0.358418 0.861618 -0.059538 0.0 0.0 0.0 1.0
LeftShoulder 0.536396 0.833988 -0.129396 0.05609 -0.004688 -0.150373 -0.988618 0.04286 -0.843954 0.530897 -0.07675 -7.47E-4 0.0 0.0 0.0 1.0
LeftArm 0.778802 -0.596445 0.194217 -0.0 0.622046 0.694491 -0.36158 0.111292 0.080781 0.402412 0.911888 0.0 0.0 0.0 0.0 1.0
LeftForeArm -0.284872 -0.950478 0.124258 -0.0 0.9506 -0.296797 -0.09094 0.100285 0.123316 0.092213 0.988074 -0.0 0.0 0.0 0.0 1.0
LeftHand 0.870195 -0.037501 -0.491278 -0.0 0.198264 0.939461 0.279471 0.206464 0.451056 -0.340597 0.82495 0.0 0.0 0.0 0.0 1.0
LeftHandThumb1 0.840061 -0.416768 0.347279 -0.055956 0.507577 0.829785 -0.231996 0.063785 -0.191478 0.371162 0.908612 0.008237 0.0 0.0 0.0 1.0
LeftHandThumb2 0.989032 0.146684 0.017309 -0.007412 -0.146482 0.989135 -0.012461 0.067795 -0.018949 0.009789 0.999773 0.0 0.0 0.0 0.0 1.0
LeftHandThumb3 0.985167 -0.170972 -0.014661 0.001953 0.167443 0.939094 0.30011 0.089331 -0.037542 -0.298113 0.953792 -0.0 0.0 0.0 0.0 1.0
LeftHandIndex1 0.981255 -0.191024 0.025473 0.0 0.191243 0.981522 -0.006414 0.224888 -0.023777 0.011165 0.999655 1.07E-4 0.0 0.0 0.0 1.0
LeftHandIndex2 0.9756 0.216637 -0.035686 0.007096 -0.215609 0.914634 -0.341992 0.064715 -0.041449 0.341341 0.939025 0.0 0.0 0.0 0.0 1.0
LeftHandIndex3 0.996357 -0.010222 0.084661 -0.004922 0.03806 0.941726 -0.33422 0.054848 -0.076311 0.336225 0.938685 0.0 0.0 0.0 0.0 1.0
RightShoulder 0.340269 -0.916122 0.211983 -0.05609 -0.014469 -0.23051 -0.972962 0.042786 0.940217 0.328002 -0.091691 2.4E-5 0.0 0.0 0.0 1.0
RightArm 0.553516 0.622145 -0.553674 0.0 -0.830816 0.458782 -0.31506 0.111292 0.058003 0.634393 0.770832 -0.0 0.0 0.0 0.0 1.0
RightForeArm 0.196894 0.977399 -0.076962 0.0 -0.977494 0.189634 -0.092441 0.100238 -0.075757 0.093431 0.992739 0.0 0.0 0.0 0.0 1.0
RightHand 0.880777 0.167981 -0.442734 0.0 -0.253498 0.956972 -0.14122 0.206484 0.399962 0.236616 0.885462 -0.0 0.0 0.0 0.0 1.0
RightHandThumb1 0.80054 0.440396 -0.406432 0.057271 -0.583903 0.725847 -0.363597 0.0632 0.134881 0.528391 0.838219 0.006468 0.0 0.0 0.0 1.0
RightHandThumb2 0.94424 -0.328508 0.022238 0.006874 0.328798 0.944337 -0.010895 0.068081 -0.017421 0.0176 0.999693 -0.0 0.0 0.0 0.0 1.0
RightHandThumb3 0.994177 -0.107754 -0.001457 -0.001494 0.103572 0.951685 0.289081 0.089708 -0.029763 -0.287549 0.957303 0.0 0.0 0.0 0.0 1.0
RightHandIndex1 0.961245 0.257117 -0.09949 0.0 -0.274331 0.927885 -0.252532 0.238915 0.027385 0.270038 0.96246 -0.001122 0.0 0.0 0.0 1.0
RightHandIndex2 0.964969 -0.259721 0.037139 -0.012847 0.255287 0.896837 -0.361264 0.064095 0.06052 0.35809 0.931724 -0.0 0.0 0.0 0.0 1.0
RightHandIndex3 0.987662 -0.055175 -0.146557 0.004926 -0.006454 0.920737 -0.39013 0.049473 0.156466 0.386262 0.909021 0.0 0.0 0.0 0.0 1.0
LeftUpLeg -0.980021 0.166521 0.108765 0.068709 -0.101251 -0.88838 0.447805 -0.017079 0.171194 0.427846 0.887491 -8.61E-4 0.0 0.0 0.0 1.0
LeftLeg 0.952903 -0.220473 -0.20825 -0.0 0.282375 0.394489 0.874438 0.319921 -0.110638 -0.892059 0.438166 0.0 0.0 0.0 0.0 1.0
LeftFoot 0.942341 0.325704 -0.076873 0.0 -0.160708 0.238944 -0.957642 0.356818 -0.29354 0.91478 0.27751 0.0 0.0 0.0 0.0 1.0
