Root_Bone_Name Hips
Num_Keyframes 24
Num_Bones 34
Time_Wrapping_Mode LOOP
Time 0.0
Hips -0.997885 0.03254 0.056276 0.987453 0.046437 0.962635 0.266791 1.774858 -0.045492 0.26884 -0.96211 0.462208 0.0 0.0 0.0 1.0
Spine 0.999853 0.00815 0.01506 0.0 -0.006831 0.996302 -0.08565 0.090819 -0.015703 0.085535 0.996211 0.001036 0.0 0.0 0.0 1.0
Spine1 0.999122 -0.016377 0.038558 0.0 0.021928 0.988704 -0.148267 0.105963 -0.035694 0.148982 0.988195 -0.0 0.0 0.0 0.0 1.0
Spine2 0.999122 -0.016377 0.038558 0.0 0.021928 0.988704 -0.148267 0.1211 -0.035694 0.148982 0.988195 0.0 0.0 0.0 0.0 1.0
Neck 0.997692 -0.031005 -0.060412 -0.0 0.033333 0.998724 0.037928 0.136238 0.059159 -0.039854 0.997453 -0.0 0.0 0.0 0.0 1.0
Head 0.960975 0.204795 -0.185971 0.0 -0.070212 0.830815 0.552102 0.048508 0.267575 -0.517499 0.812772 0.01342 0.0 0.0 0.0 1.0
LeftShoulder 0.00403 0.996153 -0.087533 0.074603 0.00536 -0.087554 -0.996145 0.120279 -0.999978 0.003545 -0.005692 2.36E-4 0.0 0.0 0.0 1.0
LeftArm 0.189696 -0.938959 -0.287003 0.0 0.836658 0.30756 -0.453222 0.157184 0.513828 -0.154148 0.843931 0.0 0.0 0.0 0.0 1.0
LeftForeArm 0.473563 -0.877117 0.080026 0.0 0.878318 0.477058 0.031205 0.243319 -0.065547 0.055511 0.996304 0.0 0.0 0.0 0.0 1.0
LeftHand 0.960117 0.237595 0.147389 0.0 -0.229676 0.970828 -0.068857 0.221022 -0.159449 0.032259 0.986679 0.0 0.0 0.0 0.0 1.0
LeftHandThumb1 0.551306 -0.083125 0.830152 -0.026336 0.698048 0.590919 -0.404405 0.025057 -0.456936 0.802437 0.383803 0.022961 0.0 0.0 0.0 1.0
LeftHandThumb2 0.971536 0.215158 -0.099123 0.00104 -0.205023 0.973304 0.103175 0.034381 0.118676 -0.079916 0.989712 0.0 0.0 0.0 0.0 1.0
LeftHandThumb3 0.999997 0.001874 0.001479 -5.62E-4 -0.001874 0.999998 2.1E-5 0.044143 -0.001479 -2.3E-5 0.999999 0.0 0.0 0.0 0.0 1.0
LeftHandIndex1 0.987971 0.034198 -0.15081 0.0 -0.116357 0.806749 -0.579325 0.121989 0.101854 0.589904 0.801024 6.0E-6 0.0 0.0 0.0 1.0
LeftHandIndex2 0.994616 0.069304 -0.077048 0.001042 -0.100331 0.457854 -0.883348 0.032932 -0.025943 0.886322 0.462342 0.0 0.0 0.0 0.0 1.0
LeftHandIndex3 0.990977 0.133912 -0.005645 0.001095 -0.133913 0.990993 1.85E-4 0.03356 0.005619 5.72E-4 0.999984 0.0 0.0 0.0 0.0 1.0
RightShoulder 0.309794 -0.845336 0.435242 -0.074603 0.016644 -0.45287 -0.891421 0.120277 0.950658 0.283401 -0.126226 1.28E-4 0.0 0.0 0.0 1.0
RightArm 0.715918 0.676866 0.171213 0.0 -0.490221 0.661935 -0.567032 0.157184 -0.497137 0.322016 0.805705 0.0 0.0 0.0 0.0 1.0
RightForeArm 0.026522 0.998959 0.037112 0.0 -0.999327 0.027437 -0.024361 0.243323 -0.025354 -0.036441 0.999014 0.0 0.0 0.0 0.0 1.0
RightHand 0.356008 -0.515299 -0.779567 0.0 0.197999 0.856877 -0.475981 0.22105 0.913266 0.0151 0.407084 -0.0 0.0 0.0 0.0 1.0
RightHandThumb1 0.295098 0.361641 -0.884383 0.024462 -0.723886 0.688754 0.0401 0.024251 0.623624 0.628359 0.465036 0.019483 0.0 0.0 0.0 1.0
RightHandThumb2 0.959262 -0.09313 0.266728 -0.002391 0.144697 0.972832 -0.18072 0.031569 -0.242651 0.211953 0.946676 -0.0 0.0 0.0 0.0 1.0
RightHandThumb3 0.998578 0.05314 -0.004321 0.00241 -0.053139 0.998587 2.31E-4 0.045062 0.004328 -1.0E-6 0.999991 0.0 0.0 0.0 0.0 1.0
RightHandIndex1 0.990684 0.017293 0.135076 0.0 0.015072 0.971887 -0.234964 0.123753 -0.135342 0.234811 0.962573 1.2E-5 0.0 0.0 0.0 1.0
RightHandIndex2 0.99514 -0.057721 0.07978 -0.001174 0.096632 0.416584 -0.903947 0.035274 0.018941 0.907263 0.420138 -0.0 0.0 0.0 0.0 1.0
RightHandIndex3 0.988568 -0.150384 0.010874 -9.54E-4 0.15039 0.988627 3.42E-4 0.031699 -0.010802 0.001297 0.999941 0.0 0.0 0.0 0.0 1.0
LeftUpLeg -0.823351 0.105297 0.55768 0.075562 0.226548 -0.839975 0.49307 -0.050384 0.520356 0.53231 0.667739 0.016543 0.0 0.0 0.0 1.0
LeftLeg 0.999454 0.031238 0.010794 0.0 -0.028499 0.649178 0.760102 0.453272 0.016737 -0.759995 0.649714 0.0 0.0 0.0 0.0 1.0
LeftFoot 0.96801 0.212277 0.133772 0.0 0.026569 0.443426 -0.895917 0.408386 -0.2495 0.870811 0.423601 -0.0 0.0 0.0 0.0 1.0
LeftToeBase 0.973667 0.141143 0.179028 -0.0 0.006225 0.768546 -0.639764 0.212811 -0.22789 0.624031 0.74743 -0.0 0.0 0.0 0.0 1.0
RightUpLeg -0.868036 -0.435858 -0.237783 -0.075562 0.075465 -0.589174 0.804474 -0.050384 -0.490732 0.680369 0.544316 0.020546 0.0 0.0 0.0 1.0
RightLeg 0.998131 -0.049101 -0.036381 0.0 0.02759 -0.169133 0.985207 0.453812 -0.054528 -0.984369 -0.167463 0.0 0.0 0.0 0.0 1.0
RightFoot 0.953718 -0.29407 0.062801 -0.0 0.214463 0.518807 -0.827554 0.407804 0.210777 0.802722 0.557863 0.0 0.0 0.0 0.0 1.0
RightToeBase 0.976059 -0.138469 -0.167734 0.0 6.38E-4 0.772991 -0.634416 0.209222 0.217504 0.619121 0.754574 0.0 0.0 0.0 0.0 1.0
Time 0.033333
Hips -0.995775 0.034998 0.084897 0.987561 0.058151 0.955853 0.288034 1.756326 -0.071068 0.291754 -0.95385 0.459231 0.0 0.0 0.0 1.0
Spine 0.999836 0.011376 0.014063 -0.0 -0.010123 0.99623 -0.086158 0.090819 -0.01499 0.086002 0.996182 0.001036 0.0 0.0 0.0 1.0
Spine1 0.999032 -0.019066 0.039641 0.0 0.024791 0.988475 -0.149339 0.105963 -0.036337 0.150178 0.987991 -0.0 0.0 0.0 0.0 1.0
Spine2 0.999032 -0.019066 0.039641 -0.0 0.024791 0.988475 -0.149339 0.1211 -0.036337 0.150178 0.987991 0.0 0.0 0.0 0.0 1.0
Neck 0.99842 -0.018085 -0.053196 -0.0 0.019454 0.99949 0.025341 0.136238 0.05271 -0.026336 0.998262 -0.0 0.0 0.0 0.0 1.0
Head 0.969687 0.18953 -0.154227 0.0 -0.075647 0.833007 0.548067 0.048508 0.232347 -0.519786 0.822093 0.01342 0.0 0.0 0.0 1.0
LeftShoulder -0.014984 0.995755 -0.090814 0.074603 0.003699 -0.090769 -0.995865 0.120279 -0.999881 -0.015258 -0.002323 2.36E-4 0.0 0.0 0.0 1.0
LeftArm 0.183204 -0.961914 -0.202876 0.0 0.768024 0.268867 -0.581249 0.157184 0.613657 -0.049327 0.78803 -0.0 0.0 0.0 0.0 1.0
LeftForeArm 0.497308 -0.864933 0.067646 -0.0 0.862168 0.501396 0.072588 0.243319 -0.096701 0.022224 0.995065 0.0 0.0 0.0 0.0 1.0
LeftHand 0.942793 0.212806 0.256624 -0.0 -0.179918 0.972827 -0.145731 0.221022 -0.280663 0.091223 0.955461 0.0 0.0 0.0 0.0 1.0
LeftHandThumb1 0.545193 -0.099246 0.832415 -0.026336 0.718665 0.566566 -0.403142 0.025057 -0.431608 0.818018 0.380213 0.022961 0.0 0.0 0.0 1.0
LeftHandThumb2 0.940265 0.323721 -0.105387 0.00104 -0.316618 0.945277 0.078763 0.034381 0.125118 -0.040691 0.991307 0.0 0.0 0.0 0.0 1.0
LeftHandThumb3 0.999997 0.001874 0.001479 -5.62E-4 -0.001874 0.999998 2.1E-5 0.044143 -0.001479 -2.4E-5 0.999999 0.0 0.0 0.0 0.0 1.0
LeftHandIndex1 0.987499 0.038276 -0.152905 -0.0 -0.126361 0.772117 -0.622791 0.121989 0.094222 0.634327 0.767301 6.0E-6 0.0 0.0 0.0 1.0
LeftHandIndex2 0.994649 0.069235 -0.076674 0.001042 -0.100065 0.461178 -0.881647 0.032932 -0.02568 0.884603 0.465638 0.0 0.0 0.0 0.0 1.0
LeftHandIndex3 0.990977 0.133912 -0.005644 0.001095 -0.133913 0.990993 1.85E-4 0.03356 0.005618 5.72E-4 0.999984 0.0 0.0 0.0 0.0 1.0
RightShoulder 0.296252 -0.844974 0.445256 -0.074603 0.018408 -0.461045 -0.887186 0.120277 0.954932 0.271027 -0.121031 1.28E-4 0.0 0.0 0.0 1.0
RightArm 0.712108 0.693115 0.111776 0.0 -0.551656 0.650882 -0.521563 0.157184 -0.434256 0.309747 0.845859 0.0 0.0 0.0 0.0 1.0
RightForeArm 0.066454 0.996852 0.043238 -0.0 -0.996811 0.068245 -0.041346 0.243323 -0.044167 -0.040353 0.998209 0.0 0.0 0.0 0.0 1.0
RightHand 0.377274 -0.507795 -0.774473 -0.0 0.230811 0.86144 -0.45238 0.22105 0.896878 -0.008086 0.442204 -0.0 0.0 0.0 0.0 1.0
RightHandThumb1 0.304331 0.347236 -0.887023 0.024462 -0.691666 0.720822 0.04487 0.024251 0.654966 0.599868 0.45954 0.019483 0.0 0.0 0.0 1.0
RightHandThumb2 0.956261 -0.122376 0.265684 -0.002391 0.172903 0.969097 -0.175945 0.031569 -0.235942 0.214187 0.947869 -0.0 0.0 0.0 0.0 1.0
RightHandThumb3 0.998578 0.05314 -0.004321 0.00241 -0.053139 0.998587 2.31E-4 0.045062 0.004327 -1.0E-6 0.999991 0.0 0.0 0.0 0.0 1.0
RightHandIndex1 0.990926 0.00748 0.134203 -0.0 0.016519 0.984103 -0.176826 0.123753 -0.133392 0.177438 0.97505 1.2E-5 0.0 0.0 0.0 1.0
RightHandIndex2 0.996452 -0.072058 0.043488 -0.001174 0.08339 0.775358 -0.625993 0.035274 0.011389 0.627398 0.778615 0.0 0.0 0.0 0.0 1.0
RightHandIndex3 0.988568 -0.150384 0.010874 -9.54E-4 0.15039 0.988627 3.42E-4 0.031699 -0.010802 0.001297 0.999941 0.0 0.0 0.0 0.0 1.0
LeftUpLeg -0.822813 0.127937 0.553725 0.075562 0.18653 -0.85956 0.475776 -0.050384 0.536829 0.494761 0.683393 0.016543 0.0 0.0 0.0 1.0
LeftLeg 0.999493 0.030888 0.007757 0.0 -0.025939 0.648241 0.760993 0.453272 0.018477 -0.760809 0.648713 0.0 0.0 0.0 0.0 1.0
LeftFoot 0.943699 0.315582 0.099198 0.0 -0.040078 0.406729 -0.912669 0.408386 -0.328369 0.857309 0.396478 0.0 0.0 0.0 0.0 1.0
LeftToeBase 0.973607 0.141244 0.179277 0.0 0.007668 0.764813 -0.644206 0.212811 -0.228104 0.628578 0.743544 0.0 0.0 0.0 0.0 1.0
RightUpLeg -0.833428 -0.512105 -0.207718 -0.075562 0.084964 -0.490144 0.867491 -0.050384 -0.546057 0.705342 0.45201 0.020546 0.0 0.0 0.0 1.0
RightLeg 0.990439 -0.050744 -0.12828 0.0 0.109736 -0.273714 0.955531 0.453812 -0.0836 -0.960472 -0.265528 -0.0 0.0 0.0 0.0 1.0
RightFoot 0.906404 -0.415316 0.077096 -0.0 0.247206 0.373546 -0.894065 0.407804 0.342521 0.829443 0.441252 0.0 0.0 0.0 0.0 1.0
RightToeBase 0.975887 -0.138746 -0.168506 0.0 -0.003459 0.762056 -0.647502 0.209222 0.218249 0.632471 0.743201 0.0 0.0 0.0 0.0 1.0
Time 0.066667
Hips -0.992654 0.033418 0.116284 0.987712 0.067997 0.949047 0.307712 1.755904 -0.100076 0.313358 -0.944347 0.455967 0.0 0.0 0.0 1.0
Spine 0.999843 0.012565 0.012475 0.0 -0.011454 0.996276 -0.085461 0.090819 -0.013503 0.085305 0.996263 0.001036 0.0 0.0 0.0 1.0
Spine1 0.999173 -0.016788 0.037031 0.0 0.0221 0.988731 -0.148063 0.105963 -0.034129 0.148759 0.988284 -0.0 0.0 0.0 0.0 1.0
Spine2 0.999173 -0.016788 0.037031 -0.0 0.0221 0.988731 -0.148063 0.1211 -0.034129 0.148759 0.988284 0.0 0.0 0.0 0.0 1.0
Neck 0.998917 -0.01103 -0.045199 -0.0 0.011158 0.999934 0.002575 0.136238 0.045167 -0.003077 0.998975 -0.0 0.0 0.0 0.0 1.0
Head 0.977749 0.174533 -0.116382 -0.0 -0.084487 0.835431 0.543063 0.048508 0.192012 -0.521146 0.831588 0.01342 0.0 0.0 0.0 1.0
LeftShoulder 0.00466 0.99554 -0.094227 0.074603 0.005362 -0.094251 -0.995534 0.120279 -0.999975 0.004134 -0.005777 2.36E-4 0.0 0.0 0.0 1.0
LeftArm 0.268501 -0.952475 -0.143868 0.0 0.689486 0.294327 -0.661801 0.157184 0.672694 0.078499 0.735745 0.0 0.0 0.0 0.0 1.0
LeftForeArm 0.469175 -0.881863 0.046824 0.0 0.876274 0.471473 0.099281 0.243319 -0.109629 -0.005549 0.993957 0.0 0.0 0.0 0.0 1.0
LeftHand 0.904794 0.214608 0.36782 -0.0 -0.150418 0.969114 -0.195429 0.221022 -0.3984 0.121497 0.909129 0.0 0.0 0.0 0.0 1.0
LeftHandThumb1 0.544033 -0.112571 0.831478 -0.026336 0.730563 0.550939 -0.403415 0.025057 -0.412681 0.826918 0.381969 0.022961 0.0 0.0 0.0 1.0
LeftHandThumb2 0.899212 0.42209 -0.115141 0.00104 -0.418612 0.906554 0.054081 0.034381 0.127209 -4.31E-4 0.991876 0.0 0.0 0.0 0.0 1.0
LeftHandThumb3 0.999997 0.001874 0.001479 -5.62E-4 -0.001874 0.999998 2.1E-5 0.044143 -0.001479 -2.4E-5 0.999999 0.0 0.0 0.0 0.0 1.0
LeftHandIndex1 0.987245 0.042459 -0.153443 0.0 -0.131801 0.758598 -0.638089 0.121989 0.089309 0.650174 0.754518 6.0E-6 0.0 0.0 0.0 1.0
LeftHandIndex2 0.994567 0.069404 -0.077587 0.001042 -0.100714 0.453007 -0.8858 0.032932 -0.026331 0.888801 0.457536 0.0 0.0 0.0 0.0 1.0
LeftHandIndex3 0.990977 0.133912 -0.005644 0.001095 -0.133913 0.990993 1.85E-4 0.03356 0.005618 5.72E-4 0.999984 0.0 0.0 0.0 0.0 1.0
RightShoulder 0.271124 -0.847854 0.455671 -0.074603 0.019957 -0.468349 -0.883318 0.120277 0.962337 0.248583 -0.11006 1.28E-4 0.0 0.0 0.0 1.0
RightArm 0.73273 0.680498 0.00548 0.0 -0.592986 0.64241 -0.485466 0.157184 -0.333879 0.352466 0.874238 0.0 0.0 0.0 0.0 1.0
RightForeArm 0.017054 0.999228 0.035384 0.0 -0.997923 0.019208 -0.061481 0.243323 -0.062113 -0.034262 0.997481 -0.0 0.0 0.0 0.0 1.0
RightHand 0.45261 -0.532063 -0.715579 0.0 0.317509 0.846047 -0.428244 0.22105 0.833266 -0.033375 0.551864 0.0 0.0 0.0 0.0 1.0
RightHandThumb1 0.317269 0.334253 -0.887477 0.024462 -0.653349 0.755343 0.050917 0.024251 0.687369 0.563678 0.458031 0.019483 0.0 0.0 0.0 1.0
RightHandThumb2 0.951027 -0.157059 0.266234 -0.002391 0.207342 0.962922 -0.172602 0.031569 -0.229254 0.219351 0.948329 -0.0 0.0 0.0 0.0 1.0
RightHandThumb3 0.998578 0.05314 -0.004321 0.00241 -0.053139 0.998587 2.31E-4 0.045062 0.004327 -1.0E-6 0.999991 0.0 0.0 0.0 0.0 1.0
RightHandIndex1 0.990738 0.003626 0.135739 0.0 0.021799 0.982431 -0.185349 0.123753 -0.134026 0.186592 0.973253 1.2E-5 0.0 0.0 0.0 1.0
RightHandIndex2 0.997531 -0.068304 0.016333 -0.001174 0.069135 0.914145 -0.399448 0.035274 0.012353 0.399591 0.91661 0.0 0.0 0.0 0.0 1.0
RightHandIndex3 0.988568 -0.150384 0.010874 -9.54E-4 0.15039 0.988627 3.42E-4 0.031699 -0.010802 0.001297 0.999941 0.0 0.0 0.0 0.0 1.0
LeftUpLeg -0.821863 0.118897 0.55714 0.075562 0.150062 -0.898257 0.413057 -0.050384 0.549566 0.423081 0.720402 0.016543 0.0 0.0 0.0 1.0
LeftLeg 0.999595 0.028359 0.002525 -0.0 -0.022107 0.717193 0.696524 0.453272 0.017942 -0.696298 0.717529 0.0 0.0 0.0 0.0 1.0
LeftFoot 0.923537 0.376088 0.075078 0.0 -0.092169 0.407687 -0.908458 0.408386 -0.372269 0.832075 0.411178 0.0 0.0 0.0 0.0 1.0
LeftToeBase 0.973757 0.140985 0.178664 0.0 0.004235 0.773664 -0.633582 0.212811 -0.227552 0.617712 0.752763 0.0 0.0 0.0 0.0 1.0
RightUpLeg -0.810609 -0.548539 -0.204983 -0.075562 0.077173 -0.447062 0.891168 -0.050384 -0.580481 0.706569 0.404724 0.020546 0.0 0.0 0.0 1.0
RightLeg 0.980861 -0.048711 -0.188519 0.0 0.169507 -0.262796 0.949845 0.453812 -0.09581 -0.963621 -0.24951 0.0 0.0 0.0 0.0 1.0
RightFoot 0.868087 -0.486459 0.098908 0.0 0.265565 0.28675 -0.920462 0.407804 0.419405 0.825307 0.37811 0.0 0.0 0.0 0.0 1.0
RightToeBase 0.975899 -0.138727 -0.168453 -0.0 -0.003171 0.762833 -0.646588 0.209222 0.218201 0.631539 0.744008 0.0 0.0 0.0 0.0 1.0
Time 0.1
Hips -0.988364 0.029258 0.149265 0.988186 0.076942 0.942683 0.324697 1.760357 -0.131209 0.332404 -0.933966 0.452831 0.0 0.0 0.0 1.0
Spine 0.999852 0.013328 0.010907 0.0 -0.012362 0.996363 -0.084312 0.090819 -0.011991 0.084165 0.99638 0.001036 0.0 0.0 0.0 1.0
Spine1 0.999348 -0.012879 0.033733 0.0 0.017672 0.989145 -0.145874 0.105963 -0.031488 0.146375 0.988728 0.0 0.0 0.0 0.0 1.0
Spine2 0.999348 -0.012879 0.033733 0.0 0.017672 0.989145 -0.145874 0.1211 -0.031488 0.146375 0.988728 0.0 0.0 0.0 0.0 1.0
Neck 0.999294 -0.006618 -0.036974 -0.0 0.005831 0.999755 -0.021345 0.136238 0.037106 0.021115 0.999088 -0.0 0.0 0.0 0.0 1.0
Head 0.984586 0.157366 -0.076331 -0.0 -0.092558 0.83911 0.53603 0.048508 0.148403 -0.520703 0.840741 0.01342 0.0 0.0 0.0 1.0
LeftShoulder 0.031599 0.994616 -0.098689 0.074603 0.007608 -0.098975 -0.995061 0.120279 -0.999472 0.030692 -0.010694 2.36E-4 0.0 0.0 0.0 1.0
LeftArm 0.353359 -0.929073 -0.109368 0.0 0.598673 0.314419 -0.736703 0.157184 0.718838 0.194845 0.667314 -0.0 0.0 0.0 0.0 1.0
LeftForeArm 0.425762 -0.904558 0.022415 0.0 0.897002 0.425199 0.120805 0.243319 -0.118806 -0.031328 0.992423 0.0 0.0 0.0 0.0 1.0
LeftHand 0.851756 0.22612 0.472633 0.0 -0.124524 0.963595 -0.236598 0.221022 -0.508927 0.142669 0.848905 0.0 0.0 0.0 0.0 1.0
LeftHandThumb1 0.543872 -0.125046 0.829799 -0.026336 0.74018 0.537398 -0.40415 0.025057 -0.395395 0.834006 0.384833 0.022961 0.0 0.0 0.0 1.0
LeftHandThumb2 0.850236 0.510252 -0.129388 0.00104 -0.510415 0.859239 0.034433 0.034381 0.128745 0.036766 0.990996 0.0 0.0 0.0 0.0 1.0
LeftHandThumb3 0.999997 0.001874 0.001479 -5.62E-4 -0.001874 0.999998 2.1E-5 0.044143 -0.001479 -2.4E-5 0.999999 0.0 0.0 0.0 0.0 1.0
LeftHandIndex1 0.987021 0.046302 -0.15377 0.0 -0.136232 0.748409 -0.649095 0.121989 0.085029 0.661619 0.745003 6.0E-6 0.0 0.0 0.0 1.0
LeftHandIndex2 0.994475 0.069576 -0.0786 0.001042 -0.101427 0.443997 -0.890269 0.032932 -0.027044 0.893323 0.448601 0.0 0.0 0.0 0.0 1.0
LeftHandIndex3 0.990977 0.133912 -0.005644 0.001095 -0.133913 0.990993 1.85E-4 0.03356 0.005618 5.72E-4 0.999984 -0.0 0.0 0.0 0.0 1.0
RightShoulder 0.247683 -0.849644 0.465573 -0.074603 0.021427 -0.475625 -0.879387 0.120277 0.968604 0.227786 -0.099599 1.28E-4 0.0 0.0 0.0 1.0
RightArm 0.749636 0.653517 -0.104695 -0.0 -0.62183 0.641268 -0.449559 0.157184 -0.226656 0.402108 0.887094 0.0 0.0 0.0 0.0 1.0
RightForeArm -0.055472 0.998248 0.020567 0.0 -0.995469 -0.053701 -0.078465 0.243323 -0.077224 -0.024826 0.996705 -0.0 0.0 0.0 0.0 1.0
RightHand 0.531386 -0.560172 -0.635481 0.0 0.402569 0.827024 -0.39239 0.22105 0.745364 -0.047314 0.664976 -0.0 0.0 0.0 0.0 1.0
RightHandThumb1 0.329803 0.323018 -0.887068 0.024462 -0.608851 0.790887 0.061629 0.024251 0.721478 0.519767 0.457507 0.019483 0.0 0.0 0.0 1.0
RightHandThumb2 0.943939 -0.19352 0.26745 -0.002391 0.243812 0.95488 -0.169586 0.031569 -0.222565 0.225286 0.948531 0.0 0.0 0.0 0.0 1.0
RightHandThumb3 0.998578 0.05314 -0.004321 0.00241 -0.053139 0.998587 2.31E-4 0.045062 0.004328 -1.0E-6 0.999991 0.0 0.0 0.0 0.0 1.0
RightHandIndex1 0.990369 0.001032 0.138448 -0.0 0.029573 0.975319 -0.218813 0.123753 -0.135257 0.2208 0.965895 1.2E-5 0.0 0.0 0.0 1.0
RightHandIndex2 0.998313 -0.058054 -8.6E-4 -0.001174 0.056298 0.971529 -0.230136 0.035274 0.014195 0.229699 0.973158 0.0 0.0 0.0 0.0 1.0
RightHandIndex3 0.988568 -0.150384 0.010874 -9.54E-4 0.15039 0.988627 3.42E-4 0.031699 -0.010802 0.001297 0.999941 0.0 0.0 0.0 0.0 1.0
LeftUpLeg -0.828524 0.099146 0.551106 0.075562 0.116118 -0.932385 0.342309 -0.050384 0.547781 0.347605 0.760991 0.016543 0.0 0.0 0.0 1.0
LeftLeg 0.999716 0.023671 -0.002606 0.0 -0.017198 0.793359 0.608511 0.453272 0.016472 -0.608293 0.793541 0.0 0.0 0.0 0.0 1.0
LeftFoot 0.910791 0.41006 0.048067 -0.0 -0.145108 0.426928 -0.892567 0.408386 -0.386528 0.805967 0.448345 0.0 0.0 0.0 0.0 1.0
LeftToeBase 0.973915 0.140741 0.177995 -0.0 2.77E-4 0.783675 -0.62117 0.212811 -0.226915 0.605016 0.763194 0.0 0.0 0.0 0.0 1.0
RightUpLeg -0.792141 -0.572418 -0.211778 -0.075562 0.064042 -0.423024 0.903852 -0.050384 -0.606969 0.702416 0.371754 0.020546 0.0 0.0 0.0 1.0
RightLeg 0.970877 -0.051119 -0.234061 0.0 0.217466 -0.221912 0.950507 0.453812 -0.10053 -0.973726 -0.204333 -0.0 0.0 0.0 0.0 1.0
RightFoot 0.832809 -0.54028 0.120526 0.0 0.278921 0.221488 -0.934423 0.407804 0.478155 0.811813 0.335152 0.0 0.0 0.0 0.0 1.0
RightToeBase 0.975955 -0.138636 -0.168204 0.0 -0.00185 0.766376 -0.64239 0.209222 0.217965 0.627255 0.747692 -0.0 0.0 0.0 0.0 1.0
Time 0.133333
Hips -0.981622 0.019056 0.189881 0.993144 0.080524 0.943446 0.321599 1.777375 -0.173014 0.330979 -0.927642 0.45185 0.0 0.0 0.0 1.0
Spine 0.99985 0.014186 0.009956 0.0 -0.013334 0.996627 -0.080974 0.090819 -0.011072 0.080829 0.996666 0.001036 0.0 0.0 0.0 1.0
Spine1 0.999569 -0.001662 0.029302 0.0 0.005729 0.990238 -0.139273 0.105963 -0.028784 0.13938 0.98982 -0.0 0.0 0.0 0.0 1.0
Spine2 0.999569 -0.001662 0.029302 0.0 0.005729 0.990238 -0.139273 0.1211 -0.028784 0.139381 0.98982 0.0 0.0 0.0 0.0 1.0
Neck 0.999434 -0.021709 -0.0257 -0.0 0.020837 0.999215 -0.033703 0.136238 0.026411 0.033149 0.999101 -0.0 0.0 0.0 0.0 1.0
Head 0.99282 0.115579 -0.030815 -0.0 -0.083313 0.853012 0.515198 0.048508 0.085832 -0.508931 0.856517 0.01342 0.0 0.0 0.0 1.0
LeftShoulder 0.056793 0.991594 -0.116257 0.074603 0.009167 -0.116958 -0.993095 0.120279 -0.998344 0.055335 -0.015732 2.36E-4 0.0 0.0 0.0 1.0
LeftArm 0.47508 -0.875254 -0.090717 -0.0 0.520229 0.362522 -0.773266 0.157184 0.709691 0.32017 0.627559 0.0 0.0 0.0 0.0 1.0
LeftForeArm 0.334731 -0.942305 -0.004057 0.0 0.93337 0.330959 0.138875 0.243319 -0.12952 -0.050272 0.990302 0.0 0.0 0.0 0.0 1.0
LeftHand 0.789844 0.249556 0.56024 0.0 -0.11454 0.957422 -0.264996 0.221022 -0.602518 0.145136 0.784798 0.0 0.0 0.0 0.0 1.0
LeftHandThumb1 0.546181 -0.134722 0.826763 -0.026336 0.744691 0.530027 -0.405594 0.025057 -0.383564 0.837211 0.389816 0.022961 0.0 0.0 0.0 1.0
LeftHandThumb2 0.829098 0.542505 -0.135223 0.00104 -0.544278 0.838478 0.02676 0.034381 0.127899 0.051412 0.990454 0.0 0.0 0.0 0.0 1.0
LeftHandThumb3 0.999997 0.001874 0.001479 -5.62E-4 -0.001874 0.999998 2.1E-5 0.044143 -0.001479 -2.3E-5 0.999999 0.0 0.0 0.0 0.0 1.0
LeftHandIndex1 0.98685 0.046254 -0.154881 -0.0 -0.139401 0.728576 -0.67063 0.121989 0.081823 0.683401 0.725443 6.0E-6 0.0 0.0 0.0 1.0
LeftHandIndex2 0.994528 0.069477 -0.078017 0.001042 -0.101018 0.449205 -0.8877 0.032932 -0.026629 0.890723 0.453765 0.0 0.0 0.0 0.0 1.0
LeftHandIndex3 0.990977 0.133912 -0.005645 0.001095 -0.133913 0.990993 1.85E-4 0.03356 0.005619 5.72E-4 0.999984 0.0 0.0 0.0 0.0 1.0
RightShoulder 0.267176 -0.841239 0.470036 -0.074603 0.022352 -0.482227 -0.875761 0.120277 0.963388 0.244489 -0.110036 1.28E-4 0.0 0.0 0.0 1.0
RightArm 0.767523 0.621494 -0.157013 0.0 -0.616583 0.648786 -0.445984 0.157184 -0.175309 0.439115 0.881161 0.0 0.0 0.0 0.0 1.0
RightForeArm -0.187091 0.982273 -0.011701 -0.0 -0.98051 -0.187456 -0.058824 0.243323 -0.059975 4.68E-4 0.9982 0.0 0.0 0.0 0.0 1.0
RightHand 0.607961 -0.557558 -0.565254 0.0 0.42722 0.829813 -0.359016 0.22105 0.669228 -0.02322 0.742694 0.0 0.0 0.0 0.0 1.0
RightHandThumb1 0.351425 0.337434 -0.873292 0.024462 -0.53321 0.838859 0.109558 0.024251 0.769537 0.427146 0.474719 0.019483 0.0 0.0 0.0 1.0
RightHandThumb2 0.9348 -0.232416 0.268572 -0.002391 0.282949 0.944379 -0.167598 0.031569 -0.214681 0.232663 0.948567 -0.0 0.0 0.0 0.0 1.0
RightHandThumb3 0.998578 0.05314 -0.004322 0.00241 -0.05314 0.998587 2.31E-4 0.045062 0.004328 -1.0E-6 0.999991 0.0 0.0 0.0 0.0 1.0
RightHandIndex1 0.989729 0.003689 0.142908 -0.0 0.042219 0.947535 -0.316853 0.123753 -0.136579 0.319632 0.937647 1.2E-5 0.0 0.0 0.0 1.0
RightHandIndex2 0.998309 -0.05484 0.019283 -0.001174 0.057473 0.881329 -0.468996 0.035274 0.008726 0.469311 0.88299 -0.0 0.0 0.0 0.0 1.0
RightHandIndex3 0.988568 -0.150384 0.010874 -9.54E-4 0.15039 0.988627 3.42E-4 0.031699 -0.010802 0.001297 0.999941 0.0 0.0 0.0 0.0 1.0
LeftUpLeg -0.911213 0.052588 0.408565 0.075562 0.08834 -0.943797 0.318503 -0.050384 0.402352 0.326317 0.855354 0.016543 0.0 0.0 0.0 1.0
LeftLeg 0.999934 0.010054 -0.005587 -0.0 -0.005882 0.864403 0.502765 0.453272 0.009884 -0.502698 0.864405 0.0 0.0 0.0 0.0 1.0
LeftFoot 0.954581 0.285408 -0.085547 0.0 -0.237815 0.55686 -0.795833 0.408386 -0.179499 0.780031 0.599442 0.0 0.0 0.0 0.0 1.0
LeftToeBase 0.973887 0.140785 0.178112 0.0 9.45E-4 0.781997 -0.623281 0.212811 -0.227032 0.607173 0.761444 0.0 0.0 0.0 0.0 1.0
RightUpLeg -0.803764 -0.533831 -0.262655 -0.075562 0.024353 -0.470627 0.881996 -0.050384 -0.594449 0.702521 0.391274 0.020546 0.0 0.0 0.0 1.0
RightLeg 0.980753 -0.048339 -0.189175 -0.0 0.18399 -0.095515 0.978276 0.453812 -0.065358 -0.994254 -0.084783 0.0 0.0 0.0 0.0 1.0
RightFoot 0.836398 -0.541769 0.083215 0.0 0.27427 0.282222 -0.919308 0.407804 0.474567 0.791731 0.384641 0.0 0.0 0.0 0.0 1.0
RightToeBase 0.976072 -0.138449 -0.167678 -0.0 9.32E-4 0.773771 -0.633465 0.209222 0.217447 0.618151 0.755385 0.0 0.0 0.0 0.0 1.0
Time 0.166667
Hips -0.978796 0.012735 0.204442 1.006326 0.075732 0.949845 0.303412 1.791815 -0.190325 0.312461 -0.930669 0.454205 0.0 0.0 0.0 1.0
Spine 0.999847 0.016554 0.005576 0.0 -0.016076 0.996901 -0.077004 0.090819 -0.006834 0.076903 0.997015 0.001036 0.0 0.0 0.0 1.0
Spine1 0.999737 0.015681 0.016737 0.0 -0.013348 0.991241 -0.131386 0.105963 -0.018651 0.131128 0.99119 0.0 0.0 0.0 0.0 1.0
Spine2 0.999737 0.015681 0.016738 0.0 -0.013348 0.991241 -0.131386 0.1211 -0.018651 0.131128 0.99119 0.0 0.0 0.0 0.0 1.0
Neck 0.998546 -0.051429 -0.016162 0.0 0.051008 0.998373 -0.025495 0.136238 0.017446 0.024633 0.999544 -0.0 0.0 0.0 0.0 1.0
Head 0.99824 0.059298 0.001213 0.0 -0.052472 0.873421 0.484131 0.048508 0.027648 -0.483342 0.874995 0.01342 0.0 0.0 0.0 1.0
LeftShoulder 0.080838 0.98688 -0.139761 0.074603 0.009943 -0.141012 -0.989958 0.120279 -0.996678 0.078637 -0.021212 2.36E-4 0.0 0.0 0.0 1.0
LeftArm 0.577798 -0.810722 -0.09423 0.0 0.440985 0.407249 -0.7998 0.157184 0.686791 0.420568 0.592824 -0.0 0.0 0.0 0.0 1.0
LeftForeArm 0.224331 -0.97386 -0.035677 0.0 0.962317 0.215601 0.16572 0.243319 -0.153696 -0.071508 0.985527 0.0 0.0 0.0 0.0 1.0
LeftHand 0.726154 0.277047 0.629241 0.0 -0.090611 0.945799 -0.311857 0.221022 -0.681535 0.16944 0.711899 0.0 0.0 0.0 0.0 1.0
LeftHandThumb1 0.548665 -0.141903 0.823912 -0.026336 0.747111 0.525515 -0.407012 0.025057 -0.375222 0.838867 0.394349 0.022961 0.0 0.0 0.0 1.0
LeftHandThumb2 0.82346 0.550253 -0.13833 0.00104 -0.552703 0.833046 0.023547 0.034381 0.128192 0.057066 0.990106 0.0 0.0 0.0 0.0 1.0
LeftHandThumb3 0.999997 0.001874 0.001479 -5.62E-4 -0.001874 0.999998 2.1E-5 0.044143 -0.001479 -2.3E-5 0.999999 0.0 0.0 0.0 0.0 1.0
LeftHandIndex1 0.98676 0.043153 -0.156343 -0.0 -0.141031 0.704339 -0.695713 0.121989 0.080096 0.708551 0.701099 6.0E-6 0.0 0.0 0.0 1.0
LeftHandIndex2 0.994577 0.069381 -0.077476 0.001042 -0.100636 0.454033 -0.885283 0.032932 -0.026245 0.888279 0.458553 0.0 0.0 0.0 0.0 1.0
LeftHandIndex3 0.990977 0.133912 -0.005645 0.001095 -0.133913 0.990993 1.85E-4 0.03356 0.005619 5.72E-4 0.999984 -0.0 0.0 0.0 0.0 1.0
RightShoulder 0.306056 -0.844975 0.438574 -0.074603 0.016884 -0.45579 -0.889927 0.120277 0.951864 0.279773 -0.125231 1.28E-4 0.0 0.0 0.0 1.0
RightArm 0.708546 0.696359 -0.114221 -0.0 -0.657016 0.591941 -0.466836 0.157184 -0.257473 0.40582 0.876936 0.0 0.0 0.0 0.0 1.0
RightForeArm -0.304132 0.951688 -0.042344 -0.0 -0.951358 -0.305722 -0.038097 0.243323 -0.049202 0.028698 0.998377 -0.0 0.0 0.0 0.0 1.0
RightHand 0.697006 -0.482839 -0.530141 -0.0 0.342318 0.873689 -0.345668 0.22105 0.63008 0.059456 0.774251 0.0 0.0 0.0 0.0 1.0
RightHandThumb1 0.368477 0.395357 -0.841378 0.024462 -0.51334 0.841096 0.17041 0.024251 0.775053 0.369121 0.512878 0.019483 0.0 0.0 0.0 1.0
RightHandThumb2 0.936395 -0.239333 0.256679 -0.002391 0.285506 0.944828 -0.16058 0.031569 -0.204085 0.22365 0.953063 0.0 0.0 0.0 0.0 1.0
RightHandThumb3 0.998578 0.05314 -0.004322 0.00241 -0.053139 0.998587 2.31E-4 0.045062 0.004328 -1.0E-6 0.999991 -0.0 0.0 0.0 0.0 1.0
RightHandIndex1 0.990984 0.01645 0.132967 0.0 0.010528 0.979806 -0.199674 0.123753 -0.133567 0.199274 0.970799 1.2E-5 0.0 0.0 0.0 1.0
RightHandIndex2 0.998426 -0.048199 0.028677 -0.001174 0.055979 0.825083 -0.562232 0.035274 0.003438 0.562953 0.826482 0.0 0.0 0.0 0.0 1.0
RightHandIndex3 0.988568 -0.150384 0.010874 -9.54E-4 0.15039 0.988627 3.43E-4 0.031699 -0.010802 0.001297 0.999941 0.0 0.0 0.0 0.0 1.0
LeftUpLeg -0.966335 0.054768 0.251389 0.075562 0.038966 -0.934656 0.353411 -0.050384 0.254318 0.351309 0.901057 0.016543 0.0 0.0 0.0 1.0
LeftLeg 0.999974 0.007123 8.4E-4 0.0 -0.006709 0.887544 0.460673 0.453272 0.002535 -0.460667 0.887569 0.0 0.0 0.0 0.0 1.0
LeftFoot 0.948194 0.242836 -0.204841 0.0 -0.317663 0.715793 -0.621877 0.408386 -0.00439 0.65473 0.75585 -0.0 0.0 0.0 0.0 1.0
LeftToeBase 0.973727 0.141044 0.17878 0.0 0.004789 0.772235 -0.635319 0.212811 -0.227668 0.619484 0.75127 0.0 0.0 0.0 0.0 1.0
RightUpLeg -0.840782 -0.448266 -0.303551 -0.075562 -0.019153 -0.535724 0.844176 -0.050384 -0.541035 0.715582 0.441842 0.020546 0.0 0.0 0.0 1.0
RightLeg 0.99304 -0.045736 -0.108539 0.0 0.111392 0.065289 0.99163 0.453812 -0.038267 -0.996818 0.069929 0.0 0.0 0.0 0.0 1.0
RightFoot 0.860445 -0.50954 0.001957 -0.0 0.236026 0.39516 -0.887773 0.407804 0.451583 0.764341 0.460278 0.0 0.0 0.0 0.0 1.0
RightToeBase 0.976059 -0.138464 -0.16774 -0.0 5.99E-4 0.772903 -0.634524 0.209222 0.217506 0.619232 0.754482 -0.0 0.0 0.0 0.0 1.0
Time 0.2
Hips -0.985967 0.014235 0.166334 1.024347 0.060778 0.958588 0.278236 1.807386 -0.155485 0.284441 -0.946001 0.461501 0.0 0.0 0.0 1.0
Spine 0.9998 0.019859 -0.002255 0.0 -0.019972 0.99695 -0.075442 0.090819 7.5E-4 0.075472 0.997148 0.001036 0.0 0.0 0.0 1.0
Spine1 0.999428 0.033668 -0.003189 0.0 -0.0338 0.991197 -0.128011 0.105963 -0.001149 0.128046 0.991768 0.0 0.0 0.0 0.0 1.0
Spine2 0.999428 0.033669 -0.003189 0.0 -0.0338 0.991197 -0.128011 0.1211 -0.001149 0.128046 0.991768 -0.0 0.0 0.0 0.0 1.0
Neck 0.995837 -0.08995 -0.014748 0.0 0.090067 0.995908 0.007478 0.136238 0.014015 -0.008776 0.999863 -0.0 0.0 0.0 0.0 1.0
Head 0.999872 0.014215 0.007395 -0.0 -0.016023 0.888963 0.457698 0.048508 -6.8E-5 -0.457758 0.889077 0.01342 0.0 0.0 0.0 1.0
LeftShoulder 0.11676 0.978404 -0.170567 0.074603 0.010252 -0.17292 -0.984883 0.120279 -0.993107 0.113246 -0.030221 2.36E-4 0.0 0.0 0.0 1.0
LeftArm 0.645749 -0.756413 -0.104156 -0.0 0.39183 0.44536 -0.805061 0.157184 0.655345 0.479056 0.583976 -0.0 0.0 0.0 0.0 1.0
LeftForeArm 0.134878 -0.988366 -0.070295 0.0 0.973895 0.119163 0.193206 0.243319 -0.182582 -0.094519 0.978637 0.0 0.0 0.0 0.0 1.0
LeftHand 0.677489 0.28279 0.678998 -0.0 -0.046058 0.937636 -0.344553 0.221022 -0.73409 0.202157 0.648263 -0.0 0.0 0.0 0.0 1.0
LeftHandThumb1 0.549939 -0.146209 0.822308 -0.026336 0.748856 0.522295 -0.40795 0.025057 -0.369841 0.840137 0.39672 0.022961 0.0 0.0 0.0 1.0
LeftHandThumb2 0.805866 0.573361 -0.147772 0.00104 -0.577975 0.815936 0.013909 0.034381 0.128547 0.0742 0.988924 0.0 0.0 0.0 0.0 1.0
LeftHandThumb3 0.999997 0.001874 0.001479 -5.62E-4 -0.001874 0.999998 2.1E-5 0.044143 -0.001479 -2.4E-5 0.999999 0.0 0.0 0.0 0.0 1.0
LeftHandIndex1 0.986776 0.041689 -0.15664 0.0 -0.140672 0.700366 -0.699785 0.121989 0.080532 0.712565 0.696969 6.0E-6 0.0 0.0 0.0 1.0
LeftHandIndex2 0.99459 0.069355 -0.077329 0.001042 -0.100532 0.455345 -0.884621 0.032932 -0.026142 0.887609 0.459855 -0.0 0.0 0.0 0.0 1.0
LeftHandIndex3 0.990977 0.133912 -0.005644 0.001095 -0.133913 0.990993 1.85E-4 0.03356 0.005618 5.73E-4 0.999984 0.0 0.0 0.0 0.0 1.0
RightShoulder 0.307242 -0.883412 0.353816 -0.074603 0.001238 -0.371428 -0.928461 0.120277 0.951631 0.2857 -0.113025 1.28E-4 0.0 0.0 0.0 1.0
RightArm 0.561184 0.827679 -0.004379 0.0 -0.701596 0.472877 -0.533057 0.157184 -0.439129 0.302216 0.846068 0.0 0.0 0.0 0.0 1.0
RightForeArm -0.338067 0.938519 -0.069953 -0.0 -0.940248 -0.340021 -0.017872 0.243323 -0.040559 0.059731 0.99739 0.0 0.0 0.0 0.0 1.0
RightHand 0.79827 -0.314709 -0.51354 -0.0 0.191439 0.940992 -0.27908 0.22105 0.571066 0.12447 0.811413 -0.0 0.0 0.0 0.0 1.0
RightHandThumb1 0.376582 0.431686 -0.819655 0.024462 -0.47426 0.849887 0.229715 0.024251 0.795779 0.302223 0.524783 0.019483 0.0 0.0 0.0 1.0
RightHandThumb2 0.966479 -0.15032 0.208139 -0.002391 0.180117 0.974689 -0.132434 0.031569 -0.182964 0.165484 0.969092 -0.0 0.0 0.0 0.0 1.0
RightHandThumb3 0.998578 0.05314 -0.004322 0.00241 -0.05314 0.998587 2.31E-4 0.045062 0.004328 -1.0E-6 0.999991 0.0 0.0 0.0 0.0 1.0
RightHandIndex1 0.99118 0.064757 0.115621 0.0 -0.041023 0.979554 -0.196953 0.123753 -0.126011 0.190473 0.973571 1.2E-5 0.0 0.0 0.0 1.0
RightHandIndex2 0.998825 -0.044515 0.019167 -0.001174 0.048406 0.896586 -0.440217 0.035274 0.002412 0.440628 0.897687 0.0 0.0 0.0 0.0 1.0
RightHandIndex3 0.988568 -0.150384 0.010874 -9.54E-4 0.15039 0.988627 3.42E-4 0.031699 -0.010802 0.001297 0.999941 0.0 0.0 0.0 0.0 1.0
LeftUpLeg -0.933468 0.107546 0.342158 0.075562 0.027989 -0.929233 0.368433 -0.050384 0.357568 0.353497 0.864399 0.016543 0.0 0.0 0.0 1.0
LeftLeg 0.999981 0.006119 -0.001207 -0.0 -0.00513 0.917019 0.398812 0.453272 0.003547 -0.398798 0.917032 0.0 0.0 0.0 0.0 1.0
LeftFoot 0.929248 0.369311 0.010351 0.0 -0.330734 0.844015 -0.422201 0.408386 -0.16466 0.388906 0.906443 -0.0 0.0 0.0 0.0 1.0
LeftToeBase 0.97373 0.141039 0.178769 0.0 0.004721 0.772409 -0.635108 0.212811 -0.227658 0.619268 0.751452 0.0 0.0 0.0 0.0 1.0
RightUpLeg -0.867179 -0.371512 -0.331633 -0.075562 -0.046428 -0.60272 0.796601 -0.050384 -0.495828 0.706193 0.505417 0.020546 0.0 0.0 0.0 1.0
RightLeg 0.998303 -0.042323 -0.040006 -0.0 0.048918 0.236611 0.970372 0.453812 -0.031603 -0.970682 0.23828 0.0 0.0 0.0 0.0 1.0
RightFoot 0.877578 -0.469324 -0.097941 0.0 0.161937 0.482443 -0.860828 0.407804 0.451258 0.739583 0.499382 0.0 0.0 0.0 0.0 1.0
RightToeBase 0.975945 -0.138652 -0.168249 0.0 -0.002088 0.76574 -0.643147 0.209222 0.218009 0.628028 0.74703 0.0 0.0 0.0 0.0 1.0
Time 0.233333
Hips -0.996546 0.017091 0.081264 1.042831 0.038144 0.963455 0.26514 1.813596 -0.073763 0.267324 -0.960779 0.469816 0.0 0.0 0.0 1.0
Spine 0.999714 0.022077 -0.009208 0.0 -0.02274 0.996566 -0.079622 0.090819 0.007418 0.079808 0.996783 0.001036 0.0 0.0 0.0 1.0
Spine1 0.998672 0.047089 -0.020903 0.0 -0.049499 0.989501 -0.135787 0.105963 0.014289 0.136642 0.990517 -0.0 0.0 0.0 0.0 1.0
Spine2 0.998672 0.047089 -0.020903 0.0 -0.049499 0.989501 -0.135787 0.1211 0.014289 0.136642 0.990517 -0.0 0.0 0.0 0.0 1.0
Neck 0.992128 -0.122797 -0.024543 0.0 0.12392 0.990973 0.05115 0.136238 0.018041 -0.053788 0.998389 -0.0 0.0 0.0 0.0 1.0
Head 0.999627 -0.009561 -0.025578 -0.0 0.020015 0.893729 0.44816 0.048508 0.018575 -0.448505 0.893587 0.01342 0.0 0.0 0.0 1.0
LeftShoulder 0.1753 0.962125 -0.208773 0.074603 0.009248 -0.213657 -0.976865 0.120279 -0.984472 0.169313 -0.046352 2.36E-4 0.0 0.0 0.0 1.0
LeftArm 0.664974 -0.738108 -0.114044 0.0 0.40466 0.484406 -0.77563 0.157184 0.627742 0.469625 0.6208 -0.0 0.0 0.0 0.0 1.0
LeftForeArm 0.101788 -0.990093 -0.096722 0.0 0.974323 0.079591 0.21062 0.243319 -0.200835 -0.115677 0.972771 0.0 0.0 0.0 0.0 1.0
LeftHand 0.655874 0.273625 0.703533 -0.0 -0.005366 0.933658 -0.358125 0.221022 -0.754851 0.23111 0.613831 0.0 0.0 0.0 0.0 1.0
LeftHandThumb1 0.548595 -0.147224 0.823024 -0.026336 0.751291 0.518758 -0.407985 0.025057 -0.366885 0.842149 0.395197 0.022961 0.0 0.0 0.0 1.0
LeftHandThumb2 0.794648 0.587315 -0.153608 0.00104 -0.593344 0.804909 0.008045 0.034381 0.128366 0.084749 0.988099 0.0 0.0 0.0 0.0 1.0
LeftHandThumb3 0.999997 0.001874 0.001479 -5.62E-4 -0.001874 0.999998 2.1E-5 0.044143 -0.001479 -2.4E-5 0.999999 0.0 0.0 0.0 0.0 1.0
LeftHandIndex1 0.986859 0.037425 -0.157192 0.0 -0.138722 0.695094 -0.705408 0.121989 0.082863 0.717944 0.691151 6.0E-6 0.0 0.0 0.0 1.0
LeftHandIndex2 0.994669 0.069194 -0.076458 0.001042 -0.09991 0.4631 -0.880657 0.032932 -0.025528 0.883601 0.467544 0.0 0.0 0.0 0.0 1.0
LeftHandIndex3 0.990977 0.133912 -0.005644 0.001095 -0.133913 0.990993 1.85E-4 0.03356 0.005618 5.73E-4 0.999984 0.0 0.0 0.0 0.0 1.0
RightShoulder 0.210642 -0.944295 0.252857 -0.074603 -0.008376 -0.260395 -0.965466 0.120277 0.977527 0.20125 -0.062759 1.28E-4 0.0 0.0 0.0 1.0
RightArm 0.431079 0.89886 0.078877 -0.0 -0.66366 0.375074 -0.647205 0.157184 -0.611331 0.226649 0.758224 0.0 0.0 0.0 0.0 1.0
RightForeArm -0.295256 0.945498 -0.137324 -0.0 -0.951884 -0.303462 -0.042763 0.243323 -0.082105 0.118091 0.989603 -0.0 0.0 0.0 0.0 1.0
RightHand 0.818858 -0.191051 -0.541268 0.0 0.121693 0.979329 -0.161569 0.22105 0.560947 0.066434 0.825182 -0.0 0.0 0.0 0.0 1.0
RightHandThumb1 0.387629 0.472205 -0.791686 0.024462 -0.441757 0.848948 0.290065 0.024251 0.80907 0.237295 0.537677 0.019483 0.0 0.0 0.0 1.0
RightHandThumb2 0.97353 -0.131252 0.187116 -0.002391 0.154802 0.980955 -0.117318 0.031569 -0.168154 0.143179 0.975307 -0.0 0.0 0.0 0.0 1.0
RightHandThumb3 0.998578 0.05314 -0.004321 0.00241 -0.053139 0.998587 2.31E-4 0.045062 0.004328 -1.0E-6 0.999991 0.0 0.0 0.0 0.0 1.0
RightHandIndex1 0.9905 0.111369 0.080663 0.0 -0.091006 0.970646 -0.222632 0.123753 -0.103089 0.213176 0.97156 1.2E-5 0.0 0.0 0.0 1.0
RightHandIndex2 0.998758 -0.048575 0.011055 -0.001174 0.049487 0.941933 -0.332135 0.035274 0.005721 0.33227 0.943167 0.0 0.0 0.0 0.0 1.0
RightHandIndex3 0.988568 -0.150385 0.010874 -9.54E-4 0.15039 0.988627 3.42E-4 0.031699 -0.010802 0.001297 0.999941 0.0 0.0 0.0 0.0 1.0
LeftUpLeg -0.914094 0.165775 0.370069 0.075562 0.021797 -0.891211 0.453066 -0.050384 0.404916 0.422211 0.811037 0.016543 0.0 0.0 0.0 1.0
LeftLeg 0.999838 0.017982 9.3E-5 -0.0 -0.015403 0.853732 0.520485 0.453272 0.00928 -0.520402 0.853871 0.0 0.0 0.0 0.0 1.0
LeftFoot 0.893338 0.398975 0.206797 0.0 -0.304358 0.875735 -0.374773 0.408386 -0.330625 0.271859 0.903759 -0.0 0.0 0.0 0.0 1.0
LeftToeBase 0.973782 0.140953 0.178549 0.0 0.003457 0.775639 -0.631167 0.212811 -0.227455 0.615237 0.754817 -0.0 0.0 0.0 0.0 1.0
RightUpLeg -0.874608 -0.336068 -0.349456 -0.075562 -0.050534 -0.653663 0.755096 -0.050384 -0.48219 0.678072 0.554716 0.020546 0.0 0.0 0.0 1.0
RightLeg 0.999229 -0.039255 -1.61E-4 0.0 0.014176 0.357014 0.933992 0.453812 -0.036606 -0.933274 0.357295 -0.0 0.0 0.0 0.0 1.0
RightFoot 0.889941 -0.429777 -0.152636 -0.0 0.105003 0.518757 -0.848449 0.407804 0.443824 0.739042 0.506791 -0.0 0.0 0.0 0.0 1.0
RightToeBase 0.97587 -0.138773 -0.16858 0.0 -0.003848 0.761011 -0.648727 0.209222 0.218317 0.633722 0.742114 0.0 0.0 0.0 0.0 1.0
Time 0.266667
Hips -0.999782 0.01863 -0.009416 1.057555 0.015283 0.960532 0.277751 1.804915 0.014219 0.277546 -0.960607 0.473404 0.0 0.0 0.0 1.0
Spine 0.999706 0.021615 -0.010964 0.0 -0.022495 0.995882 -0.087826 0.090819 0.009021 0.088047 0.996075 0.001036 0.0 0.0 0.0 1.0
Spine1 0.998007 0.056395 -0.028321 0.0 -0.060051 0.986633 -0.151492 0.105963 0.019399 0.15289 0.988053 0.0 0.0 0.0 0.0 1.0
Spine2 0.998007 0.056395 -0.028321 0.0 -0.060051 0.986633 -0.151492 0.1211 0.019399 0.15289 0.988053 0.0 0.0 0.0 0.0 1.0
Neck 0.989378 -0.13986 -0.03964 0.0 0.142486 0.987042 0.07379 0.136238 0.028807 -0.078654 0.996486 -0.0 0.0 0.0 0.0 1.0
Head 0.995711 -0.023212 -0.089555 0.0 0.061546 0.888932 0.453885 0.048508 0.069072 -0.45745 0.886549 0.01342 0.0 0.0 0.0 1.0
LeftShoulder 0.242037 0.939173 -0.243665 0.074603 0.005992 -0.252574 -0.967559 0.120279 -0.970249 0.232725 -0.06676 2.36E-4 0.0 0.0 0.0 1.0
LeftArm 0.650354 -0.750364 -0.118293 -0.0 0.470034 0.519841 -0.713326 0.157184 0.596748 0.408312 0.690777 -0.0 0.0 0.0 0.0 1.0
LeftForeArm 0.134128 -0.985441 -0.104474 0.0 0.970598 0.109376 0.214421 0.243319 -0.199872 -0.130162 0.971138 0.0 0.0 0.0 0.0 1.0
LeftHand 0.659936 0.256503 0.70618 0.0 0.014091 0.935526 -0.352976 0.221022 -0.75119 0.242893 0.613773 -0.0 0.0 0.0 0.0 1.0
LeftHandThumb1 0.543166 -0.144507 0.827096 -0.026336 0.755763 0.513288 -0.406641 0.025057 -0.365776 0.845963 0.388014 0.022961 0.0 0.0 0.0 1.0
LeftHandThumb2 0.793675 0.588499 -0.154108 0.00104 -0.594651 0.803948 0.007547 0.034381 0.128336 0.085651 0.988025 0.0 0.0 0.0 0.0 1.0
LeftHandThumb3 0.999997 0.001874 0.001479 -5.62E-4 -0.001874 0.999998 2.1E-5 0.044143 -0.001479 -2.3E-5 0.999999 -0.0 0.0 0.0 0.0 1.0
LeftHandIndex1 0.986984 0.035566 -0.156835 0.0 -0.135967 0.705336 -0.695711 0.121989 0.085878 0.70798 0.700992 6.0E-6 0.0 0.0 0.0 1.0
LeftHandIndex2 0.994703 0.069121 -0.076078 0.001042 -0.099636 0.46648 -0.878902 0.032932 -0.025262 0.881827 0.470897 0.0 0.0 0.0 0.0 1.0
LeftHandIndex3 0.990977 0.133912 -0.005644 0.001095 -0.133913 0.990993 1.85E-4 0.03356 0.005618 5.72E-4 0.999984 0.0 0.0 0.0 0.0 1.0
RightShoulder 0.067691 -0.979329 0.190613 -0.074603 -0.002205 -0.191198 -0.981549 0.120277 0.997704 0.066022 -0.015101 1.28E-4 0.0 0.0 0.0 1.0
RightArm 0.303766 0.941048 0.148841 0.0 -0.62692 0.315065 -0.712534 0.157184 -0.717424 0.123133 0.685668 -0.0 0.0 0.0 0.0 1.0
RightForeArm -0.163972 0.972219 -0.167043 0.0 -0.985629 -0.168437 -0.012824 0.243323 -0.040604 0.162539 0.985866 -0.0 0.0 0.0 0.0 1.0
RightHand 0.867049 -0.115255 -0.484708 -0.0 0.119783 0.992562 -0.021745 0.22105 0.483609 -0.039205 0.874406 0.0 0.0 0.0 0.0 1.0
RightHandThumb1 0.447094 0.525096 -0.724142 0.024462 -0.467296 0.827418 0.31147 0.024251 0.762719 0.199133 0.615309 0.019483 0.0 0.0 0.0 1.0
RightHandThumb2 0.974015 -0.141296 0.177003 -0.002391 0.162203 0.980634 -0.109763 0.031569 -0.158066 0.135622 0.97807 0.0 0.0 0.0 0.0 1.0
RightHandThumb3 0.998578 0.05314 -0.004321 0.00241 -0.053139 0.998587 2.31E-4 0.045062 0.004328 -1.0E-6 0.999991 0.0 0.0 0.0 0.0 1.0
RightHandIndex1 0.987617 0.150689 0.043657 0.0 -0.14143 0.975595 -0.167964 0.123753 -0.067901 0.159709 0.984826 1.2E-5 0.0 0.0 0.0 1.0
RightHandIndex2 0.998603 -0.052729 0.003523 -0.001174 0.052086 0.970774 -0.234274 0.035274 0.008933 0.23413 0.972164 0.0 0.0 0.0 0.0 1.0
RightHandIndex3 0.988568 -0.150385 0.010874 -9.54E-4 0.15039 0.988627 3.42E-4 0.031699 -0.010802 0.001297 0.999941 0.0 0.0 0.0 0.0 1.0
LeftUpLeg -0.918667 0.222461 0.326438 0.075562 0.005832 -0.818629 0.574293 -0.050384 0.394989 0.529488 0.75075 0.016543 0.0 0.0 0.0 1.0
LeftLeg 0.999506 0.030374 0.008058 -0.0 -0.025712 0.643013 0.765423 0.453272 0.018068 -0.765252 0.643477 0.0 0.0 0.0 0.0 1.0
LeftFoot 0.90294 0.352895 0.245286 0.0 -0.201018 0.851255 -0.484724 0.408386 -0.379857 0.388369 0.83957 0.0 0.0 0.0 0.0 1.0
LeftToeBase 0.973663 0.14115 0.179045 -0.0 0.006321 0.768297 -0.640062 0.212811 -0.227905 0.624336 0.747171 0.0 0.0 0.0 0.0 1.0
