Root_Bone_Name Hips
Num_Keyframes 34
Num_Bones 34
Time_Wrapping_Mode LOOP
Time 0.0
Hips 0.787132 -0.195236 -0.585069 0.199218 -0.050043 0.925237 -0.376076 0.763697 0.614751 0.3253 0.718513 -0.041364 0.0 0.0 0.0 1.0
Spine 0.999686 -0.017805 0.017636 0.0 0.02141 0.972531 -0.231785 0.090819 -0.013025 0.23209 0.972607 0.001036 0.0 0.0 0.0 1.0
Spine1 0.998347 0.027346 -0.050561 -0.0 -0.045657 0.911638 -0.408451 0.105963 0.034924 0.410084 0.911379 0.0 0.0 0.0 0.0 1.0
Spine2 0.998337 0.028317 -0.05022 0.0 -0.046402 0.911615 -0.408419 0.1211 0.034216 0.410069 0.911412 0.0 0.0 0.0 0.0 1.0
Neck 0.998613 -0.019762 0.0488 0.0 0.017132 0.998408 0.053736 0.136238 -0.049784 -0.052825 0.997362 -0.0 0.0 0.0 0.0 1.0
Head 0.922863 0.150034 0.354702 0.0 -0.338235 0.756184 0.560163 0.048508 -0.184176 -0.636927 0.748601 0.01342 0.0 0.0 0.0 1.0
LeftShoulder 0.006187 0.951167 -0.308616 0.074603 0.007209 -0.308657 -0.951146 0.120279 -0.999955 0.00366 -0.008767 2.36E-4 0.0 0.0 0.0 1.0
LeftArm 0.688086 -0.503559 -0.522463 -0.0 0.402717 0.863958 -0.302318 0.157184 0.60362 -0.002384 0.797268 -0.0 0.0 0.0 0.0 1.0
LeftForeArm 0.230098 -0.973112 -0.010397 0.0 0.973135 0.22999 0.010592 0.243319 -0.007916 -0.012555 0.99989 0.0 0.0 0.0 0.0 1.0
LeftHand 0.901478 -0.017849 -0.432457 -0.0 0.128554 0.965103 0.228146 0.221022 0.413293 -0.261262 0.872313 -0.0 0.0 0.0 0.0 1.0
LeftHandThumb1 0.744128 -0.610478 0.271276 -0.026336 0.651509 0.752958 -0.092682 0.025057 -0.14768 0.245706 0.958029 0.022961 0.0 0.0 0.0 1.0
LeftHandThumb2 0.981165 0.193156 -0.002486 0.00104 -0.193115 0.980483 -0.036869 0.034381 -0.004684 0.036655 0.999317 0.0 0.0 0.0 0.0 1.0
LeftHandThumb3 0.999283 0.037814 0.001647 -5.62E-4 -0.037849 0.998519 0.039091 0.044143 -1.66E-4 -0.039125 0.999234 0.0 0.0 0.0 0.0 1.0
LeftHandIndex1 0.999845 -0.009596 -0.014744 -0.0 0.007929 0.993986 -0.10922 0.121989 0.015703 0.109086 0.993908 6.0E-6 0.0 0.0 0.0 1.0
LeftHandIndex2 0.999802 0.019751 -0.002575 0.001042 -0.019914 0.993816 -0.109236 0.032932 4.02E-4 0.109266 0.994012 0.0 0.0 0.0 0.0 1.0
LeftHandIndex3 0.987774 0.155542 -0.010423 0.001095 -0.155747 0.981781 -0.108854 0.03356 -0.006699 0.109147 0.994003 -0.0 0.0 0.0 0.0 1.0
RightShoulder -0.05617 -0.906525 0.418398 -0.074603 -0.010867 -0.41848 -0.908161 0.120277 0.998362 -0.055558 0.013655 1.28E-4 0.0 0.0 0.0 1.0
RightArm 0.854081 0.517828 0.04898 0.0 -0.370178 0.671291 -0.642135 0.157184 -0.365395 0.530304 0.765026 0.0 0.0 0.0 0.0 1.0
RightForeArm 0.742753 0.669546 0.005228 -0.0 -0.669565 0.74272 0.006993 0.243323 7.99E-4 -0.008695 0.999962 -0.0 0.0 0.0 0.0 1.0
RightHand 0.965935 0.085474 0.244262 0.0 -0.048457 0.986924 -0.153728 0.22105 -0.254207 0.136655 0.957447 -0.0 0.0 0.0 0.0 1.0
RightHandThumb1 0.624979 0.71489 -0.313583 0.024462 -0.734205 0.674771 0.075017 0.024251 0.265225 0.18335 0.946593 0.019483 0.0 0.0 0.0 1.0
RightHandThumb2 0.957806 -0.287364 0.005498 -0.002391 0.287228 0.956306 -0.054576 0.031569 0.010426 0.053853 0.998494 0.0 0.0 0.0 0.0 1.0
RightHandThumb3 0.998792 0.04909 -0.002137 0.00241 -0.048954 0.997882 0.042845 0.045062 0.004235 -0.042689 0.999079 0.0 0.0 0.0 0.0 1.0
RightHandIndex1 0.999919 0.01274 1.71E-4 0.0 -0.012615 0.991813 -0.127073 0.123753 -0.001788 0.12706 0.991893 1.2E-5 0.0 0.0 0.0 1.0
RightHandIndex2 0.999697 -0.023259 0.008074 -0.001174 0.024096 0.991633 -0.126821 0.035274 -0.005057 0.126977 0.991893 0.0 0.0 0.0 0.0 1.0
RightHandIndex3 0.985095 -0.171242 0.016233 -9.54E-4 0.171912 0.976978 -0.126333 0.031699 0.005774 0.127241 0.991855 0.0 0.0 0.0 0.0 1.0
LeftUpLeg -0.987322 0.147045 -0.059775 0.075562 -0.067839 -0.050452 0.99642 -0.050384 0.143503 0.987842 0.059788 0.016543 0.0 0.0 0.0 1.0
LeftLeg 0.989665 0.005472 -0.143293 0.0 0.136043 -0.351724 0.926165 0.453272 -0.045331 -0.936088 -0.348834 0.0 0.0 0.0 0.0 1.0
LeftFoot 0.991237 0.04118 -0.125515 0.0 -0.131955 0.264525 -0.955308 0.408386 -0.006138 0.963499 0.267641 0.0 0.0 0.0 0.0 1.0
LeftToeBase 0.974171 0.140307 0.17693 0.0 0.0 0.783535 -0.621348 0.212811 -0.22581 0.605299 0.763297 0.0 0.0 0.0 0.0 1.0
RightUpLeg -0.980437 0.173508 -0.092938 -0.075562 -0.111665 -0.101474 0.988551 -0.050384 0.162091 0.979591 0.118864 0.020546 0.0 0.0 0.0 1.0
RightLeg 0.984772 -2.53E-4 0.17385 -0.0 -0.173577 -0.05739 0.983147 0.453812 0.009728 -0.998352 -0.05656 0.0 0.0 0.0 0.0 1.0
RightFoot 0.993009 0.08868 0.077907 0.0 0.062284 0.16701 -0.983986 0.407804 -0.100271 0.981959 0.160319 -0.0 0.0 0.0 0.0 1.0
RightToeBase 0.974677 -0.140816 -0.173714 0.0 -0.009375 0.750413 -0.660903 0.209222 0.223422 0.645795 0.73009 0.0 0.0 0.0 0.0 1.0
Time 0.033333
Hips 0.811362 -0.219955 -0.541583 0.202866 7.4E-5 0.926543 -0.376189 0.768629 0.584544 0.305185 0.751778 -0.049631 0.0 0.0 0.0 1.0
Spine 0.999963 -0.008419 0.001537 -0.0 0.008546 0.972406 -0.233137 0.090819 4.69E-4 0.233142 0.972443 0.001036 0.0 0.0 0.0 1.0
Spine1 0.997677 0.031865 -0.060215 -0.0 -0.053847 0.910289 -0.410457 0.105963 0.041734 0.412746 0.909889 0.0 0.0 0.0 0.0 1.0
Spine2 0.997668 0.033031 -0.059732 -0.0 -0.054709 0.910255 -0.410418 0.1211 0.040815 0.412729 0.909939 0.0 0.0 0.0 0.0 1.0
Neck 0.998651 -0.024976 0.045517 -0.0 0.022833 0.998633 0.04702 0.136238 -0.046629 -0.045917 0.997856 -0.0 0.0 0.0 0.0 1.0
Head 0.927963 0.146795 0.342544 -0.0 -0.328784 0.755229 0.567037 0.048508 -0.17546 -0.638812 0.749088 0.01342 0.0 0.0 0.0 1.0
LeftShoulder 0.009775 0.950727 -0.309874 0.074603 0.007396 -0.309949 -0.950725 0.120279 -0.999925 0.007002 -0.010061 2.36E-4 0.0 0.0 0.0 1.0
LeftArm 0.685981 -0.493869 -0.534344 -0.0 0.409357 0.869078 -0.277722 0.157184 0.601546 -0.028226 0.79834 -0.0 0.0 0.0 0.0 1.0
LeftForeArm 0.230777 -0.972951 -0.01039 0.0 0.972975 0.23067 0.010589 0.243319 -0.007906 -0.012553 0.99989 0.0 0.0 0.0 0.0 1.0
LeftHand 0.899132 -0.019587 -0.43724 0.0 0.129571 0.96613 0.223167 0.221022 0.418059 -0.25731 0.871216 0.0 0.0 0.0 0.0 1.0
LeftHandThumb1 0.744128 -0.610478 0.271276 -0.026336 0.651509 0.752958 -0.092682 0.025057 -0.147679 0.245706 0.958029 0.022961 0.0 0.0 0.0 1.0
LeftHandThumb2 0.981165 0.193156 -0.002486 0.00104 -0.193115 0.980483 -0.036869 0.034381 -0.004684 0.036655 0.999317 0.0 0.0 0.0 0.0 1.0
LeftHandThumb3 0.999283 0.037814 0.001647 -5.62E-4 -0.03785 0.998519 0.039091 0.044143 -1.67E-4 -0.039125 0.999234 0.0 0.0 0.0 0.0 1.0
LeftHandIndex1 0.999845 -0.009596 -0.014744 -0.0 0.00793 0.993986 -0.10922 0.121989 0.015704 0.109086 0.993908 6.0E-6 0.0 0.0 0.0 1.0
LeftHandIndex2 0.999802 0.019752 -0.002575 0.001042 -0.019915 0.993816 -0.109237 0.032932 4.02E-4 0.109266 0.994012 0.0 0.0 0.0 0.0 1.0
LeftHandIndex3 0.987774 0.155542 -0.010422 0.001095 -0.155747 0.981781 -0.108854 0.03356 -0.006699 0.109147 0.994003 0.0 0.0 0.0 0.0 1.0
RightShoulder -0.062097 -0.903949 0.423107 -0.074603 -0.010905 -0.423286 -0.905931 0.120277 0.998011 -0.06087 0.016427 1.28E-4 0.0 0.0 0.0 1.0
RightArm 0.829037 0.558598 0.025809 -0.0 -0.42327 0.657015 -0.623838 0.157184 -0.365431 0.506261 0.781127 0.0 0.0 0.0 0.0 1.0
RightForeArm 0.63388 0.773405 0.006376 0.0 -0.773427 0.633828 0.008546 0.243323 0.002569 -0.010348 0.999943 -0.0 0.0 0.0 0.0 1.0
RightHand 0.934099 0.109661 0.339755 0.0 -0.073448 0.990328 -0.11771 0.22105 -0.349377 0.084999 0.933119 -0.0 0.0 0.0 0.0 1.0
RightHandThumb1 0.624979 0.71489 -0.313583 0.024462 -0.734205 0.67477 0.075017 0.024251 0.265225 0.18335 0.946593 0.019483 0.0 0.0 0.0 1.0
RightHandThumb2 0.957806 -0.287365 0.005498 -0.002391 0.287228 0.956306 -0.054576 0.031569 0.010426 0.053853 0.998494 0.0 0.0 0.0 0.0 1.0
RightHandThumb3 0.998792 0.04909 -0.002136 0.00241 -0.048954 0.997882 0.042845 0.045062 0.004235 -0.042688 0.999079 0.0 0.0 0.0 0.0 1.0
RightHandIndex1 0.999919 0.01274 1.71E-4 0.0 -0.012615 0.991813 -0.127073 0.123753 -0.001788 0.12706 0.991893 1.2E-5 0.0 0.0 0.0 1.0
RightHandIndex2 0.999697 -0.023259 0.008074 -0.001174 0.024096 0.991633 -0.126821 0.035274 -0.005056 0.126977 0.991893 0.0 0.0 0.0 0.0 1.0
RightHandIndex3 0.985095 -0.171242 0.016233 -9.54E-4 0.171912 0.976978 -0.126333 0.031699 0.005774 0.127241 0.991855 0.0 0.0 0.0 0.0 1.0
LeftUpLeg -0.992413 0.10199 -0.06866 0.075562 -0.070654 -0.016071 0.997371 -0.050384 0.100619 0.994656 0.023155 0.016543 0.0 0.0 0.0 1.0
LeftLeg 0.987441 0.006478 -0.157853 0.0 0.155545 -0.214806 0.964191 0.453272 -0.027661 -0.976635 -0.213116 0.0 0.0 0.0 0.0 1.0
LeftFoot 0.994435 0.036214 -0.098931 0.0 -0.104974 0.261248 -0.959547 0.408386 -0.008903 0.964592 0.263595 -0.0 0.0 0.0 0.0 1.0
LeftToeBase 0.974171 0.140307 0.17693 -0.0 0.0 0.783535 -0.621348 0.212811 -0.22581 0.605299 0.763297 0.0 0.0 0.0 0.0 1.0
RightUpLeg -0.994011 0.106876 -0.022778 -0.075562 -0.038408 -0.146547 0.988458 -0.050384 0.102305 0.983413 0.149774 0.020546 0.0 0.0 0.0 1.0
RightLeg 0.98517 -2.26E-4 0.171578 0.0 -0.17061 -0.107373 0.979471 0.453812 0.018202 -0.994219 -0.105819 0.0 0.0 0.0 0.0 1.0
RightFoot 0.993325 0.06172 0.097444 0.0 0.087197 0.15121 -0.984648 0.407804 -0.075507 0.986573 0.144819 0.0 0.0 0.0 0.0 1.0
RightToeBase 0.974056 -0.141821 -0.176356 0.0 -0.025661 0.705038 -0.708705 0.209222 0.224847 0.694844 0.683107 0.0 0.0 0.0 0.0 1.0
Time 0.066667
Hips 0.8349 -0.248564 -0.491078 0.207309 0.051177 0.923411 -0.380385 0.772709 0.548017 0.292452 0.783677 -0.058665 0.0 0.0 0.0 1.0
Spine 0.999895 5.19E-4 -0.014511 -0.0 -0.003895 0.97232 -0.23362 0.090819 0.013989 0.233652 0.97222 0.001036 0.0 0.0 0.0 1.0
Spine1 0.996924 0.035473 -0.069886 0.0 -0.061194 0.909435 -0.411318 0.105963 0.048966 0.414329 0.908809 -0.0 0.0 0.0 0.0 1.0
Spine2 0.996918 0.036822 -0.069272 0.0 -0.062168 0.909384 -0.411286 0.1211 0.04785 0.414325 0.90887 0.0 0.0 0.0 0.0 1.0
Neck 0.998666 -0.03022 0.04187 -0.0 0.028574 0.998816 0.039361 0.136238 -0.04301 -0.038112 0.998347 -0.0 0.0 0.0 0.0 1.0
Head 0.933419 0.143438 0.328868 0.0 -0.318755 0.752276 0.576607 0.048508 -0.164692 -0.643044 0.747911 0.01342 0.0 0.0 0.0 1.0
LeftShoulder 0.014129 0.949941 -0.312111 0.074603 0.007623 -0.312235 -0.949974 0.120279 -0.999871 0.011043 -0.011653 2.36E-4 0.0 0.0 0.0 1.0
LeftArm 0.682058 -0.482372 -0.54965 0.0 0.419323 0.873743 -0.246459 0.157184 0.599137 -0.062382 0.798213 -0.0 0.0 0.0 0.0 1.0
LeftForeArm 0.223451 -0.974659 -0.010469 -0.0 0.974682 0.223342 0.010611 0.243319 -0.008004 -0.012575 0.999889 0.0 0.0 0.0 0.0 1.0
LeftHand 0.899717 -0.027117 -0.43563 0.0 0.133435 0.967373 0.215369 0.221022 0.415576 -0.251899 0.873981 0.0 0.0 0.0 0.0 1.0
LeftHandThumb1 0.744128 -0.610478 0.271276 -0.026336 0.651509 0.752958 -0.092682 0.025057 -0.147679 0.245706 0.958029 0.022961 0.0 0.0 0.0 1.0
LeftHandThumb2 0.981165 0.193155 -0.002486 0.00104 -0.193115 0.980483 -0.036869 0.034381 -0.004684 0.036655 0.999317 0.0 0.0 0.0 0.0 1.0
LeftHandThumb3 0.999283 0.037814 0.001647 -5.62E-4 -0.03785 0.998519 0.039091 0.044143 -1.67E-4 -0.039125 0.999234 0.0 0.0 0.0 0.0 1.0
LeftHandIndex1 0.999845 -0.009596 -0.014744 0.0 0.007929 0.993986 -0.10922 0.121989 0.015704 0.109086 0.993908 6.0E-6 0.0 0.0 0.0 1.0
LeftHandIndex2 0.999802 0.019751 -0.002575 0.001042 -0.019915 0.993816 -0.109236 0.032932 4.01E-4 0.109266 0.994012 0.0 0.0 0.0 0.0 1.0
LeftHandIndex3 0.987774 0.155542 -0.010422 0.001095 -0.155747 0.981781 -0.108854 0.03356 -0.006699 0.109147 0.994003 0.0 0.0 0.0 0.0 1.0
RightShoulder -0.067235 -0.901622 0.427266 -0.074603 -0.010974 -0.427541 -0.903929 0.120277 0.997677 -0.065465 0.018851 1.28E-4 0.0 0.0 0.0 1.0
RightArm 0.80035 0.599512 0.004967 0.0 -0.473914 0.637707 -0.607236 0.157184 -0.367213 0.483647 0.794506 0.0 0.0 0.0 0.0 1.0
RightForeArm 0.510813 0.859658 0.007632 -0.0 -0.859684 0.510749 0.00893 0.243323 0.003779 -0.011122 0.999931 -0.0 0.0 0.0 0.0 1.0
RightHand 0.894674 0.133567 0.426283 -0.0 -0.107678 0.990598 -0.084391 0.22105 -0.433547 0.029601 0.900645 -0.0 0.0 0.0 0.0 1.0
RightHandThumb1 0.624978 0.71489 -0.313583 0.024462 -0.734205 0.67477 0.075017 0.024251 0.265226 0.18335 0.946593 0.019483 0.0 0.0 0.0 1.0
RightHandThumb2 0.957806 -0.287364 0.005498 -0.002391 0.287228 0.956306 -0.054576 0.031569 0.010426 0.053853 0.998494 0.0 0.0 0.0 0.0 1.0
RightHandThumb3 0.998792 0.04909 -0.002136 0.00241 -0.048954 0.997882 0.042845 0.045062 0.004235 -0.042688 0.999079 0.0 0.0 0.0 0.0 1.0
RightHandIndex1 0.999919 0.01274 1.71E-4 -0.0 -0.012615 0.991813 -0.127073 0.123753 -0.001788 0.12706 0.991893 1.2E-5 0.0 0.0 0.0 1.0
RightHandIndex2 0.999697 -0.023259 0.008074 -0.001174 0.024096 0.991633 -0.126821 0.035274 -0.005056 0.126977 0.991893 0.0 0.0 0.0 0.0 1.0
RightHandIndex3 0.985095 -0.171242 0.016233 -9.54E-4 0.171912 0.976978 -0.126333 0.031699 0.005774 0.127241 0.991855 -0.0 0.0 0.0 0.0 1.0
LeftUpLeg -0.995547 0.05584 -0.075951 0.075562 -0.074824 0.022 0.996954 -0.050384 0.057341 0.998197 -0.017724 0.016543 0.0 0.0 0.0 1.0
LeftLeg 0.985206 0.006033 -0.17127 0.0 0.171282 -0.067855 0.982883 0.453272 -0.005692 -0.997677 -0.067884 -0.0 0.0 0.0 0.0 1.0
LeftFoot 0.99706 0.033343 -0.068993 -0.0 -0.075427 0.268289 -0.960381 0.408386 -0.013512 0.962761 0.270015 0.0 0.0 0.0 0.0 1.0
LeftToeBase 0.974171 0.140307 0.17693 0.0 0.0 0.783535 -0.621348 0.212811 -0.22581 0.6053 0.763297 0.0 0.0 0.0 0.0 1.0
RightUpLeg -0.998257 0.034964 0.047543 -0.075562 0.040745 -0.174454 0.983822 -0.050384 0.042693 0.984044 0.172725 0.020546 0.0 0.0 0.0 1.0
RightLeg 0.986166 -8.0E-5 0.165763 -0.0 -0.163724 -0.156821 0.973962 0.453812 0.025917 -0.987627 -0.154664 0.0 0.0 0.0 0.0 1.0
RightFoot 0.992725 0.032821 0.115848 -0.0 0.110494 0.13399 -0.984803 0.407804 -0.047845 0.990439 0.129389 0.0 0.0 0.0 0.0 1.0
RightToeBase 0.973326 -0.143245 -0.179214 0.0 -0.042169 0.656133 -0.753466 0.209222 0.225519 0.740926 0.63259 0.0 0.0 0.0 0.0 1.0
Time 0.1
Hips 0.846933 -0.265929 -0.46042 0.21225 0.085729 0.922908 -0.375355 0.773625 0.524744 0.278429 0.804439 -0.066883 0.0 0.0 0.0 1.0
Spine 0.999684 0.004373 -0.024748 0.0 -0.010002 0.97263 -0.232145 0.090819 0.023055 0.232319 0.972366 0.001036 0.0 0.0 0.0 1.0
Spine1 0.996341 0.037376 -0.076859 0.0 -0.065762 0.909647 -0.410143 0.105963 0.054585 0.413697 0.908777 0.0 0.0 0.0 0.0 1.0
Spine2 0.996363 0.038846 -0.07584 0.0 -0.066684 0.909559 -0.41019 0.1211 0.053046 0.413756 0.908841 -0.0 0.0 0.0 0.0 1.0
Neck 0.998649 -0.033347 0.039855 0.0 0.031917 0.998842 0.035988 0.136238 -0.041009 -0.034667 0.998557 -0.0 0.0 0.0 0.0 1.0
Head 0.934361 0.147258 0.324477 -0.0 -0.319776 0.748273 0.581233 0.048508 -0.157206 -0.646841 0.746246 0.01342 0.0 0.0 0.0 1.0
LeftShoulder 0.017263 0.949146 -0.314364 0.074603 0.007794 -0.314529 -0.949216 0.120279 -0.999821 0.013936 -0.012827 2.36E-4 0.0 0.0 0.0 1.0
LeftArm 0.688336 -0.469833 -0.552677 0.0 0.417738 0.879625 -0.227498 0.157184 0.593034 -0.074279 0.801744 -0.0 0.0 0.0 0.0 1.0
LeftForeArm 0.208798 -0.977901 -0.010629 0.0 0.977924 0.208688 0.010645 0.243319 -0.008191 -0.012617 0.999887 0.0 0.0 0.0 0.0 1.0
LeftHand 0.9037 -0.037492 -0.426521 -0.0 0.135145 0.970212 0.201057 0.221022 0.406278 -0.239337 0.881848 -0.0 0.0 0.0 0.0 1.0
LeftHandThumb1 0.744128 -0.610478 0.271276 -0.026336 0.651509 0.752958 -0.092682 0.025057 -0.14768 0.245706 0.958029 0.022961 0.0 0.0 0.0 1.0
LeftHandThumb2 0.981165 0.193155 -0.002486 0.00104 -0.193115 0.980483 -0.036869 0.034381 -0.004684 0.036655 0.999317 0.0 0.0 0.0 0.0 1.0
LeftHandThumb3 0.999283 0.037814 0.001648 -5.62E-4 -0.037849 0.998519 0.039091 0.044143 -1.67E-4 -0.039125 0.999234 0.0 0.0 0.0 0.0 1.0
LeftHandIndex1 0.999845 -0.009596 -0.014744 0.0 0.007929 0.993986 -0.10922 0.121989 0.015703 0.109086 0.993908 6.0E-6 0.0 0.0 0.0 1.0
LeftHandIndex2 0.999802 0.019752 -0.002575 0.001042 -0.019915 0.993816 -0.109236 0.032932 4.01E-4 0.109266 0.994012 0.0 0.0 0.0 0.0 1.0
LeftHandIndex3 0.987774 0.155542 -0.010422 0.001095 -0.155747 0.981781 -0.108854 0.03356 -0.006699 0.109147 0.994003 0.0 0.0 0.0 0.0 1.0
RightShoulder -0.069051 -0.901038 0.428208 -0.074603 -0.010995 -0.428519 -0.903466 0.120277 0.997553 -0.067093 0.019683 1.28E-4 0.0 0.0 0.0 1.0
RightArm 0.784396 0.62026 -2.17E-4 -0.0 -0.498727 0.630495 -0.594767 0.157184 -0.368774 0.466641 0.803898 0.0 0.0 0.0 0.0 1.0
RightForeArm 0.393912 0.919105 0.008861 0.0 -0.919132 0.393831 0.009614 0.243323 0.005347 -0.011931 0.999915 -0.0 0.0 0.0 0.0 1.0
RightHand 0.875397 0.142839 0.46182 -0.0 -0.131719 0.98968 -0.056428 0.22105 -0.465114 -0.011434 0.885177 -0.0 0.0 0.0 0.0 1.0
RightHandThumb1 0.624978 0.71489 -0.313583 0.024462 -0.734205 0.67477 0.075017 0.024251 0.265226 0.18335 0.946593 0.019483 0.0 0.0 0.0 1.0
RightHandThumb2 0.957806 -0.287364 0.005498 -0.002391 0.287228 0.956306 -0.054576 0.031569 0.010426 0.053853 0.998494 0.0 0.0 0.0 0.0 1.0
RightHandThumb3 0.998792 0.04909 -0.002136 0.00241 -0.048954 0.997882 0.042845 0.045062 0.004235 -0.042688 0.999079 -0.0 0.0 0.0 0.0 1.0
RightHandIndex1 0.999919 0.01274 1.71E-4 0.0 -0.012615 0.991813 -0.127073 0.123753 -0.001788 0.127061 0.991893 1.2E-5 0.0 0.0 0.0 1.0
RightHandIndex2 0.999697 -0.023259 0.008074 -0.001174 0.024096 0.991633 -0.126821 0.035274 -0.005056 0.126977 0.991893 0.0 0.0 0.0 0.0 1.0
RightHandIndex3 0.985095 -0.171242 0.016233 -9.54E-4 0.171912 0.976978 -0.126333 0.031699 0.005774 0.127241 0.991855 -0.0 0.0 0.0 0.0 1.0
LeftUpLeg -0.994903 0.029754 -0.096342 0.075562 -0.09529 0.034946 0.994836 -0.050384 0.032967 0.998946 -0.031932 0.016543 0.0 0.0 0.0 1.0
LeftLeg 0.98414 0.005788 -0.1773 0.0 0.176019 0.092358 0.980045 0.453272 0.022048 -0.995709 0.089874 0.0 0.0 0.0 0.0 1.0
LeftFoot 0.999175 0.021034 -0.034746 0.0 -0.039327 0.287138 -0.957082 0.408386 -0.010155 0.957658 0.287728 0.0 0.0 0.0 0.0 1.0
LeftToeBase 0.974171 0.140307 0.17693 0.0 0.0 0.783534 -0.621348 0.212811 -0.22581 0.6053 0.763297 -0.0 0.0 0.0 0.0 1.0
RightUpLeg -0.995378 -0.019652 0.094002 -0.075562 0.096032 -0.196735 0.975742 -0.050384 -6.82E-4 0.98026 0.197713 0.020546 0.0 0.0 0.0 1.0
RightLeg 0.985743 5.93E-4 0.168259 0.0 -0.164724 -0.200539 0.965738 0.453812 0.034316 -0.979686 -0.197582 0.0 0.0 0.0 0.0 1.0
RightFoot 0.993121 0.033621 0.112159 -0.0 0.10709 0.126535 -0.986165 0.407804 -0.047348 0.991392 0.122064 -0.0 0.0 0.0 0.0 1.0
RightToeBase 0.97304 -0.143993 -0.180162 0.0 -0.049941 0.631079 -0.774109 0.209222 0.225163 0.762237 0.606874 0.0 0.0 0.0 0.0 1.0
Time 0.133333
Hips 0.847223 -0.268108 -0.458618 0.217357 0.099369 0.928045 -0.358968 0.770612 0.52186 0.258553 0.812903 -0.071875 0.0 0.0 0.0 1.0
Spine 0.999608 0.002276 -0.027895 0.0 -0.008615 0.97331 -0.229332 0.090819 0.026629 0.229482 0.972948 0.001036 0.0 0.0 0.0 1.0
Spine1 0.996038 0.037358 -0.080701 -0.0 -0.067182 0.910678 -0.407617 0.105963 0.058265 0.411424 0.90958 0.0 0.0 0.0 0.0 1.0
Spine2 0.99612 0.038915 -0.078937 0.0 -0.067889 0.910533 -0.407825 0.1211 0.056004 0.411601 0.909642 0.0 0.0 0.0 0.0 1.0
Neck 0.998669 -0.032368 0.040151 0.0 0.03086 0.998815 0.037625 0.136238 -0.041321 -0.036336 0.998485 -0.0 0.0 0.0 0.0 1.0
Head 0.93073 0.156923 0.330329 0.0 -0.330987 0.745601 0.578383 0.048508 -0.155532 -0.647653 0.745892 0.01342 0.0 0.0 0.0 1.0
LeftShoulder 0.016409 0.947202 -0.320216 0.074603 0.007878 -0.320372 -0.947259 0.120279 -0.999834 0.013021 -0.012719 2.36E-4 0.0 0.0 0.0 1.0
LeftArm 0.703862 -0.456623 -0.544126 0.0 0.402844 0.887515 -0.223684 0.157184 0.585059 -0.061755 0.808636 -0.0 0.0 0.0 0.0 1.0
LeftForeArm 0.191501 -0.981433 -0.010817 0.0 0.981456 0.191388 0.010683 0.243319 -0.008414 -0.012662 0.999884 0.0 0.0 0.0 0.0 1.0
LeftHand 0.90774 -0.045622 -0.417046 -0.0 0.133352 0.973892 0.183716 0.221022 0.397776 -0.22238 0.890124 0.0 0.0 0.0 0.0 1.0
LeftHandThumb1 0.744128 -0.610478 0.271276 -0.026336 0.651509 0.752958 -0.092682 0.025057 -0.147679 0.245706 0.958029 0.022961 0.0 0.0 0.0 1.0
LeftHandThumb2 0.981165 0.193156 -0.002486 0.00104 -0.193115 0.980483 -0.036869 0.034381 -0.004684 0.036655 0.999317 0.0 0.0 0.0 0.0 1.0
LeftHandThumb3 0.999283 0.037814 0.001647 -5.62E-4 -0.03785 0.998519 0.039091 0.044143 -1.67E-4 -0.039125 0.999234 0.0 0.0 0.0 0.0 1.0
LeftHandIndex1 0.999845 -0.009596 -0.014744 0.0 0.007929 0.993986 -0.10922 0.121989 0.015703 0.109086 0.993908 6.0E-6 0.0 0.0 0.0 1.0
LeftHandIndex2 0.999802 0.019751 -0.002575 0.001042 -0.019915 0.993816 -0.109236 0.032932 4.01E-4 0.109266 0.994012 0.0 0.0 0.0 0.0 1.0
LeftHandIndex3 0.987774 0.155542 -0.010423 0.001095 -0.155747 0.981781 -0.108854 0.03356 -0.006699 0.109147 0.994003 0.0 0.0 0.0 0.0 1.0
RightShoulder -0.068239 -0.901988 0.426334 -0.074603 -0.010946 -0.426628 -0.904361 0.120277 0.997609 -0.066379 0.01924 1.28E-4 0.0 0.0 0.0 1.0
RightArm 0.782621 0.622456 0.007292 0.0 -0.502974 0.63921 -0.581745 0.157184 -0.366772 0.451619 0.813338 0.0 0.0 0.0 0.0 1.0
RightForeArm 0.293546 0.955894 0.00992 0.0 -0.955922 0.293451 0.009985 0.243323 0.006633 -0.012413 0.999901 -0.0 0.0 0.0 0.0 1.0
RightHand 0.882181 0.138286 0.450149 -0.0 -0.138187 0.989847 -0.033269 0.22105 -0.45018 -0.032856 0.892333 -0.0 0.0 0.0 0.0 1.0
RightHandThumb1 0.624979 0.71489 -0.313582 0.024462 -0.734205 0.67477 0.075017 0.024251 0.265225 0.18335 0.946593 0.019483 0.0 0.0 0.0 1.0
RightHandThumb2 0.957806 -0.287364 0.005498 -0.002391 0.287228 0.956306 -0.054576 0.031569 0.010426 0.053852 0.998494 -0.0 0.0 0.0 0.0 1.0
RightHandThumb3 0.998792 0.04909 -0.002136 0.00241 -0.048954 0.997882 0.042845 0.045062 0.004235 -0.042688 0.999079 0.0 0.0 0.0 0.0 1.0
RightHandIndex1 0.999919 0.01274 1.71E-4 0.0 -0.012615 0.991813 -0.127073 0.123753 -0.001788 0.12706 0.991893 1.2E-5 0.0 0.0 0.0 1.0
RightHandIndex2 0.999697 -0.023259 0.008074 -0.001174 0.024096 0.991633 -0.126821 0.035274 -0.005057 0.126977 0.991893 0.0 0.0 0.0 0.0 1.0
RightHandIndex3 0.985095 -0.171242 0.016233 -9.54E-4 0.171912 0.976978 -0.126334 0.031699 0.005775 0.127241 0.991855 -0.0 0.0 0.0 0.0 1.0
LeftUpLeg -0.991145 0.02921 -0.129533 0.075562 -0.129064 0.017431 0.991483 -0.050384 0.031219 0.999421 -0.013506 0.016543 0.0 0.0 0.0 1.0
LeftLeg 0.983835 0.005519 -0.178993 0.0 0.172189 0.245418 0.954003 0.453272 0.049193 -0.969402 0.240501 0.0 0.0 0.0 0.0 1.0
LeftFoot 0.999975 0.006954 0.001014 -0.0 -0.001165 0.306363 -0.951914 0.408386 -0.00693 0.951889 0.306363 0.0 0.0 0.0 0.0 1.0
LeftToeBase 0.974171 0.140307 0.17693 -0.0 -0.0 0.783535 -0.621348 0.212811 -0.22581 0.6053 0.763297 0.0 0.0 0.0 0.0 1.0
RightUpLeg -0.992176 -0.055721 0.111719 -0.075562 0.121537 -0.22652 0.966394 -0.050384 -0.028542 0.972411 0.23152 0.020546 0.0 0.0 0.0 1.0
RightLeg 0.982669 9.11E-4 0.185367 0.0 -0.179595 -0.242966 0.953264 0.453812 0.045907 -0.970034 -0.238592 0.0 0.0 0.0 0.0 1.0
RightFoot 0.99398 0.060037 0.091643 -0.0 0.084219 0.11628 -0.989639 0.407804 -0.070071 0.9914 0.110524 0.0 0.0 0.0 0.0 1.0
RightToeBase 0.974268 -0.144206 -0.173222 -0.0 -0.04643 0.62365 -0.780324 0.209222 0.220557 0.768287 0.600907 0.0 0.0 0.0 0.0 1.0
Time 0.166667
Hips 0.846883 -0.264262 -0.461469 0.223987 0.101811 0.932305 -0.347046 0.762512 0.521941 0.246925 0.816459 -0.071126 0.0 0.0 0.0 1.0
Spine 0.999582 -0.002705 -0.028786 0.0 -0.003879 0.974068 -0.226221 0.090819 0.028652 0.226238 0.973651 0.001036 0.0 0.0 0.0 1.0
Spine1 0.996011 0.033431 -0.08273 0.0 -0.064215 0.912302 -0.404453 0.105963 0.061954 0.408152 0.910809 0.0 0.0 0.0 0.0 1.0
Spine2 0.996162 0.035064 -0.080195 0.0 -0.064696 0.912093 -0.404846 0.1211 0.05895 0.408481 0.910861 0.0 0.0 0.0 0.0 1.0
Neck 0.998829 -0.025058 0.041391 -0.0 0.023437 0.998956 0.039205 0.136238 -0.04233 -0.038189 0.998374 -0.0 0.0 0.0 0.0 1.0
Head 0.927602 0.16533 0.334995 0.0 -0.3396 0.746823 0.571775 0.048508 -0.15565 -0.644144 0.7489 0.01342 0.0 0.0 0.0 1.0
LeftShoulder 0.011437 0.941949 -0.335562 0.074603 0.008049 -0.33566 -0.941949 0.120279 -0.999902 0.008073 -0.011421 2.36E-4 0.0 0.0 0.0 1.0
LeftArm 0.712144 -0.443361 -0.544318 0.0 0.389908 0.894553 -0.218511 0.157184 0.5838 -0.056623 0.80992 -0.0 0.0 0.0 0.0 1.0
LeftForeArm 0.169651 -0.985442 -0.011054 0.0 0.985466 0.169535 0.010736 0.243319 -0.008706 -0.012715 0.999881 0.0 0.0 0.0 0.0 1.0
LeftHand 0.90945 -0.049717 -0.412831 -0.0 0.130777 0.976644 0.170481 0.221022 0.394713 -0.209033 0.894711 0.0 0.0 0.0 0.0 1.0
LeftHandThumb1 0.744128 -0.610478 0.271276 -0.026336 0.651509 0.752958 -0.092682 0.025057 -0.147679 0.245706 0.958029 0.022961 0.0 0.0 0.0 1.0
LeftHandThumb2 0.981165 0.193156 -0.002486 0.00104 -0.193115 0.980483 -0.036869 0.034381 -0.004684 0.036655 0.999317 0.0 0.0 0.0 0.0 1.0
LeftHandThumb3 0.999283 0.037814 0.001647 -5.62E-4 -0.03785 0.998519 0.039091 0.044143 -1.67E-4 -0.039125 0.999234 0.0 0.0 0.0 0.0 1.0
LeftHandIndex1 0.999845 -0.009596 -0.014744 0.0 0.007929 0.993986 -0.10922 0.121989 0.015704 0.109086 0.993908 6.0E-6 0.0 0.0 0.0 1.0
LeftHandIndex2 0.999802 0.019751 -0.002575 0.001042 -0.019914 0.993816 -0.109236 0.032932 4.01E-4 0.109266 0.994012 0.0 0.0 0.0 0.0 1.0
LeftHandIndex3 0.987774 0.155542 -0.010422 0.001095 -0.155747 0.981781 -0.108854 0.03356 -0.006699 0.109147 0.994003 0.0 0.0 0.0 0.0 1.0
RightShoulder -0.066259 -0.903985 0.422398 -0.074603 -0.010863 -0.42265 -0.906228 0.120277 0.997743 -0.064634 0.018185 1.28E-4 0.0 0.0 0.0 1.0
RightArm 0.781095 0.624239 0.014703 -0.0 -0.508303 0.649351 -0.56566 0.157184 -0.362655 0.434361 0.824507 0.0 0.0 0.0 0.0 1.0
RightForeArm 0.210331 0.977571 0.010784 0.0 -0.977599 0.210223 0.010349 0.243323 0.00785 -0.012719 0.999888 -0.0 0.0 0.0 0.0 1.0
RightHand 0.894815 0.135797 0.425283 0.0 -0.144324 0.989454 -0.012279 0.22105 -0.422466 -0.050391 0.904977 -0.0 0.0 0.0 0.0 1.0
RightHandThumb1 0.624978 0.71489 -0.313583 0.024462 -0.734205 0.67477 0.075017 0.024251 0.265225 0.18335 0.946593 0.019483 0.0 0.0 0.0 1.0
RightHandThumb2 0.957806 -0.287364 0.005498 -0.002391 0.287228 0.956306 -0.054576 0.031569 0.010426 0.053852 0.998494 -0.0 0.0 0.0 0.0 1.0
RightHandThumb3 0.998792 0.04909 -0.002136 0.00241 -0.048954 0.997882 0.042845 0.045062 0.004235 -0.042688 0.999079 0.0 0.0 0.0 0.0 1.0
RightHandIndex1 0.999919 0.01274 1.71E-4 -0.0 -0.012615 0.991813 -0.127073 0.123753 -0.001788 0.12706 0.991893 1.2E-5 0.0 0.0 0.0 1.0
RightHandIndex2 0.999697 -0.023259 0.008074 -0.001174 0.024096 0.991633 -0.126821 0.035274 -0.005057 0.126977 0.991893 0.0 0.0 0.0 0.0 1.0
RightHandIndex3 0.985095 -0.171242 0.016233 -9.54E-4 0.171912 0.976978 -0.126334 0.031699 0.005775 0.127241 0.991855 0.0 0.0 0.0 0.0 1.0
LeftUpLeg -0.986028 0.045421 -0.160265 0.075562 -0.160227 0.004505 0.98707 -0.050384 0.045556 0.998958 0.002836 0.016543 0.0 0.0 0.0 1.0
LeftLeg 0.987959 0.004589 -0.154651 0.0 0.143373 0.348561 0.926256 0.453272 0.058156 -0.937275 0.343706 0.0 0.0 0.0 0.0 1.0
LeftFoot 0.998431 0.046223 -0.031596 0.0 -0.046139 0.359541 -0.931988 0.408386 -0.031719 0.931984 0.361109 0.0 0.0 0.0 0.0 1.0
LeftToeBase 0.974171 0.140307 0.17693 0.0 0.0 0.783535 -0.621348 0.212811 -0.22581 0.6053 0.763297 -0.0 0.0 0.0 0.0 1.0
RightUpLeg -0.987037 -0.095558 0.128945 -0.075562 0.14952 -0.255529 0.955169 -0.050384 -0.058325 0.962067 0.266505 0.020546 0.0 0.0 0.0 1.0
RightLeg 0.978279 9.31E-4 0.20729 0.0 -0.198097 -0.290326 0.936199 0.453812 0.061053 -0.956927 -0.283835 -0.0 0.0 0.0 0.0 1.0
RightFoot 0.994632 0.061592 0.083144 -0.0 0.077279 0.092161 -0.992741 0.407804 -0.068808 0.993837 0.086907 0.0 0.0 0.0 0.0 1.0
RightToeBase 0.975715 -0.144527 -0.164595 0.0 -0.044261 0.60584 -0.794355 0.209222 0.214524 0.782349 0.58473 -0.0 0.0 0.0 0.0 1.0
Time 0.2
Hips 0.844276 -0.258298 -0.469553 0.23007 0.098888 0.936223 -0.337205 0.750506 0.526706 0.23826 0.815973 -0.067912 0.0 0.0 0.0 1.0
Spine 0.999574 -0.004779 -0.028798 0.0 -0.001789 0.974622 -0.223852 0.090819 0.029137 0.223808 0.974198 0.001036 0.0 0.0 0.0 1.0
Spine1 0.996146 0.031259 -0.081957 0.0 -0.061703 0.913802 -0.401446 0.105963 0.062344 0.404956 0.912208 0.0 0.0 0.0 0.0 1.0
Spine2 0.996314 0.032833 -0.079243 -0.0 -0.062071 0.913583 -0.401887 0.1211 0.0592 0.405324 0.912254 0.0 0.0 0.0 0.0 1.0
Neck 0.998954 -0.015967 0.042853 0.0 0.014228 0.999075 0.040576 0.136238 -0.043461 -0.039924 0.998257 -0.0 0.0 0.0 0.0 1.0
Head 0.925372 0.17224 0.337668 0.0 -0.344894 0.752175 0.561499 0.048508 -0.157273 -0.636056 0.755446 0.01342 0.0 0.0 0.0 1.0
LeftShoulder 0.006054 0.936922 -0.349486 0.074603 0.008233 -0.349528 -0.93689 0.120279 -0.999948 0.002795 -0.009829 2.36E-4 0.0 0.0 0.0 1.0
LeftArm 0.715918 -0.432645 -0.547978 0.0 0.377902 0.900076 -0.216918 0.157184 0.58707 -0.051786 0.807878 -0.0 0.0 0.0 0.0 1.0
LeftForeArm 0.150643 -0.988524 -0.011262 0.0 0.988548 0.150524 0.010758 0.243319 -0.00894 -0.012754 0.999879 0.0 0.0 0.0 0.0 1.0
LeftHand 0.909029 -0.049891 -0.413736 0.0 0.127116 0.97869 0.161271 0.221022 0.396873 -0.199193 0.895999 -0.0 0.0 0.0 0.0 1.0
LeftHandThumb1 0.744128 -0.610478 0.271276 -0.026336 0.651509 0.752958 -0.092682 0.025057 -0.147679 0.245706 0.958029 0.022961 0.0 0.0 0.0 1.0
LeftHandThumb2 0.981165 0.193156 -0.002485 0.00104 -0.193115 0.980483 -0.036869 0.034381 -0.004685 0.036655 0.999317 0.0 0.0 0.0 0.0 1.0
LeftHandThumb3 0.999283 0.037814 0.001647 -5.62E-4 -0.03785 0.998519 0.039091 0.044143 -1.66E-4 -0.039125 0.999234 0.0 0.0 0.0 0.0 1.0
LeftHandIndex1 0.999845 -0.009596 -0.014744 0.0 0.007929 0.993986 -0.10922 0.121989 0.015704 0.109086 0.993908 6.0E-6 0.0 0.0 0.0 1.0
LeftHandIndex2 0.999802 0.019751 -0.002575 0.001042 -0.019915 0.993816 -0.109236 0.032932 4.01E-4 0.109266 0.994012 0.0 0.0 0.0 0.0 1.0
LeftHandIndex3 0.987774 0.155542 -0.010422 0.001095 -0.155747 0.981781 -0.108854 0.03356 -0.006699 0.109147 0.994003 0.0 0.0 0.0 0.0 1.0
RightShoulder -0.064267 -0.906186 0.417968 -0.074603 -0.010742 -0.418181 -0.9083 0.120277 0.997875 -0.062864 0.017141 1.28E-4 0.0 0.0 0.0 1.0
RightArm 0.782527 0.622171 0.023566 0.0 -0.508808 0.660844 -0.551724 0.157184 -0.35884 0.419748 0.833693 0.0 0.0 0.0 0.0 1.0
RightForeArm 0.14158 0.98986 0.011504 0.0 -0.98989 0.141464 0.010305 0.243323 0.008573 -0.012847 0.999881 -0.0 0.0 0.0 0.0 1.0
RightHand 0.905937 0.132469 0.402156 0.0 -0.146937 0.989132 0.005188 0.22105 -0.397098 -0.063792 0.915556 -0.0 0.0 0.0 0.0 1.0
RightHandThumb1 0.624979 0.71489 -0.313583 0.024462 -0.734205 0.674771 0.075017 0.024251 0.265226 0.18335 0.946593 0.019483 0.0 0.0 0.0 1.0
RightHandThumb2 0.957806 -0.287364 0.005498 -0.002391 0.287228 0.956306 -0.054576 0.031569 0.010426 0.053853 0.998494 0.0 0.0 0.0 0.0 1.0
RightHandThumb3 0.998792 0.04909 -0.002136 0.00241 -0.048954 0.997882 0.042845 0.045062 0.004235 -0.042689 0.999079 0.0 0.0 0.0 0.0 1.0
RightHandIndex1 0.999919 0.01274 1.71E-4 -0.0 -0.012615 0.991813 -0.127073 0.123753 -0.001788 0.12706 0.991893 1.2E-5 0.0 0.0 0.0 1.0
RightHandIndex2 0.999697 -0.023259 0.008074 -0.001174 0.024096 0.991633 -0.126821 0.035274 -0.005056 0.126977 0.991893 -0.0 0.0 0.0 0.0 1.0
RightHandIndex3 0.985095 -0.171242 0.016233 -9.54E-4 0.171912 0.976978 -0.126333 0.031699 0.005775 0.127241 0.991855 0.0 0.0 0.0 0.0 1.0
LeftUpLeg -0.981017 0.066581 -0.182132 0.075562 -0.18264 -0.001572 0.983179 -0.050384 0.065175 0.99778 0.013702 0.016543 0.0 0.0 0.0 1.0
LeftLeg 0.992151 0.004371 -0.124966 0.0 0.112525 0.40463 0.907531 0.453272 0.054532 -0.91447 0.400963 0.0 0.0 0.0 0.0 1.0
LeftFoot 0.989161 0.110325 -0.096901 -0.0 -0.135106 0.425346 -0.894889 0.408386 -0.057512 0.898281 0.435641 0.0 0.0 0.0 0.0 1.0
LeftToeBase 0.974171 0.140307 0.17693 -0.0 0.0 0.783535 -0.621348 0.212811 -0.22581 0.6053 0.763297 0.0 0.0 0.0 0.0 1.0
RightUpLeg -0.97937 -0.132768 0.152337 -0.075562 0.184719 -0.282546 0.941301 -0.050384 -0.081933 0.950021 0.301242 0.020546 0.0 0.0 0.0 1.0
RightLeg 0.973973 1.53E-4 0.226663 0.0 -0.213204 -0.338844 0.916367 0.453812 0.076943 -0.940843 -0.329992 -0.0 0.0 0.0 0.0 1.0
RightFoot 0.99519 0.047689 0.085574 0.0 0.08226 0.067582 -0.994317 0.407804 -0.053201 0.996573 0.063334 0.0 0.0 0.0 0.0 1.0
RightToeBase 0.976577 -0.145016 -0.158961 0.0 -0.045266 0.583774 -0.810654 0.209222 0.210355 0.798861 0.563535 0.0 0.0 0.0 0.0 1.0
Time 0.233333
Hips 0.835398 -0.252792 -0.488064 0.234166 0.089699 0.938759 -0.332694 0.73194 0.542277 0.234153 0.806913 -0.061258 0.0 0.0 0.0 1.0
Spine 0.999663 -5.7E-4 -0.02595 0.0 -0.005208 0.975016 -0.222072 0.090819 0.025428 0.222133 0.974685 0.001036 0.0 0.0 0.0 1.0
Spine1 0.996498 0.035053 -0.07591 0.0 -0.062491 0.915418 -0.397625 0.105963 0.055551 0.400976 0.914403 -0.0 0.0 0.0 0.0 1.0
Spine2 0.996602 0.036351 -0.073916 0.0 -0.062896 0.91527 -0.397901 0.1211 0.053189 0.401198 0.914446 0.0 0.0 0.0 0.0 1.0
Neck 0.998996 -0.007624 0.044138 -0.0 0.00581 0.999139 0.041083 0.136238 -0.044413 -0.040786 0.99818 -0.0 0.0 0.0 0.0 1.0
Head 0.92474 0.176042 0.337438 0.0 -0.345004 0.762099 0.547885 0.048508 -0.160711 -0.623069 0.765478 0.01342 0.0 0.0 0.0 1.0
LeftShoulder 7.79E-4 0.933556 -0.35843 0.074603 0.008368 -0.358424 -0.933521 0.120279 -0.999965 -0.002272 -0.008091 2.36E-4 0.0 0.0 0.0 1.0
LeftArm 0.713726 -0.428054 -0.554405 0.0 0.371227 0.902389 -0.218823 0.157184 0.593957 -0.04963 0.802964 -0.0 0.0 0.0 0.0 1.0
LeftForeArm 0.138426 -0.990307 -0.011395 0.0 0.990331 0.138306 0.010779 0.243319 -0.009099 -0.012777 0.999877 0.0 0.0 0.0 0.0 1.0
LeftHand 0.905519 -0.046096 -0.421794 -0.0 0.123629 0.979612 0.158352 0.221022 0.405895 -0.195537 0.892757 0.0 0.0 0.0 0.0 1.0
LeftHandThumb1 0.744128 -0.610478 0.271276 -0.026336 0.651509 0.752958 -0.092682 0.025057 -0.147679 0.245706 0.958029 0.022961 0.0 0.0 0.0 1.0
LeftHandThumb2 0.981165 0.193156 -0.002486 0.00104 -0.193115 0.980483 -0.036869 0.034381 -0.004684 0.036655 0.999317 0.0 0.0 0.0 0.0 1.0
LeftHandThumb3 0.999283 0.037814 0.001647 -5.62E-4 -0.03785 0.998519 0.039091 0.044143 -1.66E-4 -0.039125 0.999234 0.0 0.0 0.0 0.0 1.0
LeftHandIndex1 0.999845 -0.009596 -0.014744 0.0 0.00793 0.993986 -0.10922 0.121989 0.015704 0.109086 0.993908 6.0E-6 0.0 0.0 0.0 1.0
LeftHandIndex2 0.999802 0.019752 -0.002575 0.001042 -0.019915 0.993816 -0.109236 0.032932 4.02E-4 0.109266 0.994012 0.0 0.0 0.0 0.0 1.0
LeftHandIndex3 0.987774 0.155542 -0.010422 0.001095 -0.155747 0.981781 -0.108854 0.03356 -0.006699 0.109147 0.994003 0.0 0.0 0.0 0.0 1.0
RightShoulder -0.062791 -0.908049 0.414131 -0.074603 -0.010609 -0.414319 -0.91007 0.120277 0.99797 -0.061538 0.016382 1.28E-4 0.0 0.0 0.0 1.0
RightArm 0.789436 0.612855 0.03464 0.0 -0.500855 0.675736 -0.540856 0.157184 -0.354874 0.409621 0.840402 0.0 0.0 0.0 0.0 1.0
RightForeArm 0.093953 0.995504 0.012004 0.0 -0.995534 0.09383 0.010398 0.243323 0.009225 -0.012928 0.999874 -0.0 0.0 0.0 0.0 1.0
RightHand 0.911335 0.128193 0.391196 0.0 -0.14637 0.989086 0.016866 0.22105 -0.384765 -0.07263 0.920153 -0.0 0.0 0.0 0.0 1.0
RightHandThumb1 0.624978 0.71489 -0.313583 0.024462 -0.734205 0.67477 0.075017 0.024251 0.265226 0.18335 0.946593 0.019483 0.0 0.0 0.0 1.0
RightHandThumb2 0.957806 -0.287364 0.005498 -0.002391 0.287228 0.956306 -0.054576 0.031569 0.010425 0.053853 0.998494 0.0 0.0 0.0 0.0 1.0
RightHandThumb3 0.998792 0.04909 -0.002137 0.00241 -0.048954 0.997882 0.042845 0.045062 0.004235 -0.042688 0.999079 0.0 0.0 0.0 0.0 1.0
RightHandIndex1 0.999919 0.01274 1.71E-4 0.0 -0.012615 0.991813 -0.127073 0.123753 -0.001788 0.127061 0.991893 1.2E-5 0.0 0.0 0.0 1.0
RightHandIndex2 0.999697 -0.023259 0.008074 -0.001174 0.024096 0.991633 -0.126821 0.035274 -0.005057 0.126977 0.991893 -0.0 0.0 0.0 0.0 1.0
RightHandIndex3 0.985095 -0.171241 0.016233 -9.54E-4 0.171912 0.976978 -0.126333 0.031699 0.005775 0.127241 0.991855 0.0 0.0 0.0 0.0 1.0
LeftUpLeg -0.975905 0.099189 -0.194346 0.075562 -0.19418 0.011418 0.9809 -0.050384 0.099513 0.995003 0.008118 0.016543 0.0 0.0 0.0 1.0
LeftLeg 0.996951 0.001648 -0.078008 0.0 0.071082 0.393092 0.916747 0.453272 0.032175 -0.919498 0.391777 0.0 0.0 0.0 0.0 1.0
LeftFoot 0.951144 0.217346 -0.219287 -0.0 -0.302198 0.50983 -0.80545 0.408386 -0.063262 0.832367 0.550603 0.0 0.0 0.0 0.0 1.0
LeftToeBase 0.974171 0.140307 0.17693 0.0 -0.0 0.783534 -0.621348 0.212811 -0.22581 0.6053 0.763297 0.0 0.0 0.0 0.0 1.0
RightUpLeg -0.968772 -0.160669 0.188855 -0.075562 0.230591 -0.303798 0.92441 -0.050384 -0.09115 0.939091 0.33136 0.020546 0.0 0.0 0.0 1.0
RightLeg 0.970107 -4.59E-4 0.242677 0.0 -0.223352 -0.392744 0.892113 0.453812 0.094901 -0.919648 -0.381107 0.0 0.0 0.0 0.0 1.0
RightFoot 0.994338 0.020867 0.104198 0.0 0.103177 0.045165 -0.993637 0.407804 -0.025441 0.998762 0.042756 -0.0 0.0 0.0 0.0 1.0
RightToeBase 0.977956 -0.145856 -0.149426 -0.0 -0.043543 0.557425 -0.829085 0.209222 0.204221 0.817315 0.538786 0.0 0.0 0.0 0.0 1.0
Time 0.266667
Hips 0.816117 -0.25763 -0.517282 0.235865 0.082068 0.937723 -0.33755 0.708304 0.57203 0.233027 0.786435 -0.052997 0.0 0.0 0.0 1.0
Spine 0.999705 0.011535 -0.021382 -0.0 -0.015945 0.975541 -0.219237 0.090819 0.01833 0.219514 0.975437 0.001036 0.0 0.0 0.0 1.0
Spine1 0.996787 0.048737 -0.063558 -0.0 -0.069815 0.917621 -0.391277 0.105963 0.039252 0.394457 0.918076 -0.0 0.0 0.0 0.0 1.0
Spine2 0.996809 0.04965 -0.062498 0.0 -0.070239 0.917557 -0.39135 0.1211 0.037915 0.394491 0.918117 0.0 0.0 0.0 0.0 1.0
Neck 0.998997 -0.007486 0.044136 0.0 0.005701 0.999166 0.04043 0.136238 -0.044402 -0.040138 0.998207 -0.0 0.0 0.0 0.0 1.0
Head 0.92534 0.176376 0.335615 0.0 -0.341803 0.77113 0.537148 0.048508 -0.164063 -0.611759 0.773844 0.01342 0.0 0.0 0.0 1.0
LeftShoulder -0.003372 0.932716 -0.360596 0.074603 0.008357 -0.360559 -0.932699 0.120279 -0.999959 -0.006159 -0.006579 2.36E-4 0.0 0.0 0.0 1.0
LeftArm 0.707298 -0.434951 -0.557268 -0.0 0.378536 0.898798 -0.22107 0.157184 0.597026 -0.054584 0.800363 -0.0 0.0 0.0 0.0 1.0
LeftForeArm 0.134363 -0.990866 -0.011439 0.0 0.99089 0.134242 0.010785 0.243319 -0.009151 -0.012784 0.999876 0.0 0.0 0.0 0.0 1.0
LeftHand 0.899755 -0.040582 -0.434505 -0.0 0.122144 0.97929 0.161468 0.221022 0.418954 -0.198354 0.886078 0.0 0.0 0.0 0.0 1.0
LeftHandThumb1 0.744128 -0.610477 0.271276 -0.026336 0.651509 0.752958 -0.092682 0.025057 -0.147679 0.245706 0.958029 0.022961 0.0 0.0 0.0 1.0
LeftHandThumb2 0.981165 0.193155 -0.002486 0.00104 -0.193114 0.980483 -0.036869 0.034381 -0.004684 0.036655 0.999317 0.0 0.0 0.0 0.0 1.0
LeftHandThumb3 0.999283 0.037814 0.001647 -5.62E-4 -0.03785 0.998519 0.039091 0.044143 -1.67E-4 -0.039126 0.999234 -0.0 0.0 0.0 0.0 1.0
LeftHandIndex1 0.999845 -0.009596 -0.014744 0.0 0.007929 0.993986 -0.10922 0.121989 0.015704 0.109086 0.993908 6.0E-6 0.0 0.0 0.0 1.0
LeftHandIndex2 0.999802 0.019751 -0.002575 0.001042 -0.019915 0.993816 -0.109236 0.032932 4.01E-4 0.109266 0.994012 0.0 0.0 0.0 0.0 1.0
LeftHandIndex3 0.987774 0.155542 -0.010422 0.001095 -0.155747 0.981781 -0.108854 0.03356 -0.006699 0.109147 0.994003 0.0 0.0 0.0 0.0 1.0
RightShoulder -0.062244 -0.908515 0.41319 -0.074603 -0.010582 -0.413369 -0.910502 0.120277 0.998005 -0.061046 0.016116 1.28E-4 0.0 0.0 0.0 1.0
RightArm 0.801458 0.595989 0.04963 -0.0 -0.485041 0.696315 -0.529037 0.157184 -0.349858 0.399928 0.847146 0.0 0.0 0.0 0.0 1.0
RightForeArm 0.064079 0.997869 0.012316 0.0 -0.997899 0.063952 0.010423 0.243323 0.009613 -0.012958 0.99987 -0.0 0.0 0.0 0.0 1.0
RightHand 0.905008 0.124697 0.406708 -0.0 -0.14769 0.988705 0.025501 0.22105 -0.398934 -0.083146 0.913202 -0.0 0.0 0.0 0.0 1.0
RightHandThumb1 0.624979 0.71489 -0.313583 0.024462 -0.734205 0.674771 0.075017 0.024251 0.265226 0.18335 0.946593 0.019483 0.0 0.0 0.0 1.0
RightHandThumb2 0.957806 -0.287364 0.005498 -0.002391 0.287228 0.956306 -0.054576 0.031569 0.010425 0.053853 0.998494 0.0 0.0 0.0 0.0 1.0
RightHandThumb3 0.998792 0.04909 -0.002136 0.00241 -0.048954 0.997882 0.042845 0.045062 0.004235 -0.042689 0.999079 0.0 0.0 0.0 0.0 1.0
RightHandIndex1 0.999919 0.01274 1.7E-4 0.0 -0.012615 0.991813 -0.127073 0.123753 -0.001788 0.12706 0.991893 1.2E-5 0.0 0.0 0.0 1.0
RightHandIndex2 0.999697 -0.02326 0.008074 -0.001174 0.024096 0.991633 -0.126821 0.035274 -0.005057 0.126977 0.991893 0.0 0.0 0.0 0.0 1.0
RightHandIndex3 0.985095 -0.171241 0.016233 -9.54E-4 0.171912 0.976978 -0.126333 0.031699 0.005775 0.127241 0.991855 0.0 0.0 0.0 0.0 1.0
LeftUpLeg -0.97728 0.10745 -0.182699 0.075562 -0.175546 0.072708 0.981783 -0.050384 0.118776 0.991548 -0.052194 0.016543 0.0 0.0 0.0 1.0
LeftLeg 0.99913 2.7E-5 -0.041707 0.0 0.040097 0.274494 0.960752 0.453272 0.011474 -0.961589 0.274254 0.0 0.0 0.0 0.0 1.0
LeftFoot 0.953451 0.217101 -0.209283 0.0 -0.297819 0.569116 -0.766427 0.408386 -0.047285 0.793079 0.607281 0.0 0.0 0.0 0.0 1.0
LeftToeBase 0.974171 0.140307 0.17693 0.0 0.0 0.783535 -0.621348 0.212811 -0.22581 0.605299 0.763297 0.0 0.0 0.0 0.0 1.0
