Root_Bone_Name Hips
Num_Keyframes 457
Num_Bones 34
Time_Wrapping_Mode LOOP
Time 0.0
Hips 0.995369 0.095159 -0.0136 -0.001477 -0.090239 0.973761 0.208915 0.998159 0.033123 -0.20672 0.977839 -0.017264 0.0 0.0 0.0 1.0
Spine 0.999642 0.014201 0.022667 -0.0 -0.011915 0.995117 -0.097985 0.092381 -0.023948 0.09768 0.99493 0.001307 0.0 0.0 0.0 1.0
Spine1 0.999445 -0.006523 0.032674 0.0 0.009759 0.994951 -0.099887 0.107789 -0.031857 0.10015 0.994462 0.0 0.0 0.0 0.0 1.0
Spine2 0.999482 -0.006217 0.031564 -0.0 0.009353 0.994921 -0.100221 0.123187 -0.030781 0.100464 0.994464 0.0 0.0 0.0 0.0 1.0
Neck 0.998237 -0.059349 3.72E-4 0.0 0.059348 0.998235 0.002148 0.138586 -4.98E-4 -0.002122 0.999998 -0.0 0.0 0.0 0.0 1.0
Head 0.995133 -0.004704 0.098429 0.0 0.008415 0.999268 -0.037322 0.040313 -0.098182 0.037969 0.994444 0.011037 0.0 0.0 0.0 1.0
LeftShoulder -0.194083 0.89587 -0.399685 0.07447 -0.003978 -0.408148 -0.912907 0.122371 -0.980977 -0.17559 0.082779 2.82E-4 0.0 0.0 0.0 1.0
LeftArm 0.913217 -0.096057 0.39599 0.0 0.352763 0.672776 -0.650331 0.155382 -0.203943 0.733584 0.648276 0.0 0.0 0.0 0.0 1.0
LeftForeArm 0.443243 -0.896342 -0.010349 0.0 0.896385 0.443137 0.011096 0.248813 -0.00536 -0.014195 0.999885 0.0 0.0 0.0 0.0 1.0
LeftHand 0.995097 0.011093 0.09828 0.0 -0.025176 0.989368 0.143238 0.225832 -0.095647 -0.14501 0.984796 0.0 0.0 0.0 0.0 1.0
LeftHandThumb1 0.883524 -0.102123 0.457118 -0.024222 0.20813 0.959896 -0.187831 0.018653 -0.419604 0.261093 0.869346 0.022191 0.0 0.0 0.0 1.0
LeftHandThumb2 0.998412 0.024996 -0.05048 5.35E-4 -0.025807 0.999547 -0.015479 0.030217 0.05007 0.016757 0.998605 0.0 0.0 0.0 0.0 1.0
LeftHandThumb3 0.995766 -0.089862 -0.01939 -4.89E-4 0.091661 0.954395 0.284128 0.043101 -0.007027 -0.284702 0.95859 0.0 0.0 0.0 0.0 1.0
LeftHandIndex1 0.997277 0.057172 0.04658 0.0 -0.042799 0.963088 -0.265762 0.113343 -0.060055 0.263045 0.962913 -5.0E-6 0.0 0.0 0.0 1.0
LeftHandIndex2 0.986453 0.132712 -0.096423 0.001041 -0.156533 0.585716 -0.795258 0.032903 -0.049064 0.799578 0.598555 -0.0 0.0 0.0 0.0 1.0
LeftHandIndex3 0.958194 0.264864 -0.108216 0.001107 -0.240719 0.54183 -0.805279 0.033648 -0.154655 0.797663 0.582937 0.0 0.0 0.0 0.0 1.0
RightShoulder 0.049461 -0.827822 0.558807 -0.07447 0.001475 -0.55943 -0.828876 0.12237 0.998775 0.041822 -0.026449 1.76E-4 0.0 0.0 0.0 1.0
RightArm 0.861287 0.507926 -0.014003 0.0 -0.421281 0.698415 -0.578566 0.155382 -0.284089 0.50421 0.815516 0.0 0.0 0.0 0.0 1.0
RightForeArm -0.437941 0.898726 0.022348 -0.0 -0.898766 -0.438261 0.012112 0.248824 0.02068 -0.014781 0.999677 0.0 0.0 0.0 0.0 1.0
RightHand 0.936512 0.16826 -0.307625 0.0 -0.249772 0.935876 -0.248497 0.225701 0.246087 0.309557 0.918486 -0.0 0.0 0.0 0.0 1.0
RightHandThumb1 0.870434 0.066416 -0.487784 0.023976 -0.307227 0.847503 -0.43284 0.019052 0.384651 0.526619 0.7581 0.017779 0.0 0.0 0.0 1.0
RightHandThumb2 0.949435 -0.313907 -0.005978 -0.001245 0.313261 0.94841 -0.048847 0.028301 0.021003 0.044504 0.998788 -0.0 0.0 0.0 0.0 1.0
RightHandThumb3 0.875693 -0.465812 -0.127203 0.002262 0.481086 0.864257 0.147024 0.044358 0.04145 -0.189944 0.98092 -0.0 0.0 0.0 0.0 1.0
RightHandIndex1 0.971671 0.122171 -0.202312 -0.0 -0.169021 0.957544 -0.233542 0.112301 0.16519 0.261121 0.951067 3.4E-5 0.0 0.0 0.0 1.0
RightHandIndex2 0.997118 -0.056771 0.05032 -0.001192 0.075857 0.753851 -0.652652 0.035377 -8.82E-4 0.654589 0.755985 0.0 0.0 0.0 0.0 1.0
RightHandIndex3 0.970355 -0.230788 0.071746 -0.00124 0.21115 0.66512 -0.716262 0.032704 0.117585 0.710178 0.694133 0.0 0.0 0.0 0.0 1.0
LeftUpLeg -0.933476 0.297171 0.20078 0.078926 -0.283762 -0.954351 0.093241 -0.051168 0.219323 0.030064 0.975189 0.016768 0.0 0.0 0.0 1.0
LeftLeg 0.985616 -0.168943 0.004385 -0.0 0.135908 0.807775 0.57361 0.449901 -0.100449 -0.564763 0.819117 0.0 0.0 0.0 0.0 1.0
LeftFoot 0.989738 0.101366 -0.100719 0.0 -0.125732 0.282825 -0.950895 0.403843 -0.067903 0.9538 0.292667 0.0 0.0 0.0 0.0 1.0
LeftToeBase 0.974748 0.138718 0.174998 0.0 -2.3E-5 0.78372 -0.621114 0.212853 -0.223309 0.605426 0.763932 0.0 0.0 0.0 0.0 1.0
RightUpLeg -0.998478 0.034024 -0.043407 -0.078926 -0.027772 -0.990142 -0.137284 -0.051168 -0.04765 -0.13587 0.98958 0.021155 0.0 0.0 0.0 1.0
RightLeg 0.999379 -0.032642 -0.013235 0.0 0.035064 0.886284 0.461814 0.450627 -0.003344 -0.461991 0.886878 0.0 0.0 0.0 0.0 1.0
RightFoot 0.99879 -0.047867 -0.011255 0.0 0.003865 0.304601 -0.952472 0.403185 0.04902 0.951276 0.304418 0.0 0.0 0.0 0.0 1.0
RightToeBase 0.975266 -0.139 -0.171861 -0.0 -0.006452 0.75929 -0.650721 0.209681 0.220942 0.635734 0.739612 0.0 0.0 0.0 0.0 1.0
Time 0.033333
Hips 0.991667 0.104536 -0.075294 0.005595 -0.091746 0.983343 0.156904 1.008621 0.090442 -0.148689 0.984739 -0.018315 0.0 0.0 0.0 1.0
Spine 0.999594 -0.007006 0.027621 0.0 0.008664 0.998137 -0.060396 0.092381 -0.027146 0.060611 0.997792 0.001307 0.0 0.0 0.0 1.0
Spine1 0.999092 -0.003319 0.042476 0.0 0.00697 0.996263 -0.086091 0.107789 -0.042032 0.086309 0.995381 0.0 0.0 0.0 0.0 1.0
Spine2 0.999164 -0.003949 0.040692 0.0 0.007474 0.996195 -0.086834 0.123187 -0.040194 0.087066 0.995391 0.0 0.0 0.0 0.0 1.0
Neck 0.997396 -0.072056 -0.003087 0.0 0.072109 0.997106 0.024073 0.138586 0.001343 -0.024233 0.999705 -0.0 0.0 0.0 0.0 1.0
Head 0.994877 -0.021332 0.098814 -0.0 0.019615 0.99964 0.018315 0.040313 -0.099169 -0.016283 0.994937 0.011037 0.0 0.0 0.0 1.0
LeftShoulder -0.23629 0.908786 -0.343913 0.07447 -0.009555 -0.356091 -0.934402 0.122371 -0.971636 -0.217504 0.092825 2.82E-4 0.0 0.0 0.0 1.0
LeftArm 0.853563 -0.051224 0.518465 0.0 0.405188 0.690824 -0.59882 0.155382 -0.327494 0.721206 0.610418 0.0 0.0 0.0 0.0 1.0
LeftForeArm 0.449233 -0.893356 -0.010275 0.0 0.893399 0.449128 0.011059 0.248813 -0.005265 -0.014147 0.999886 0.0 0.0 0.0 0.0 1.0
LeftHand 0.98441 0.085536 0.153688 0.0 -0.103065 0.988578 0.109956 0.225832 -0.142527 -0.124081 0.981983 0.0 0.0 0.0 0.0 1.0
LeftHandThumb1 0.883535 -0.102014 0.457121 -0.024222 0.208022 0.959916 -0.18785 0.018653 -0.419634 0.261064 0.869341 0.022191 0.0 0.0 0.0 1.0
LeftHandThumb2 0.998412 0.024997 -0.050479 5.35E-4 -0.025808 0.999547 -0.015478 0.030217 0.05007 0.016757 0.998605 0.0 0.0 0.0 0.0 1.0
LeftHandThumb3 0.995777 -0.089736 -0.019386 -4.89E-4 0.09154 0.954411 0.284114 0.043101 -0.006993 -0.284689 0.958595 0.0 0.0 0.0 0.0 1.0
LeftHandIndex1 0.997268 0.057413 0.046484 -0.0 -0.042989 0.96278 -0.266844 0.113343 -0.060074 0.264117 0.962618 -5.0E-6 0.0 0.0 0.0 1.0
LeftHandIndex2 0.986423 0.132806 -0.096607 0.001041 -0.156682 0.584792 -0.795908 0.032903 -0.049206 0.800238 0.59766 -0.0 0.0 0.0 0.0 1.0
LeftHandIndex3 0.958151 0.264946 -0.108403 0.001107 -0.240741 0.54088 -0.805911 0.033648 -0.15489 0.798281 0.582027 0.0 0.0 0.0 0.0 1.0
RightShoulder 0.050516 -0.815208 0.576961 -0.07447 0.00236 -0.5776 -0.816317 0.12237 0.99872 0.042599 -0.027254 1.76E-4 0.0 0.0 0.0 1.0
RightArm 0.847108 0.531249 -0.013501 0.0 -0.442746 0.691477 -0.57082 0.155382 -0.293912 0.489524 0.820964 0.0 0.0 0.0 0.0 1.0
RightForeArm -0.458313 0.888503 0.022623 0.0 -0.888542 -0.458638 0.011975 0.248824 0.021015 -0.014613 0.999672 0.0 0.0 0.0 0.0 1.0
RightHand 0.942611 0.191763 -0.273332 -0.0 -0.259925 0.935274 -0.240212 0.225701 0.209577 0.297473 0.931444 -0.0 0.0 0.0 0.0 1.0
RightHandThumb1 0.870434 0.06644 -0.487782 0.023976 -0.307211 0.847546 -0.432767 0.019052 0.384664 0.526547 0.758143 0.017779 0.0 0.0 0.0 1.0
RightHandThumb2 0.949435 -0.313907 -0.005978 -0.001245 0.31326 0.94841 -0.048847 0.028301 0.021003 0.044504 0.998788 0.0 0.0 0.0 0.0 1.0
RightHandThumb3 0.875693 -0.465812 -0.127203 0.002262 0.481086 0.864257 0.147024 0.044358 0.04145 -0.189944 0.98092 -0.0 0.0 0.0 0.0 1.0
RightHandIndex1 0.971707 0.121652 -0.202449 0.0 -0.168831 0.957176 -0.235182 0.112301 0.165169 0.262708 0.950633 3.4E-5 0.0 0.0 0.0 1.0
RightHandIndex2 0.997105 -0.056867 0.050479 -0.001192 0.076035 0.752728 -0.653926 0.035377 -8.1E-4 0.655871 0.754872 0.0 0.0 0.0 0.0 1.0
RightHandIndex3 0.970324 -0.230864 0.07192 -0.00124 0.211126 0.663868 -0.717429 0.032704 0.117884 0.711323 0.692909 -0.0 0.0 0.0 0.0 1.0
LeftUpLeg -0.934176 0.293415 0.203033 0.078926 -0.281147 -0.955667 0.087506 -0.051168 0.219708 0.024664 0.975254 0.016768 0.0 0.0 0.0 1.0
LeftLeg 0.984721 -0.165494 -0.054183 0.0 0.170243 0.849463 0.49943 0.449901 -0.036626 -0.501024 0.864658 0.0 0.0 0.0 0.0 1.0
LeftFoot 0.993721 0.08737 -0.06989 0.0 -0.093563 0.306388 -0.947297 0.403843 -0.061352 0.947889 0.312639 -0.0 0.0 0.0 0.0 1.0
LeftToeBase 0.974748 0.138719 0.174998 0.0 -2.3E-5 0.78372 -0.621115 0.212853 -0.223309 0.605426 0.763932 0.0 0.0 0.0 0.0 1.0
RightUpLeg -0.999086 0.029288 -0.031147 -0.078926 -0.025714 -0.993649 -0.109544 -0.051168 -0.034158 -0.108643 0.993494 0.021155 0.0 0.0 0.0 1.0
RightLeg 0.997665 -0.021315 -0.06489 -0.0 0.044544 0.923261 0.381582 0.450627 0.051777 -0.383581 0.922055 -0.0 0.0 0.0 0.0 1.0
RightFoot 0.998583 -0.053224 1.0E-4 0.0 0.019462 0.363394 -0.931432 0.403185 0.049538 0.930114 0.363915 0.0 0.0 0.0 0.0 1.0
RightToeBase 0.975177 -0.139139 -0.172253 -0.0 -0.008627 0.753451 -0.657447 0.209681 0.22126 0.642613 0.733548 0.0 0.0 0.0 0.0 1.0
Time 0.066667
Hips 0.983556 0.111588 -0.142008 0.014746 -0.0974 0.989877 0.103235 1.015274 0.15209 -0.087706 0.984467 -0.021759 0.0 0.0 0.0 1.0
Spine 0.999189 -0.027746 0.029195 0.0 0.02895 0.998713 -0.04165 0.092381 -0.028002 0.042461 0.998706 0.001307 0.0 0.0 0.0 1.0
Spine1 0.998675 -0.003426 0.051348 -0.0 0.007263 0.997177 -0.07473 0.107789 -0.050947 0.075004 0.995881 -0.0 0.0 0.0 0.0 1.0
Spine2 0.998793 -0.005213 0.048836 0.0 0.008927 0.997057 -0.076139 0.123187 -0.048296 0.076483 0.995901 0.0 0.0 0.0 0.0 1.0
Neck 0.996205 -0.086877 -0.00538 -0.0 0.087041 0.994678 0.055127 0.138586 5.62E-4 -0.055386 0.998465 -0.0 0.0 0.0 0.0 1.0
Head 0.993123 -0.064929 0.097419 0.0 0.052587 0.990849 0.124307 0.040313 -0.104599 -0.118329 0.98745 0.011037 0.0 0.0 0.0 1.0
LeftShoulder -0.278325 0.913866 -0.295608 0.07447 -0.016677 -0.312321 -0.94983 0.122371 -0.960342 -0.259431 0.102167 2.82E-4 0.0 0.0 0.0 1.0
LeftArm 0.774107 -0.027693 0.632449 0.0 0.456501 0.716579 -0.527373 0.155382 -0.438595 0.696956 0.56735 0.0 0.0 0.0 0.0 1.0
LeftForeArm 0.418714 -0.908055 -0.010665 0.0 0.9081 0.418603 0.011206 0.248813 -0.005711 -0.014377 0.99988 0.0 0.0 0.0 0.0 1.0
LeftHand 0.965486 0.126833 0.227488 0.0 -0.140294 0.989134 0.043943 0.225832 -0.219443 -0.074342 0.972789 0.0 0.0 0.0 0.0 1.0
LeftHandThumb1 0.883544 -0.101919 0.457123 -0.024222 0.207928 0.959933 -0.187867 0.018653 -0.419661 0.261037 0.869335 0.022191 0.0 0.0 0.0 1.0
LeftHandThumb2 0.998412 0.024995 -0.050487 5.35E-4 -0.025806 0.999547 -0.015475 0.030217 0.050077 0.016753 0.998605 0.0 0.0 0.0 0.0 1.0
LeftHandThumb3 0.995785 -0.089639 -0.019398 -4.89E-4 0.09145 0.954421 0.284107 0.043101 -0.006954 -0.284684 0.958596 0.0 0.0 0.0 0.0 1.0
LeftHandIndex1 0.99724 0.058131 0.046177 0.0 -0.04355 0.961795 -0.270286 0.113343 -0.060124 0.267529 0.961672 -5.0E-6 0.0 0.0 0.0 1.0
LeftHandIndex2 0.986325 0.133103 -0.097198 0.001041 -0.157156 0.581848 -0.797969 0.032903 -0.049658 0.802332 0.594809 -0.0 0.0 0.0 0.0 1.0
LeftHandIndex3 0.958012 0.265204 -0.108996 0.001107 -0.240813 0.537859 -0.807909 0.033648 -0.155636 0.800234 0.57914 0.0 0.0 0.0 0.0 1.0
RightShoulder 0.04567 -0.810585 0.583837 -0.07447 0.001348 -0.584396 -0.811467 0.12237 0.998956 0.037846 -0.025596 1.76E-4 0.0 0.0 0.0 1.0
RightArm 0.828743 0.559377 -0.016806 -0.0 -0.466624 0.674124 -0.572555 0.155382 -0.308945 0.482343 0.819694 0.0 0.0 0.0 0.0 1.0
RightForeArm -0.482749 0.875458 0.02295 0.0 -0.875497 -0.48308 0.011827 0.248824 0.021441 -0.014383 0.999667 0.0 0.0 0.0 0.0 1.0
RightHand 0.950317 0.219834 -0.220387 -0.0 -0.270358 0.933806 -0.234334 0.225701 0.154284 0.282276 0.946846 -0.0 0.0 0.0 0.0 1.0
RightHandThumb1 0.870432 0.066539 -0.487771 0.023976 -0.307147 0.847724 -0.432464 0.019052 0.38472 0.526248 0.758323 0.017779 0.0 0.0 0.0 1.0
RightHandThumb2 0.949435 -0.313907 -0.005978 -0.001245 0.313261 0.94841 -0.048847 0.028301 0.021003 0.044504 0.998788 -0.0 0.0 0.0 0.0 1.0
RightHandThumb3 0.875693 -0.465812 -0.127203 0.002262 0.481086 0.864257 0.147024 0.044358 0.04145 -0.189944 0.98092 -0.0 0.0 0.0 0.0 1.0
RightHandIndex1 0.97186 0.120068 -0.202663 0.0 -0.168225 0.956003 -0.24033 0.112301 0.16489 0.26766 0.949299 3.4E-5 0.0 0.0 0.0 1.0
RightHandIndex2 0.997063 -0.057161 0.050976 -0.001192 0.076587 0.749211 -0.657888 0.035377 -5.86E-4 0.65986 0.751388 0.0 0.0 0.0 0.0 1.0
RightHandIndex3 0.970228 -0.231101 0.072461 -0.00124 0.211049 0.659963 -0.721046 0.032704 0.118813 0.714872 0.689088 0.0 0.0 0.0 0.0 1.0
LeftUpLeg -0.935452 0.289326 0.203026 0.078926 -0.276534 -0.956836 0.089414 -0.051168 0.220132 0.0275 0.975082 0.016768 0.0 0.0 0.0 1.0
LeftLeg 0.984787 -0.164839 -0.05498 0.0 0.172231 0.883981 0.434642 0.449901 -0.023045 -0.437499 0.898924 0.0 0.0 0.0 0.0 1.0
LeftFoot 0.993956 0.086554 -0.067522 0.0 -0.093009 0.337269 -0.936803 0.403843 -0.058311 0.937421 0.343281 -0.0 0.0 0.0 0.0 1.0
LeftToeBase 0.974748 0.138718 0.174998 0.0 -2.3E-5 0.78372 -0.621115 0.212853 -0.223309 0.605426 0.763932 0.0 0.0 0.0 0.0 1.0
RightUpLeg -0.999408 0.025799 -0.022779 -0.078926 -0.024123 -0.997186 -0.070979 -0.051168 -0.024546 -0.070388 0.997218 0.021155 0.0 0.0 0.0 1.0
RightLeg 0.992714 -0.010524 -0.120033 0.0 0.047861 0.948662 0.312649 0.450627 0.110581 -0.316116 0.942254 0.0 0.0 0.0 0.0 1.0
RightFoot 0.998302 -0.057514 0.009234 0.0 0.03186 0.406411 -0.913135 0.403185 0.048765 0.911878 0.407553 0.0 0.0 0.0 0.0 1.0
RightToeBase 0.975251 -0.139015 -0.171932 -0.0 -0.006794 0.758406 -0.651746 0.209681 0.220997 0.636784 0.738692 0.0 0.0 0.0 0.0 1.0
Time 0.1
Hips 0.971596 0.113559 -0.207619 0.024834 -0.103995 0.992975 0.056448 1.018948 0.212571 -0.033253 0.97658 -0.026562 0.0 0.0 0.0 1.0
Spine 0.998789 -0.040247 0.028304 0.0 0.04122 0.998548 -0.034682 0.092381 -0.026867 0.035806 0.998998 0.001307 0.0 0.0 0.0 1.0
Spine1 0.998297 -0.00789 0.057805 0.0 0.011752 0.997699 -0.066767 0.107789 -0.057146 0.067333 0.996093 -0.0 0.0 0.0 0.0 1.0
Spine2 0.998462 -0.010516 0.054433 0.0 0.014253 0.997534 -0.068726 0.123187 -0.053576 0.069396 0.996149 0.0 0.0 0.0 0.0 1.0
Neck 0.994674 -0.102854 -0.006618 -0.0 0.103042 0.990988 0.085589 0.138586 -0.002245 -0.085815 0.996309 -0.0 0.0 0.0 0.0 1.0
Head 0.988491 -0.117066 0.095814 -0.0 0.09223 0.968407 0.231692 0.040313 -0.11991 -0.220189 0.968059 0.011037 0.0 0.0 0.0 1.0
LeftShoulder -0.308384 0.915072 -0.259892 0.07447 -0.022301 -0.280087 -0.959716 0.122371 -0.951001 -0.290165 0.106781 2.82E-4 0.0 0.0 0.0 1.0
LeftArm 0.692536 -0.010985 0.7213 -0.0 0.482497 0.750365 -0.451829 0.155382 -0.536275 0.660933 0.524955 0.0 0.0 0.0 0.0 1.0
LeftForeArm 0.37192 -0.928197 -0.011232 0.0 0.928242 0.371799 0.01149 0.248813 -0.006489 -0.014699 0.999871 0.0 0.0 0.0 0.0 1.0
LeftHand 0.950379 0.162686 0.265164 0.0 -0.165549 0.986132 -0.011673 0.225832 -0.263386 -0.032804 0.964133 0.0 0.0 0.0 0.0 1.0
LeftHandThumb1 0.883551 -0.101853 0.457125 -0.024222 0.207862 0.959945 -0.187878 0.018653 -0.41968 0.261019 0.869332 0.022191 0.0 0.0 0.0 1.0
LeftHandThumb2 0.998412 0.024997 -0.05048 5.35E-4 -0.025808 0.999547 -0.015479 0.030217 0.05007 0.016757 0.998605 0.0 0.0 0.0 0.0 1.0
LeftHandThumb3 0.995791 -0.089576 -0.019382 -4.89E-4 0.091385 0.954431 0.284095 0.043101 -0.006949 -0.284671 0.9586 0.0 0.0 0.0 0.0 1.0
LeftHandIndex1 0.997202 0.059136 0.045737 0.0 -0.044331 0.960369 -0.275182 0.113343 -0.060198 0.272385 0.960303 -5.0E-6 0.0 0.0 0.0 1.0
LeftHandIndex2 0.986185 0.133522 -0.098038 0.001041 -0.157826 0.577643 -0.800886 0.032903 -0.050305 0.805295 0.590736 -0.0 0.0 0.0 0.0 1.0
LeftHandIndex3 0.957815 0.265567 -0.109842 0.001107 -0.240908 0.533545 -0.810736 0.033648 -0.156699 0.802997 0.575015 0.0 0.0 0.0 0.0 1.0
RightShoulder 0.043345 -0.808235 0.587263 -0.07447 4.23E-4 -0.587801 -0.809006 0.12237 0.99906 0.035315 -0.025137 1.76E-4 0.0 0.0 0.0 1.0
RightArm 0.808075 0.588801 -0.018112 0.0 -0.489747 0.654411 -0.576102 0.155382 -0.327357 0.474404 0.817177 0.0 0.0 0.0 0.0 1.0
RightForeArm -0.500682 0.86532 0.023194 0.0 -0.865359 -0.501017 0.011662 0.248824 0.021712 -0.014232 0.999663 -0.0 0.0 0.0 0.0 1.0
RightHand 0.953596 0.248569 -0.169904 0.0 -0.283453 0.931437 -0.22821 0.225701 0.101529 0.26578 0.958672 -0.0 0.0 0.0 0.0 1.0
RightHandThumb1 0.870429 0.066682 -0.487756 0.023976 -0.307054 0.84798 -0.432028 0.019052 0.384799 0.525818 0.758581 0.017779 0.0 0.0 0.0 1.0
RightHandThumb2 0.949435 -0.313907 -0.005978 -0.001245 0.313261 0.94841 -0.048847 0.028301 0.021003 0.044504 0.998788 0.0 0.0 0.0 0.0 1.0
RightHandThumb3 0.875693 -0.465812 -0.127203 0.002262 0.481086 0.864257 0.147024 0.044358 0.04145 -0.189944 0.98092 0.0 0.0 0.0 0.0 1.0
RightHandIndex1 0.972071 0.117868 -0.202944 0.0 -0.167382 0.954328 -0.247471 0.112301 0.164506 0.274529 0.947403 3.4E-5 0.0 0.0 0.0 1.0
RightHandIndex2 0.997004 -0.057566 0.051666 -0.001192 0.077351 0.74429 -0.663362 0.035377 -2.68E-4 0.665371 0.746513 0.0 0.0 0.0 0.0 1.0
RightHandIndex3 0.970095 -0.231422 0.073213 -0.00124 0.21093 0.654505 -0.726038 0.032704 0.120103 0.719769 0.683746 -0.0 0.0 0.0 0.0 1.0
LeftUpLeg -0.936666 0.286477 0.201466 0.078926 -0.272198 -0.957447 0.095935 -0.051168 0.220376 0.035021 0.974786 0.016768 0.0 0.0 0.0 1.0
LeftLeg 0.985463 -0.162532 -0.049449 -0.0 0.168923 0.90647 0.38701 0.449901 -0.018078 -0.389738 0.920749 0.0 0.0 0.0 0.0 1.0
LeftFoot 0.991715 0.096868 -0.084373 0.0 -0.113715 0.356448 -0.927369 0.403843 -0.059758 0.92928 0.36451 -0.0 0.0 0.0 0.0 1.0
LeftToeBase 0.974748 0.138718 0.174998 0.0 -2.3E-5 0.78372 -0.621115 0.212853 -0.223309 0.605426 0.763932 0.0 0.0 0.0 0.0 1.0
RightUpLeg -0.999619 0.023139 -0.015031 -0.078926 -0.022768 -0.999444 -0.024342 -0.051168 -0.015586 -0.02399 0.999591 0.021155 0.0 0.0 0.0 1.0
RightLeg 0.986696 -0.004352 -0.162521 0.0 0.04868 0.961687 0.269793 0.450627 0.15512 -0.274115 0.949104 0.0 0.0 0.0 0.0 1.0
RightFoot 0.997342 -0.072022 0.011068 0.0 0.041369 0.434615 -0.899666 0.403185 0.059986 0.897732 0.436439 0.0 0.0 0.0 0.0 1.0
RightToeBase 0.975345 -0.138871 -0.171514 -0.0 -0.004401 0.764792 -0.644262 0.209681 0.220642 0.629133 0.745325 -0.0 0.0 0.0 0.0 1.0
Time 0.133333
Hips 0.956566 0.113801 -0.268387 0.036136 -0.110985 0.99349 0.02569 1.016959 0.269563 0.005213 0.962969 -0.033803 0.0 0.0 0.0 1.0
Spine 0.999252 -0.030909 0.023249 0.0 0.031996 0.998338 -0.04794 0.092381 -0.021729 0.048648 0.99858 0.001307 0.0 0.0 0.0 1.0
Spine1 0.99802 -0.021672 0.059037 0.0 0.025555 0.997503 -0.065832 0.107789 -0.057463 0.06721 0.996083 -0.0 0.0 0.0 0.0 1.0
Spine2 0.998218 -0.024267 0.054523 -0.0 0.027956 0.997297 -0.067949 0.123187 -0.052726 0.069352 0.996198 0.0 0.0 0.0 0.0 1.0
Neck 0.992531 -0.121898 -0.004709 -0.0 0.121664 0.986334 0.111103 0.138586 -0.008899 -0.110846 0.993798 -0.0 0.0 0.0 0.0 1.0
Head 0.977736 -0.180407 0.107168 0.0 0.137108 0.935875 0.324561 0.040313 -0.158848 -0.302641 0.939774 0.011037 0.0 0.0 0.0 1.0
LeftShoulder -0.307926 0.916823 -0.254197 0.07447 -0.023019 -0.274281 -0.961374 0.122371 -0.951132 -0.290181 0.105563 2.82E-4 0.0 0.0 0.0 1.0
LeftArm 0.631539 0.014213 0.775214 0.0 0.468147 0.790018 -0.395867 0.155382 -0.61806 0.612919 0.492273 0.0 0.0 0.0 0.0 1.0
LeftForeArm 0.301007 -0.953545 -0.012091 -0.0 0.95359 0.300868 0.012038 0.248813 -0.007841 -0.015153 0.999854 0.0 0.0 0.0 0.0 1.0
LeftHand 0.96277 0.184962 0.197137 0.0 -0.187867 0.982186 -0.004028 0.225832 -0.19437 -0.033158 0.980368 0.0 0.0 0.0 0.0 1.0
LeftHandThumb1 0.883552 -0.101846 0.457126 -0.024222 0.207856 0.959946 -0.187879 0.018653 -0.419681 0.261017 0.869332 0.022191 0.0 0.0 0.0 1.0
LeftHandThumb2 0.998415 0.025005 -0.05043 5.35E-4 -0.025817 0.999546 -0.015506 0.030217 0.050019 0.016784 0.998607 0.0 0.0 0.0 0.0 1.0
LeftHandThumb3 0.995793 -0.089578 -0.019273 -4.89E-4 0.091357 0.954445 0.284058 0.043101 -0.00705 -0.284624 0.958613 0.0 0.0 0.0 0.0 1.0
LeftHandIndex1 0.997144 0.060595 0.045079 0.0 -0.045461 0.958211 -0.282426 0.113343 -0.060309 0.27957 0.958229 -5.0E-6 0.0 0.0 0.0 1.0
LeftHandIndex2 0.985977 0.134136 -0.099284 0.001041 -0.158811 0.571387 -0.805168 0.032903 -0.051272 0.809645 0.584677 -0.0 0.0 0.0 0.0 1.0
LeftHandIndex3 0.957523 0.266097 -0.111097 0.001107 -0.241037 0.527126 -0.814886 0.033648 -0.158276 0.807051 0.568874 0.0 0.0 0.0 0.0 1.0
RightShoulder 0.051374 -0.807956 0.586999 -0.07447 7.47E-4 -0.587744 -0.809047 0.12237 0.998679 0.042003 -0.029591 1.76E-4 0.0 0.0 0.0 1.0
RightArm 0.784449 0.620099 -0.010804 -0.0 -0.509908 0.634942 -0.580382 0.155382 -0.353034 0.460789 0.814273 0.0 0.0 0.0 0.0 1.0
RightForeArm -0.502379 0.864336 0.023218 0.0 -0.864375 -0.502714 0.011627 0.248824 0.021721 -0.014228 0.999663 0.0 0.0 0.0 0.0 1.0
RightHand 0.949989 0.280644 -0.13697 -0.0 -0.305212 0.927218 -0.217053 0.225701 0.066086 0.248003 0.966503 -0.0 0.0 0.0 0.0 1.0
RightHandThumb1 0.870426 0.066891 -0.487734 0.023976 -0.306918 0.848356 -0.431385 0.019052 0.384916 0.525183 0.758961 0.017779 0.0 0.0 0.0 1.0
RightHandThumb2 0.949435 -0.313907 -0.005978 -0.001245 0.313261 0.94841 -0.048847 0.028301 0.021003 0.044504 0.998788 -0.0 0.0 0.0 0.0 1.0
RightHandThumb3 0.875693 -0.465812 -0.127203 0.002262 0.481086 0.864257 0.147024 0.044358 0.04145 -0.189944 0.98092 0.0 0.0 0.0 0.0 1.0
RightHandIndex1 0.972365 0.114696 -0.203348 0.0 -0.166169 0.951824 -0.257717 0.112301 0.163992 0.284385 0.94458 3.4E-5 0.0 0.0 0.0 1.0
RightHandIndex2 0.996918 -0.05814 0.052663 -0.001192 0.078445 0.737138 -0.671173 0.035377 2.03E-4 0.673236 0.739427 0.0 0.0 0.0 0.0 1.0
RightHandIndex3 0.969905 -0.231872 0.074298 -0.00124 0.210739 0.646588 -0.733153 0.032704 0.121958 0.726746 0.675993 -0.0 0.0 0.0 0.0 1.0
LeftUpLeg -0.937902 0.286311 0.19587 0.078926 -0.269028 -0.956788 0.110361 -0.051168 0.219004 0.050813 0.9744 0.016768 0.0 0.0 0.0 1.0
LeftLeg 0.985495 -0.159278 -0.058574 0.0 0.169556 0.909588 0.379343 0.449901 -0.007143 -0.383772 0.9234 0.0 0.0 0.0 0.0 1.0
LeftFoot 0.981693 0.128924 -0.140205 0.0 -0.176571 0.339965 -0.923713 0.403843 -0.071424 0.931559 0.356506 0.0 0.0 0.0 0.0 1.0
LeftToeBase 0.974748 0.138718 0.174998 0.0 -2.3E-5 0.78372 -0.621115 0.212853 -0.223309 0.605426 0.763932 0.0 0.0 0.0 0.0 1.0
RightUpLeg -0.99975 0.020927 -0.007937 -0.078926 -0.021233 -0.998945 0.040721 -0.051168 -0.007076 0.040879 0.999139 0.021155 0.0 0.0 0.0 1.0
RightLeg 0.986096 0.002324 -0.166158 0.0 0.047086 0.955014 0.292799 0.450627 0.159363 -0.296552 0.941626 -0.0 0.0 0.0 0.0 1.0
RightFoot 0.99329 -0.115444 -0.006831 0.0 0.044119 0.432885 -0.900369 0.403185 0.1069 0.894027 0.435073 0.0 0.0 0.0 0.0 1.0
RightToeBase 0.975414 -0.138771 -0.171205 -0.0 -0.002756 0.769111 -0.63911 0.209681 0.220365 0.623868 0.749819 0.0 0.0 0.0 0.0 1.0
Time 0.166667
Hips 0.93947 0.11471 -0.322859 0.048175 -0.11866 0.992907 0.007493 1.012519 0.321428 0.031271 0.946417 -0.041583 0.0 0.0 0.0 1.0
Spine 0.999767 -0.014332 0.016153 -0.0 0.015427 0.997441 -0.069807 0.092381 -0.015111 0.07004 0.99743 0.001307 0.0 0.0 0.0 1.0
Spine1 0.997605 -0.039268 0.056946 0.0 0.04319 0.996657 -0.069349 0.107789 -0.054033 0.071643 0.995966 0.0 0.0 0.0 0.0 1.0
Spine2 0.997832 -0.041392 0.05117 -0.0 0.044999 0.996427 -0.071474 0.123187 -0.048029 0.073621 0.996129 0.0 0.0 0.0 0.0 1.0
Neck 0.990155 -0.139967 -0.001213 -0.0 0.138912 0.981558 0.131331 0.138586 -0.017191 -0.130207 0.991338 -0.0 0.0 0.0 0.0 1.0
Head 0.961181 -0.248559 0.119787 0.0 0.182908 0.899038 0.397839 0.040313 -0.206579 -0.360485 0.909602 0.011037 0.0 0.0 0.0 1.0
LeftShoulder -0.2956 0.918465 -0.262758 0.07447 -0.021448 -0.281361 -0.959362 0.122371 -0.955071 -0.277952 0.102869 2.82E-4 0.0 0.0 0.0 1.0
LeftArm 0.585167 0.035659 0.810128 -0.0 0.438647 0.826335 -0.353213 0.155382 -0.682033 0.562049 0.467902 0.0 0.0 0.0 0.0 1.0
LeftForeArm 0.223211 -0.974682 -0.013072 0.0 0.97473 0.22306 0.012066 0.248813 -0.008845 -0.015435 0.999842 0.0 0.0 0.0 0.0 1.0
LeftHand 0.972579 0.203744 0.112152 -0.0 -0.206463 0.978367 0.01307 0.225832 -0.107063 -0.035867 0.993605 0.0 0.0 0.0 0.0 1.0
LeftHandThumb1 0.883548 -0.101884 0.457124 -0.024222 0.207893 0.95994 -0.187873 0.018653 -0.419671 0.261027 0.869334 0.022191 0.0 0.0 0.0 1.0
LeftHandThumb2 0.998418 0.025016 -0.050366 5.35E-4 -0.025828 0.999546 -0.015541 0.030217 0.049954 0.016818 0.99861 0.0 0.0 0.0 0.0 1.0
LeftHandThumb3 0.995791 -0.089623 -0.019164 -4.89E-4 0.091369 0.954454 0.284025 0.043101 -0.007164 -0.284581 0.958625 0.0 0.0 0.0 0.0 1.0
LeftHandIndex1 0.997074 0.062317 0.04428 0.0 -0.046799 0.955572 -0.291019 0.113343 -0.060448 0.288095 0.955692 -5.0E-6 0.0 0.0 0.0 1.0
LeftHandIndex2 0.985727 0.134852 -0.100778 0.001041 -0.159977 0.563904 -0.810197 0.032903 -0.052428 0.814756 0.577429 -0.0 0.0 0.0 0.0 1.0
LeftHandIndex3 0.957175 0.266716 -0.112601 0.001107 -0.24118 0.51945 -0.819758 0.033648 -0.160152 0.811809 0.561531 0.0 0.0 0.0 0.0 1.0
RightShoulder 0.062536 -0.807102 0.587091 -0.07447 0.00165 -0.588158 -0.808744 0.12237 0.998041 0.051544 -0.03545 1.76E-4 0.0 0.0 0.0 1.0
RightArm 0.759436 0.65058 -0.001456 0.0 -0.529278 0.616533 -0.582881 0.155382 -0.378313 0.443432 0.812556 0.0 0.0 0.0 0.0 1.0
RightForeArm -0.491713 0.870452 0.023073 0.0 -0.87049 -0.492046 0.011731 0.248824 0.021565 -0.014316 0.999665 0.0 0.0 0.0 0.0 1.0
RightHand 0.943523 0.311325 -0.113324 -0.0 -0.328931 0.921151 -0.208053 0.225701 0.039616 0.233578 0.971531 -0.0 0.0 0.0 0.0 1.0
RightHandThumb1 0.870421 0.06714 -0.487708 0.023976 -0.306756 0.848801 -0.430625 0.019052 0.385055 0.524432 0.75941 0.017779 0.0 0.0 0.0 1.0
RightHandThumb2 0.949435 -0.313907 -0.005978 -0.001245 0.313261 0.94841 -0.048847 0.028301 0.021003 0.044504 0.998788 -0.0 0.0 0.0 0.0 1.0
RightHandThumb3 0.875693 -0.465812 -0.127203 0.002262 0.481086 0.864257 0.147024 0.044358 0.04145 -0.189944 0.98092 0.0 0.0 0.0 0.0 1.0
RightHandIndex1 0.972705 0.110982 -0.203786 -0.0 -0.164748 0.948753 -0.269677 0.112301 0.163413 0.295889 0.941141 3.4E-5 0.0 0.0 0.0 1.0
RightHandIndex2 0.996817 -0.058797 0.053844 -0.001192 0.079723 0.728657 -0.680222 0.035377 7.61E-4 0.68235 0.731025 0.0 0.0 0.0 0.0 1.0
RightHandIndex3 0.969681 -0.232391 0.075581 -0.00124 0.210501 0.63722 -0.741377 0.032704 0.124128 0.73481 0.666819 0.0 0.0 0.0 0.0 1.0
LeftUpLeg -0.938045 0.288896 0.19134 0.078926 -0.267988 -0.95489 0.127934 -0.051168 0.219669 0.068731 0.97315 0.016768 0.0 0.0 0.0 1.0
LeftLeg 0.985196 -0.155283 -0.072636 0.0 0.171373 0.903125 0.393697 0.449901 0.004465 -0.400317 0.916366 0.0 0.0 0.0 0.0 1.0
LeftFoot 0.965656 0.161398 -0.203614 -0.0 -0.245779 0.313272 -0.917308 0.403843 -0.084265 0.935848 0.342182 0.0 0.0 0.0 0.0 1.0
LeftToeBase 0.974748 0.138718 0.174998 0.0 -2.3E-5 0.78372 -0.621115 0.212853 -0.223309 0.605426 0.763932 0.0 0.0 0.0 0.0 1.0
RightUpLeg -0.999775 0.021165 0.001167 -0.078926 -0.020926 -0.994251 0.105008 -0.051168 0.003383 0.10496 0.994471 0.021155 0.0 0.0 0.0 1.0
RightLeg 0.987596 0.010677 -0.156655 0.0 0.04367 0.939646 0.339351 0.450627 0.150823 -0.341982 0.927524 0.0 0.0 0.0 0.0 1.0
RightFoot 0.986092 -0.164226 -0.025554 0.0 0.046185 0.418459 -0.90706 0.403185 0.159656 0.893265 0.420224 0.0 0.0 0.0 0.0 1.0
RightToeBase 0.97547 -0.138692 -0.170946 -0.0 -0.001417 0.772592 -0.634902 0.209681 0.220127 0.61957 0.753444 0.0 0.0 0.0 0.0 1.0
Time 0.2
Hips 0.925057 0.127308 -0.357857 0.061187 -0.129591 0.991409 0.017703 1.007159 0.357037 0.029999 0.933608 -0.047248 0.0 0.0 0.0 1.0
Spine 0.999957 -0.00141 0.009137 0.0 0.002264 0.995551 -0.0942 0.092381 -0.008963 0.094216 0.995511 0.001307 0.0 0.0 0.0 1.0
Spine1 0.997127 -0.058105 0.048601 -0.0 0.061911 0.9948 -0.080875 0.107789 -0.043649 0.083652 0.995539 0.0 0.0 0.0 0.0 1.0
Spine2 0.997386 -0.059164 0.041484 0.0 0.062443 0.994607 -0.082807 0.123187 -0.036361 0.085181 0.995702 0.0 0.0 0.0 0.0 1.0
Neck 0.989081 -0.147237 0.006399 0.0 0.145068 0.980328 0.133836 0.138586 -0.025979 -0.131446 0.990983 -0.0 0.0 0.0 0.0 1.0
Head 0.940787 -0.304309 0.149383 -0.0 0.224162 0.889008 0.39927 0.040313 -0.254304 -0.342142 0.904582 0.011037 0.0 0.0 0.0 1.0
LeftShoulder -0.281004 0.916922 -0.283358 0.07447 -0.017616 -0.300133 -0.953735 0.122371 -0.959545 -0.263012 0.100491 2.82E-4 0.0 0.0 0.0 1.0
LeftArm 0.576437 0.038116 0.816252 -0.0 0.413523 0.847953 -0.331625 0.155382 -0.704784 0.5287 0.473029 0.0 0.0 0.0 0.0 1.0
LeftForeArm 0.167773 -0.98573 -0.013759 0.0 0.985778 0.167611 0.012202 0.248813 -0.009722 -0.01561 0.999831 0.0 0.0 0.0 0.0 1.0
LeftHand 0.964823 0.229359 0.128496 -0.0 -0.225612 0.973259 -0.04319 0.225832 -0.134966 0.01268 0.990769 0.0 0.0 0.0 0.0 1.0
LeftHandThumb1 0.883535 -0.102017 0.45712 -0.024222 0.208026 0.959916 -0.18785 0.018653 -0.419633 0.261064 0.869341 0.022191 0.0 0.0 0.0 1.0
LeftHandThumb2 0.99842 0.025025 -0.050312 5.35E-4 -0.025838 0.999545 -0.015571 0.030217 0.0499 0.016846 0.998612 0.0 0.0 0.0 0.0 1.0
LeftHandThumb3 0.995779 -0.08975 -0.019212 -4.89E-4 0.091503 0.954431 0.284056 0.043101 -0.007157 -0.284615 0.958615 0.0 0.0 0.0 0.0 1.0
LeftHandIndex1 0.996984 0.064413 0.043293 -0.0 -0.048432 0.952249 -0.301458 0.113343 -0.060643 0.298452 0.952496 -5.0E-6 0.0 0.0 0.0 1.0
LeftHandIndex2 0.985422 0.135707 -0.102604 0.001041 -0.161381 0.554723 -0.816235 0.032903 -0.053852 0.820894 0.568536 -0.0 0.0 0.0 0.0 1.0
LeftHandIndex3 0.956752 0.267451 -0.114439 0.001107 -0.241328 0.510038 -0.825604 0.033648 -0.16244 0.817515 0.552523 0.0 0.0 0.0 0.0 1.0
RightShoulder 0.071184 -0.798908 0.597225 -0.07447 0.003358 -0.598549 -0.801079 0.12237 0.997458 0.05903 -0.039924 1.76E-4 0.0 0.0 0.0 1.0
RightArm 0.736211 0.676739 0.004178 0.0 -0.553627 0.605807 -0.571397 0.155382 -0.389218 0.418356 0.820663 0.0 0.0 0.0 0.0 1.0
RightForeArm -0.450524 0.89248 0.022518 0.0 -0.89252 -0.450847 0.012028 0.248824 0.020887 -0.014678 0.999674 0.0 0.0 0.0 0.0 1.0
RightHand 0.93748 0.331055 -0.107394 0.0 -0.346966 0.913192 -0.213764 0.225701 0.027303 0.237661 0.970964 -0.0 0.0 0.0 0.0 1.0
RightHandThumb1 0.870417 0.067436 -0.487675 0.023976 -0.306563 0.849332 -0.429715 0.019052 0.38522 0.523534 0.759946 0.017779 0.0 0.0 0.0 1.0
RightHandThumb2 0.949435 -0.313907 -0.005978 -0.001245 0.313261 0.94841 -0.048847 0.028301 0.021003 0.044504 0.998788 -0.0 0.0 0.0 0.0 1.0
RightHandThumb3 0.875693 -0.465812 -0.127203 0.002262 0.481086 0.864257 0.147025 0.044358 0.04145 -0.189944 0.98092 0.0 0.0 0.0 0.0 1.0
RightHandIndex1 0.97309 0.106596 -0.204286 0.0 -0.163073 0.944943 -0.283708 0.112301 0.162796 0.309386 0.936898 3.4E-5 0.0 0.0 0.0 1.0
RightHandIndex2 0.996695 -0.059553 0.055243 -0.001192 0.081217 0.71852 -0.690748 0.035377 0.001443 0.692952 0.720982 0.0 0.0 0.0 0.0 1.0
RightHandIndex3 0.969421 -0.232979 0.077098 -0.00124 0.210179 0.626056 -0.750918 0.032704 0.126681 0.74416 0.655879 0.0 0.0 0.0 0.0 1.0
LeftUpLeg -0.93288 0.300357 0.198797 0.078926 -0.275057 -0.950401 0.145196 -0.051168 0.232548 0.08077 0.969225 0.016768 0.0 0.0 0.0 1.0
LeftLeg 0.984084 -0.150983 -0.093717 -0.0 0.176911 0.88216 0.436459 0.449901 0.016776 -0.446092 0.89483 0.0 0.0 0.0 0.0 1.0
LeftFoot 0.958471 0.171979 -0.227503 0.0 -0.270824 0.298861 -0.915061 0.403843 -0.08938 0.938672 0.333025 0.0 0.0 0.0 0.0 1.0
LeftToeBase 0.974748 0.138718 0.174998 0.0 -2.3E-5 0.78372 -0.621115 0.212853 -0.223309 0.605426 0.763932 0.0 0.0 0.0 0.0 1.0
RightUpLeg -0.999353 0.029525 0.020531 -0.078926 -0.026538 -0.99076 0.133003 -0.051168 0.024268 0.132372 0.990903 0.021155 0.0 0.0 0.0 1.0
RightLeg 0.987662 0.024189 -0.154721 -0.0 0.036856 0.924341 0.379784 0.450627 0.152202 -0.3808 0.912045 -0.0 0.0 0.0 0.0 1.0
RightFoot 0.982135 -0.187047 -0.020616 0.0 0.057898 0.404598 -0.91266 0.403185 0.179052 0.895161 0.4082 0.0 0.0 0.0 0.0 1.0
RightToeBase 0.975494 -0.138657 -0.170838 -0.0 -8.26E-4 0.774131 -0.633025 0.209681 0.220024 0.617653 0.755046 0.0 0.0 0.0 0.0 1.0
Time 0.233333
Hips 0.916002 0.140812 -0.375648 0.074025 -0.136335 0.98991 0.038623 1.002219 0.377296 0.015835 0.925957 -0.048112 0.0 0.0 0.0 1.0
Spine 0.999919 0.01245 0.002827 0.0 -0.012075 0.994166 -0.107187 0.092381 -0.004145 0.107144 0.994235 0.001307 0.0 0.0 0.0 1.0
Spine1 0.996559 -0.073216 0.038857 -0.0 0.076596 0.99261 -0.094119 0.107789 -0.031678 0.096771 0.994802 0.0 0.0 0.0 0.0 1.0
Spine2 0.996846 -0.073233 0.030574 0.0 0.075854 0.992498 -0.09588 0.123187 -0.023323 0.097897 0.994923 0.0 0.0 0.0 0.0 1.0
Neck 0.988136 -0.152853 0.014921 -0.0 0.150263 0.982304 0.1118 0.138586 -0.031746 -0.108231 0.993619 -0.0 0.0 0.0 0.0 1.0
Head 0.921738 -0.343099 0.180783 0.0 0.260742 0.893338 0.366008 0.040313 -0.287077 -0.290226 0.912883 0.011037 0.0 0.0 0.0 1.0
LeftShoulder -0.265688 0.916772 -0.298226 0.07447 -0.015708 -0.31342 -0.949485 0.122371 -0.963931 -0.247582 0.097673 2.82E-4 0.0 0.0 0.0 1.0
LeftArm 0.609925 0.034213 0.79172 0.0 0.396863 0.851569 -0.342535 0.155382 -0.685923 0.523125 0.505815 0.0 0.0 0.0 0.0 1.0
LeftForeArm 0.11632 -0.993107 -0.014395 0.0 0.993156 0.116147 0.012293 0.248813 -0.010537 -0.015727 0.999821 0.0 0.0 0.0 0.0 1.0
LeftHand 0.927581 0.310229 0.208209 0.0 -0.272552 0.943021 -0.190856 0.225832 -0.255555 0.120287 0.959282 0.0 0.0 0.0 0.0 1.0
LeftHandThumb1 0.883477 -0.102588 0.457104 -0.024222 0.208592 0.959812 -0.18775 0.018653 -0.419473 0.261221 0.869371 0.022191 0.0 0.0 0.0 1.0
LeftHandThumb2 0.998431 0.025065 -0.050078 5.35E-4 -0.02588 0.999542 -0.0157 0.030217 0.049662 0.016972 0.998622 0.0 0.0 0.0 0.0 1.0
LeftHandThumb3 0.99572 -0.090356 -0.019448 -4.89E-4 0.092151 0.954326 0.284202 0.043101 -0.007119 -0.284777 0.958567 0.0 0.0 0.0 0.0 1.0
LeftHandIndex1 0.996874 0.066832 0.042136 0.0 -0.050327 0.948283 -0.313411 0.113343 -0.060903 0.310311 0.948682 -5.0E-6 0.0 0.0 0.0 1.0
LeftHandIndex2 0.985067 0.136664 -0.104714 0.001041 -0.162975 0.54408 -0.823053 0.032903 -0.055508 0.827828 0.558228 -0.0 0.0 0.0 0.0 1.0
LeftHandIndex3 0.956266 0.26827 -0.116561 0.001107 -0.241466 0.49914 -0.832198 0.033648 -0.165073 0.823948 0.542089 0.0 0.0 0.0 0.0 1.0
RightShoulder 0.075709 -0.785333 0.614426 -0.07447 0.006612 -0.615786 -0.787886 0.12237 0.997108 0.063713 -0.041428 1.76E-4 0.0 0.0 0.0 1.0
RightArm 0.733854 0.679288 0.005079 -0.0 -0.566131 0.615706 -0.548089 0.155382 -0.375437 0.399342 0.836405 0.0 0.0 0.0 0.0 1.0
RightForeArm -0.406508 0.913384 0.021925 0.0 -0.913425 -0.406821 0.01231 0.248824 0.020163 -0.015022 0.999684 -0.0 0.0 0.0 0.0 1.0
RightHand 0.937565 0.326849 -0.118914 -0.0 -0.345313 0.91563 -0.205864 0.225701 0.041595 0.234073 0.971329 -0.0 0.0 0.0 0.0 1.0
RightHandThumb1 0.870445 0.067775 -0.487578 0.023976 -0.306313 0.849934 -0.428701 0.019052 0.385354 0.522512 0.760581 0.017779 0.0 0.0 0.0 1.0
RightHandThumb2 0.949435 -0.313907 -0.005978 -0.001245 0.313261 0.94841 -0.048847 0.028301 0.021003 0.044504 0.998788 0.0 0.0 0.0 0.0 1.0
RightHandThumb3 0.875693 -0.465812 -0.127203 0.002262 0.481086 0.864257 0.147024 0.044358 0.04145 -0.189943 0.98092 0.0 0.0 0.0 0.0 1.0
RightHandIndex1 0.973505 0.101696 -0.204809 -0.0 -0.161205 0.940453 -0.299269 0.112301 0.162179 0.324356 0.931929 3.4E-5 0.0 0.0 0.0 1.0
RightHandIndex2 0.996558 -0.060372 0.056814 -0.001192 0.082871 0.70704 -0.702301 0.035377 0.002229 0.704592 0.709609 0.0 0.0 0.0 0.0 1.0
RightHandIndex3 0.969133 -0.233607 0.078799 -0.00124 0.209777 0.613454 -0.761359 0.032704 0.12952 0.754388 0.643524 0.0 0.0 0.0 0.0 1.0
LeftUpLeg -0.92723 0.309499 0.210845 0.078926 -0.27892 -0.946437 0.162669 -0.051168 0.249898 0.092023 0.963889 0.016768 0.0 0.0 0.0 1.0
LeftLeg 0.984927 -0.140807 -0.100457 -0.0 0.17222 0.852313 0.493865 0.449901 0.016081 -0.503722 0.863716 0.0 0.0 0.0 0.0 1.0
LeftFoot 0.96407 0.16127 -0.211093 0.0 -0.251042 0.293236 -0.922492 0.403843 -0.086871 0.94234 0.323186 0.0 0.0 0.0 0.0 1.0
LeftToeBase 0.974748 0.138718 0.174998 0.0 -2.3E-5 0.78372 -0.621115 0.212853 -0.223309 0.605426 0.763932 0.0 0.0 0.0 0.0 1.0
RightUpLeg -0.999116 0.02869 0.030724 -0.078926 -0.024197 -0.990172 0.137746 -0.051168 0.034374 0.136881 0.989991 0.021155 0.0 0.0 0.0 1.0
RightLeg 0.987542 0.033092 -0.153838 -0.0 0.033459 0.911123 0.410774 0.450627 0.153759 -0.410804 0.898665 0.0 0.0 0.0 0.0 1.0
RightFoot 0.978905 -0.203928 -0.012552 0.0 0.069957 0.392267 -0.917187 0.403185 0.191964 0.896962 0.398258 0.0 0.0 0.0 0.0 1.0
RightToeBase 0.975476 -0.138683 -0.170919 -0.0 -0.001266 0.772985 -0.634423 0.209681 0.220101 0.619081 0.753853 0.0 0.0 0.0 0.0 1.0
Time 0.266667
Hips 0.907025 0.154272 -0.391799 0.086849 -0.135786 0.987922 0.07465 0.996134 0.398583 -0.014508 0.917017 -0.042475 0.0 0.0 0.0 1.0
Spine 0.999714 0.023841 0.001699 -0.0 -0.023439 0.991824 -0.125443 0.092381 -0.004676 0.125367 0.992099 0.001307 0.0 0.0 0.0 1.0
Spine1 0.996308 -0.078649 0.034432 -0.0 0.081935 0.990807 -0.10765 0.107789 -0.025649 0.110074 0.993592 0.0 0.0 0.0 0.0 1.0
Spine2 0.996554 -0.078943 0.025463 -0.0 0.081267 0.990709 -0.109051 0.123187 -0.016618 0.110744 0.99371 0.0 0.0 0.0 0.0 1.0
Neck 0.987297 -0.15725 0.022761 0.0 0.154945 0.98458 0.081204 0.138586 -0.035179 -0.076646 0.996438 -0.0 0.0 0.0 0.0 1.0
Head 0.909712 -0.360538 0.206003 0.0 0.282287 0.9008 0.329959 0.040313 -0.30453 -0.242015 0.921244 0.011037 0.0 0.0 0.0 1.0
LeftShoulder -0.25186 0.914429 -0.316839 0.07447 -0.015512 -0.331165 -0.943445 0.122371 -0.967639 -0.232701 0.097592 2.82E-4 0.0 0.0 0.0 1.0
LeftArm 0.698005 0.063332 0.713287 -0.0 0.372518 0.818579 -0.437217 0.155382 -0.611571 0.570892 0.54778 0.0 0.0 0.0 0.0 1.0
LeftForeArm 0.033146 -0.999334 -0.015275 0.0 0.999366 0.032941 0.013507 0.248813 -0.012995 -0.015713 0.999792 0.0 0.0 0.0 0.0 1.0
LeftHand 0.858154 0.391424 0.332204 0.0 -0.308903 0.910511 -0.274861 0.225832 -0.410062 0.133254 0.902271 0.0 0.0 0.0 0.0 1.0
LeftHandThumb1 0.883477 -0.102588 0.457104 -0.024222 0.208592 0.959812 -0.18775 0.018653 -0.419473 0.261221 0.869371 0.022191 0.0 0.0 0.0 1.0
LeftHandThumb2 0.998431 0.025065 -0.050078 5.35E-4 -0.02588 0.999542 -0.0157 0.030217 0.049662 0.016971 0.998622 0.0 0.0 0.0 0.0 1.0
LeftHandThumb3 0.995719 -0.090361 -0.01945 -4.89E-4 0.092156 0.954325 0.284203 0.043101 -0.007119 -0.284778 0.958567 0.0 0.0 0.0 0.0 1.0
LeftHandIndex1 0.99673 0.06987 0.040601 0.0 -0.052745 0.943142 -0.328178 0.113343 -0.061223 0.324963 0.943743 -5.0E-6 0.0 0.0 0.0 1.0
LeftHandIndex2 0.984627 0.137824 -0.1073 0.001041 -0.164886 0.530737 -0.831343 0.032903 -0.057631 0.836255 0.545304 -0.0 0.0 0.0 0.0 1.0
LeftHandIndex3 0.955678 0.26922 -0.119161 0.001107 -0.24153 0.485494 -0.840213 0.033648 -0.168351 0.831755 0.529001 0.0 0.0 0.0 0.0 1.0
RightShoulder 0.068244 -0.786261 0.614115 -0.07447 0.006923 -0.615162 -0.78837 0.12237 0.997645 0.058053 -0.036537 1.76E-4 0.0 0.0 0.0 1.0
RightArm 0.766357 0.642415 8.98E-4 0.0 -0.545738 0.651764 -0.526663 0.155382 -0.338922 0.403122 0.850073 0.0 0.0 0.0 0.0 1.0
RightForeArm -0.396628 0.917721 0.021793 0.0 -0.917762 -0.396939 0.012352 0.248824 0.019986 -0.015102 0.999686 0.0 0.0 0.0 0.0 1.0
RightHand 0.940542 0.28746 -0.18096 0.0 -0.322835 0.922162 -0.213061 0.225701 0.105628 0.258814 0.960135 -0.0 0.0 0.0 0.0 1.0
RightHandThumb1 0.870473 0.068205 -0.487468 0.023976 -0.306042 0.850646 -0.427481 0.019052 0.385507 0.521296 0.761338 0.017779 0.0 0.0 0.0 1.0
RightHandThumb2 0.949435 -0.313907 -0.005978 -0.001245 0.313261 0.94841 -0.048847 0.028301 0.021003 0.044504 0.998788 -0.0 0.0 0.0 0.0 1.0
RightHandThumb3 0.875693 -0.465812 -0.127203 0.002262 0.481086 0.864257 0.147024 0.044358 0.04145 -0.189943 0.98092 0.0 0.0 0.0 0.0 1.0
RightHandIndex1 0.973938 0.096051 -0.205474 -0.0 -0.159074 0.935017 -0.316922 0.112301 0.161681 0.341347 0.925927 3.4E-5 0.0 0.0 0.0 1.0
RightHandIndex2 0.996399 -0.061289 0.058581 -0.001192 0.084723 0.693691 -0.715273 0.035377 0.003201 0.71766 0.696386 0.0 0.0 0.0 0.0 1.0
RightHandIndex3 0.968823 -0.234239 0.080709 -0.00124 0.209191 0.598864 -0.773047 0.032704 0.132744 0.765829 0.629194 0.0 0.0 0.0 0.0 1.0
LeftUpLeg -0.927119 0.302682 0.220983 0.078926 -0.276175 -0.950396 0.143091 -0.051168 0.253332 0.071633 0.964724 0.016768 0.0 0.0 0.0 1.0
LeftLeg 0.983167 -0.138202 -0.119513 -0.0 0.181 0.826008 0.533806 0.449901 0.024945 -0.546452 0.837119 0.0 0.0 0.0 0.0 1.0
LeftFoot 0.965563 0.155691 -0.208444 0.0 -0.24439 0.267984 -0.931911 0.403843 -0.089231 0.95076 0.296804 0.0 0.0 0.0 0.0 1.0
