Root_Bone_Name Hips
Num_Keyframes 22
Num_Bones 34
Time_Wrapping_Mode LOOP
Time 0.0
Hips 0.72859 0.052011 -0.682973 0.020176 0.001538 0.996986 0.077565 0.929697 0.684949 -0.057563 0.726314 -0.022012 0.0 0.0 0.0 1.0
Spine 0.99826 0.058644 -0.006171 -0.0 -0.058169 0.962167 -0.26618 0.090819 -0.009673 0.266076 0.963904 0.001036 0.0 0.0 0.0 1.0
Spine1 0.99271 0.116369 -0.031377 0.0 -0.116672 0.862549 -0.492339 0.105963 -0.030229 0.49241 0.869838 0.0 0.0 0.0 0.0 1.0
Spine2 0.99271 0.116368 -0.031377 0.0 -0.116672 0.862549 -0.492339 0.1211 -0.030229 0.49241 0.869838 -0.0 0.0 0.0 0.0 1.0
Neck 0.990538 0.113187 0.077608 -0.0 -0.111873 0.993499 -0.021092 0.136238 -0.079491 0.01221 0.996761 -0.0 0.0 0.0 0.0 1.0
Head 0.991466 -0.026911 0.127561 0.0 0.031816 0.998824 -0.036572 0.048508 -0.126426 0.040319 0.991156 0.01342 0.0 0.0 0.0 1.0
LeftShoulder -0.025897 0.974757 -0.221762 0.074603 -0.071823 -0.223078 -0.972151 0.120279 -0.997081 -0.009248 0.075787 2.36E-4 0.0 0.0 0.0 1.0
LeftArm 0.876628 0.176225 -0.447736 0.0 -0.034551 0.951171 0.306725 0.157184 0.479926 -0.253414 0.839912 -0.0 0.0 0.0 0.0 1.0
LeftForeArm 0.931295 -0.333797 -0.14584 0.0 0.31096 0.937034 -0.158969 0.243319 0.189721 0.102697 0.976453 0.0 0.0 0.0 0.0 1.0
LeftHand 0.939864 -0.190743 -0.283325 -0.0 0.317743 0.79257 0.520454 0.221022 0.125282 -0.57918 0.805515 0.0 0.0 0.0 0.0 1.0
LeftHandThumb1 0.836352 -0.281954 0.470124 -0.026336 0.498108 0.74898 -0.43694 0.025057 -0.228917 0.599609 0.766855 0.022961 0.0 0.0 0.0 1.0
LeftHandThumb2 0.998953 0.045649 0.003158 0.00104 -0.04569 0.998852 0.014425 0.034381 -0.002496 -0.014554 0.999891 0.0 0.0 0.0 0.0 1.0
LeftHandThumb3 0.999997 0.001874 0.001479 -5.62E-4 -0.001874 0.999998 2.1E-5 0.044143 -0.001479 -2.4E-5 0.999999 -0.0 0.0 0.0 0.0 1.0
LeftHandIndex1 0.9888 -0.147785 -0.02082 0.0 0.145838 0.986419 -0.075555 0.121989 0.031703 0.071672 0.996924 6.0E-6 0.0 0.0 0.0 1.0
LeftHandIndex2 0.999371 0.032916 -0.013221 0.001042 -0.035303 0.959243 -0.280368 0.032932 0.003454 0.280659 0.959801 0.0 0.0 0.0 0.0 1.0
LeftHandIndex3 0.990977 0.133912 -0.005645 0.001095 -0.133913 0.990993 1.85E-4 0.03356 0.005618 5.72E-4 0.999984 0.0 0.0 0.0 0.0 1.0
RightShoulder -0.222776 -0.952688 0.206776 -0.074603 0.091228 -0.231549 -0.968536 0.120277 0.970592 -0.196903 0.138495 1.28E-4 0.0 0.0 0.0 1.0
RightArm 0.890639 -0.238658 0.387046 0.0 0.152723 0.958748 0.239744 0.157184 -0.428296 -0.154415 0.890347 0.0 0.0 0.0 0.0 1.0
RightForeArm 0.881358 0.469461 0.053058 0.0 -0.467411 0.8828 -0.046811 0.243323 -0.068816 0.016457 0.997494 -0.0 0.0 0.0 0.0 1.0
RightHand 0.991509 0.093457 0.090417 0.0 -0.129044 0.792907 0.595522 0.22105 -0.016037 -0.602133 0.798234 -0.0 0.0 0.0 0.0 1.0
RightHandThumb1 0.844878 0.491098 -0.212142 0.024462 -0.534958 0.774662 -0.337222 0.024251 -0.001271 0.398398 0.917212 0.019483 0.0 0.0 0.0 1.0
RightHandThumb2 0.881223 -0.472444 0.015583 -0.002391 0.472499 0.879404 -0.058251 0.031569 0.013817 0.058695 0.99818 0.0 0.0 0.0 0.0 1.0
RightHandThumb3 0.998578 0.05314 -0.004322 0.00241 -0.053139 0.998587 2.31E-4 0.045062 0.004328 -1.0E-6 0.999991 0.0 0.0 0.0 0.0 1.0
RightHandIndex1 0.999751 0.010826 0.019502 0.0 -0.009276 0.996919 -0.07789 0.123753 -0.020285 0.07769 0.996771 1.2E-5 0.0 0.0 0.0 1.0
RightHandIndex2 0.999307 -0.032894 0.017423 -0.001174 0.036533 0.956407 -0.289742 0.035274 -0.007133 0.290178 0.956946 0.0 0.0 0.0 0.0 1.0
RightHandIndex3 0.988568 -0.150384 0.010874 -9.54E-4 0.15039 0.988627 3.43E-4 0.031699 -0.010802 0.001297 0.999941 0.0 0.0 0.0 0.0 1.0
LeftUpLeg -0.94263 0.318617 0.099658 0.075562 -0.00697 -0.317242 0.948319 -0.050384 0.333766 0.893219 0.301262 0.016543 0.0 0.0 0.0 1.0
LeftLeg 0.999965 0.002424 -0.007991 -0.0 0.008022 -0.544656 0.838621 0.453272 -0.002319 -0.838656 -0.544657 0.0 0.0 0.0 0.0 1.0
LeftFoot 0.961097 0.194783 -0.195835 0.0 -0.272271 0.548798 -0.790373 0.408386 -0.046477 0.812946 0.580482 0.0 0.0 0.0 0.0 1.0
LeftToeBase 0.973931 0.140687 0.17795 -0.0 0.006165 0.767748 -0.640723 0.212811 -0.226762 0.625116 0.746866 0.0 0.0 0.0 0.0 1.0
RightUpLeg -0.910972 -0.395672 -0.116507 -0.075562 0.032322 -0.350074 0.936164 -0.050384 -0.4112 0.849053 0.331697 0.020546 0.0 0.0 0.0 1.0
RightLeg 0.969978 -0.001112 -0.243192 0.0 0.189389 -0.623868 0.758235 0.453812 -0.152563 -0.781529 -0.604927 0.0 0.0 0.0 0.0 1.0
RightFoot 0.924382 -0.319056 0.209098 0.0 0.375053 0.860249 -0.345408 0.407804 -0.069672 0.397711 0.914861 0.0 0.0 0.0 0.0 1.0
RightToeBase 0.975493 -0.139642 -0.170037 -0.0 0.011551 0.804231 -0.594205 0.209222 0.219725 0.577679 0.786135 -0.0 0.0 0.0 0.0 1.0
Time 0.033333
Hips 0.72846 0.051622 -0.683141 0.020568 0.00122 0.997058 0.076644 0.930081 0.685087 -0.056665 0.726254 -0.021675 0.0 0.0 0.0 1.0
Spine 0.998305 0.057963 -0.00529 -0.0 -0.057277 0.962174 -0.266345 0.090819 -0.010349 0.266197 0.963863 0.001036 0.0 0.0 0.0 1.0
Spine1 0.992589 0.117454 -0.031186 0.0 -0.117513 0.862309 -0.492559 0.105963 -0.030961 0.492573 0.86972 0.0 0.0 0.0 0.0 1.0
Spine2 0.992589 0.117454 -0.031186 0.0 -0.117513 0.862309 -0.492559 0.1211 -0.030961 0.492573 0.86972 -0.0 0.0 0.0 0.0 1.0
Neck 0.991378 0.107236 0.075303 0.0 -0.105952 0.994153 -0.020849 0.136238 -0.077098 0.012691 0.996943 -0.0 0.0 0.0 0.0 1.0
Head 0.991556 -0.023753 0.127486 0.0 0.028579 0.998937 -0.036157 0.048508 -0.126492 0.039495 0.991181 0.01342 0.0 0.0 0.0 1.0
LeftShoulder -0.025355 0.974773 -0.221754 0.074603 -0.071647 -0.223027 -0.972176 0.120279 -0.997108 -0.008761 0.075495 2.36E-4 0.0 0.0 0.0 1.0
LeftArm 0.877066 0.170788 -0.448984 0.0 -0.032297 0.953513 0.299616 0.157184 0.479283 -0.248283 0.84181 -0.0 0.0 0.0 0.0 1.0
LeftForeArm 0.935406 -0.322243 -0.145515 0.0 0.29934 0.940783 -0.159133 0.243319 0.188177 0.105296 0.976474 0.0 0.0 0.0 0.0 1.0
LeftHand 0.940485 -0.189315 -0.282219 -0.0 0.316412 0.790787 0.523965 0.221022 0.123981 -0.582078 0.803625 0.0 0.0 0.0 0.0 1.0
LeftHandThumb1 0.836291 -0.289269 0.465769 -0.026336 0.501219 0.747696 -0.435581 0.025057 -0.222254 0.597725 0.770278 0.022961 0.0 0.0 0.0 1.0
LeftHandThumb2 0.99896 0.045452 0.003741 0.00104 -0.045499 0.998873 0.013522 0.034381 -0.003122 -0.013678 0.999902 0.0 0.0 0.0 0.0 1.0
LeftHandThumb3 0.999997 0.001874 0.001479 -5.62E-4 -0.001874 0.999998 2.1E-5 0.044143 -0.001479 -2.3E-5 0.999999 -0.0 0.0 0.0 0.0 1.0
LeftHandIndex1 0.988828 -0.147597 -0.020859 0.0 0.145639 0.986427 -0.075834 0.121989 0.031769 0.071949 0.996902 6.0E-6 0.0 0.0 0.0 1.0
LeftHandIndex2 0.99937 0.032965 -0.013162 0.001042 -0.035331 0.959522 -0.279409 0.032932 0.003419 0.279698 0.960082 0.0 0.0 0.0 0.0 1.0
LeftHandIndex3 0.990977 0.133912 -0.005644 0.001095 -0.133913 0.990993 1.85E-4 0.03356 0.005618 5.72E-4 0.999984 0.0 0.0 0.0 0.0 1.0
RightShoulder -0.222636 -0.953054 0.205235 -0.074603 0.091796 -0.230077 -0.968833 0.120277 0.97057 -0.196857 0.13871 1.28E-4 0.0 0.0 0.0 1.0
RightArm 0.890025 -0.241762 0.38653 0.0 0.153231 0.957127 0.245822 0.157184 -0.429389 -0.15956 0.888913 -0.0 0.0 0.0 0.0 1.0
RightForeArm 0.880051 0.471832 0.0537 -0.0 -0.469788 0.881546 -0.046639 0.243323 -0.069345 0.015817 0.997467 -0.0 0.0 0.0 0.0 1.0
RightHand 0.989669 0.072827 0.123494 0.0 -0.131971 0.799329 0.586222 0.22105 -0.05602 -0.596464 0.800683 -0.0 0.0 0.0 0.0 1.0
RightHandThumb1 0.846642 0.487252 -0.213968 0.024462 -0.532162 0.775551 -0.339592 0.024251 4.76E-4 0.401379 0.915912 0.019483 0.0 0.0 0.0 1.0
RightHandThumb2 0.878984 -0.476574 0.016237 -0.002391 0.476645 0.877095 -0.059276 0.031569 0.014008 0.059842 0.99811 0.0 0.0 0.0 0.0 1.0
RightHandThumb3 0.998578 0.05314 -0.004321 0.00241 -0.053139 0.998587 2.3E-4 0.045062 0.004328 -0.0 0.999991 -0.0 0.0 0.0 0.0 1.0
RightHandIndex1 0.999742 0.010967 0.019891 0.0 -0.009235 0.996323 -0.085182 0.123753 -0.020752 0.084977 0.996167 1.2E-5 0.0 0.0 0.0 1.0
RightHandIndex2 0.999311 -0.032691 0.017583 -0.001174 0.036403 0.955747 -0.29193 0.035274 -0.007262 0.292369 0.956278 0.0 0.0 0.0 0.0 1.0
RightHandIndex3 0.988568 -0.150385 0.010874 -9.54E-4 0.15039 0.988627 3.42E-4 0.031699 -0.010802 0.001297 0.999941 0.0 0.0 0.0 0.0 1.0
LeftUpLeg -0.942942 0.316087 0.104634 0.075562 -5.73E-4 -0.315798 0.948826 -0.050384 0.332955 0.894629 0.297961 0.016543 0.0 0.0 0.0 1.0
LeftLeg 0.999853 0.002271 -0.017022 -0.0 0.015506 -0.545459 0.837994 0.453272 -0.007382 -0.838134 -0.545414 0.0 0.0 0.0 0.0 1.0
LeftFoot 0.962465 0.19168 -0.192147 0.0 -0.267682 0.553528 -0.78864 0.408386 -0.044808 0.810473 0.58406 0.0 0.0 0.0 0.0 1.0
LeftToeBase 0.973931 0.140686 0.177948 0.0 0.006151 0.767783 -0.64068 0.212811 -0.22676 0.625073 0.746903 0.0 0.0 0.0 0.0 1.0
RightUpLeg -0.910152 -0.397328 -0.117277 -0.075562 0.035586 -0.357027 0.933416 -0.050384 -0.412743 0.845377 0.339088 0.020546 0.0 0.0 0.0 1.0
RightLeg 0.974168 -0.002203 -0.225812 -0.0 0.176665 -0.615415 0.76815 0.453812 -0.14066 -0.7882 -0.599128 0.0 0.0 0.0 0.0 1.0
RightFoot 0.935254 -0.296797 0.192902 0.0 0.34869 0.866297 -0.357693 0.407804 -0.060949 0.401797 0.913698 -0.0 0.0 0.0 0.0 1.0
RightToeBase 0.975488 -0.139648 -0.170062 -0.0 0.011413 0.803893 -0.594664 0.209222 0.219755 0.578147 0.785782 0.0 0.0 0.0 0.0 1.0
Time 0.066667
Hips 0.728474 0.050089 -0.683239 0.020983 0.001677 0.99719 0.074893 0.930433 0.685071 -0.055703 0.726343 -0.021279 0.0 0.0 0.0 1.0
Spine 0.998337 0.057465 -0.004642 -0.0 -0.056622 0.962154 -0.266558 0.090819 -0.010851 0.266378 0.963808 0.001036 0.0 0.0 0.0 1.0
Spine1 0.992389 0.119015 -0.031628 0.0 -0.119077 0.861937 -0.492833 0.105963 -0.031393 0.492848 0.869549 0.0 0.0 0.0 0.0 1.0
Spine2 0.992389 0.119015 -0.031628 -0.0 -0.119077 0.861937 -0.492833 0.1211 -0.031393 0.492848 0.869549 0.0 0.0 0.0 0.0 1.0
Neck 0.992255 0.100705 0.072726 -0.0 -0.099449 0.994827 -0.020698 0.136238 -0.074434 0.013305 0.997137 -0.0 0.0 0.0 0.0 1.0
Head 0.991683 -0.020724 0.127022 0.0 0.025349 0.999069 -0.034903 0.048508 -0.12618 0.037833 0.991286 0.01342 0.0 0.0 0.0 1.0
LeftShoulder -0.024341 0.974809 -0.221711 0.074603 -0.071315 -0.222905 -0.972228 0.120279 -0.997157 -0.007854 0.074944 2.36E-4 0.0 0.0 0.0 1.0
LeftArm 0.877849 0.162732 -0.450444 -0.0 -0.028072 0.956372 0.290801 0.157184 0.478114 -0.242634 0.844118 -0.0 0.0 0.0 0.0 1.0
LeftForeArm 0.939416 -0.310656 -0.144879 -0.0 0.287715 0.944364 -0.159365 0.243319 0.186326 0.108027 0.976531 0.0 0.0 0.0 0.0 1.0
LeftHand 0.941467 -0.187491 -0.280154 0.0 0.314331 0.788527 0.528603 0.221022 0.1218 -0.585724 0.801307 0.0 0.0 0.0 0.0 1.0
LeftHandThumb1 0.836268 -0.301634 0.457901 -0.026336 0.506254 0.745525 -0.433474 0.025057 -0.210626 0.594314 0.776162 0.022961 0.0 0.0 0.0 1.0
LeftHandThumb2 0.998971 0.045098 0.004831 0.00104 -0.045152 0.99891 0.011831 0.034381 -0.004292 -0.012037 0.999918 0.0 0.0 0.0 0.0 1.0
LeftHandThumb3 0.999997 0.001874 0.001479 -5.62E-4 -0.001874 0.999998 2.1E-5 0.044143 -0.001479 -2.4E-5 0.999999 -0.0 0.0 0.0 0.0 1.0
LeftHandIndex1 0.988877 -0.147264 -0.020879 -0.0 0.145274 0.986405 -0.076817 0.121989 0.031908 0.072929 0.996827 6.0E-6 0.0 0.0 0.0 1.0
LeftHandIndex2 0.999369 0.033039 -0.013073 0.001042 -0.035371 0.959948 -0.277935 0.032932 0.003367 0.278222 0.960511 0.0 0.0 0.0 0.0 1.0
LeftHandIndex3 0.990977 0.133912 -0.005644 0.001095 -0.133913 0.990993 1.85E-4 0.03356 0.005618 5.72E-4 0.999984 -0.0 0.0 0.0 0.0 1.0
RightShoulder -0.222373 -0.953731 0.202353 -0.074603 0.092858 -0.227325 -0.969382 0.120277 0.97053 -0.196774 0.139113 1.28E-4 0.0 0.0 0.0 1.0
RightArm 0.888892 -0.245731 0.386635 0.0 0.154145 0.955188 0.252697 0.157184 -0.431405 -0.165022 0.886937 -0.0 0.0 0.0 0.0 1.0
RightForeArm 0.878805 0.474014 0.054887 0.0 -0.471976 0.880392 -0.046344 0.243323 -0.07029 0.014822 0.997416 -0.0 0.0 0.0 0.0 1.0
RightHand 0.982596 0.035289 0.182371 0.0 -0.135971 0.805542 0.576727 0.22105 -0.126555 -0.591487 0.796321 -0.0 0.0 0.0 0.0 1.0
RightHandThumb1 0.849468 0.480724 -0.217507 0.024462 -0.527629 0.776695 -0.344024 0.024251 0.003556 0.407 0.913421 0.019483 0.0 0.0 0.0 1.0
RightHandThumb2 0.874868 -0.484046 0.017458 -0.002391 0.484149 0.872849 -0.061115 0.031569 0.014345 0.06192 0.997978 0.0 0.0 0.0 0.0 1.0
RightHandThumb3 0.998578 0.05314 -0.004322 0.00241 -0.053139 0.998587 2.3E-4 0.045062 0.004328 -0.0 0.999991 0.0 0.0 0.0 0.0 1.0
RightHandIndex1 0.999725 0.011227 0.020608 0.0 -0.009145 0.9951 -0.098447 0.123753 -0.021613 0.098232 0.994929 1.2E-5 0.0 0.0 0.0 1.0
RightHandIndex2 0.999318 -0.032329 0.017864 -0.001174 0.036169 0.954572 -0.295776 0.035274 -0.007491 0.29622 0.95509 0.0 0.0 0.0 0.0 1.0
RightHandIndex3 0.988568 -0.150385 0.010874 -9.54E-4 0.15039 0.988627 3.42E-4 0.031699 -0.010802 0.001297 0.999941 0.0 0.0 0.0 0.0 1.0
LeftUpLeg -0.943267 0.312752 0.111505 0.075562 0.008261 -0.313614 0.949515 -0.050384 0.331932 0.896567 0.293238 0.016543 0.0 0.0 0.0 1.0
LeftLeg 0.999691 0.001772 -0.0248 0.0 0.021723 -0.547527 0.836506 0.453272 -0.012096 -0.836786 -0.547396 0.0 0.0 0.0 0.0 1.0
LeftFoot 0.963561 0.189046 -0.189238 0.0 -0.264173 0.561525 -0.784157 0.408386 -0.04198 0.805575 0.591005 0.0 0.0 0.0 0.0 1.0
LeftToeBase 0.973932 0.140685 0.177943 0.0 0.006126 0.767849 -0.640602 0.212811 -0.226756 0.624993 0.746971 -0.0 0.0 0.0 0.0 1.0
RightUpLeg -0.908599 -0.401018 -0.116757 -0.075562 0.040356 -0.362528 0.931099 -0.050384 -0.415715 0.841284 0.345576 0.020546 0.0 0.0 0.0 1.0
RightLeg 0.977103 -0.003946 -0.212729 0.0 0.166837 -0.606275 0.777557 0.453812 -0.132041 -0.795245 -0.591735 0.0 0.0 0.0 0.0 1.0
RightFoot 0.946047 -0.27273 0.174965 0.0 0.319861 0.872357 -0.369706 0.407804 -0.051802 0.405724 0.912526 -0.0 0.0 0.0 0.0 1.0
RightToeBase 0.975478 -0.139661 -0.170108 0.0 0.011154 0.80326 -0.595524 0.209222 0.219813 0.579023 0.785121 0.0 0.0 0.0 0.0 1.0
Time 0.1
Hips 0.728512 0.048378 -0.683322 0.021395 0.002261 0.997328 0.073019 0.930775 0.685029 -0.05474 0.726457 -0.020879 0.0 0.0 0.0 1.0
Spine 0.998366 0.057001 -0.004045 -0.0 -0.056013 0.962129 -0.266777 0.090819 -0.011315 0.266567 0.96375 0.001036 0.0 0.0 0.0 1.0
Spine1 0.992175 0.120636 -0.032184 0.0 -0.120748 0.861545 -0.493113 0.105963 -0.031759 0.49314 0.86937 0.0 0.0 0.0 0.0 1.0
Spine2 0.992175 0.120636 -0.032184 0.0 -0.120748 0.861545 -0.493113 0.1211 -0.031759 0.49314 0.86937 -0.0 0.0 0.0 0.0 1.0
Neck 0.993081 0.094181 0.070146 0.0 -0.092952 0.995458 -0.020595 0.136238 -0.071767 0.013932 0.997324 -0.0 0.0 0.0 0.0 1.0
Head 0.991807 -0.017773 0.1265 0.0 0.02218 0.999192 -0.033513 0.048508 -0.125802 0.036044 0.9914 0.01342 0.0 0.0 0.0 1.0
LeftShoulder -0.023257 0.974848 -0.221654 0.074603 -0.070959 -0.222764 -0.972286 0.120279 -0.997208 -0.006884 0.074355 2.36E-4 0.0 0.0 0.0 1.0
LeftArm 0.878648 0.154293 -0.451853 0.0 -0.023524 0.959188 0.281788 0.157184 0.47689 -0.236963 0.846419 -0.0 0.0 0.0 0.0 1.0
LeftForeArm 0.943265 -0.299088 -0.144216 -0.0 0.276108 0.947773 -0.159657 0.243319 0.184435 0.11078 0.976582 0.0 0.0 0.0 0.0 1.0
LeftHand 0.942484 -0.185671 -0.27794 0.0 0.31215 0.786264 0.533246 0.221022 0.119525 -0.589335 0.798998 0.0 0.0 0.0 0.0 1.0
LeftHandThumb1 0.836192 -0.314161 0.449539 -0.026336 0.511233 0.743255 -0.431524 0.025057 -0.198554 0.590656 0.782113 0.022961 0.0 0.0 0.0 1.0
LeftHandThumb2 0.998981 0.044723 0.005998 0.00104 -0.044782 0.998947 0.010023 0.034381 -0.005544 -0.010281 0.999932 0.0 0.0 0.0 0.0 1.0
LeftHandThumb3 0.999997 0.001874 0.001479 -5.62E-4 -0.001874 0.999998 2.1E-5 0.044143 -0.001479 -2.4E-5 0.999999 -0.0 0.0 0.0 0.0 1.0
LeftHandIndex1 0.988929 -0.146915 -0.020881 0.0 0.144886 0.986366 -0.078038 0.121989 0.032061 0.074148 0.996732 6.0E-6 0.0 0.0 0.0 1.0
LeftHandIndex2 0.999367 0.033111 -0.012985 0.001042 -0.035411 0.960368 -0.276476 0.032932 0.003316 0.276761 0.960933 0.0 0.0 0.0 0.0 1.0
LeftHandIndex3 0.990977 0.133912 -0.005644 0.001095 -0.133913 0.990993 1.85E-4 0.03356 0.005618 5.72E-4 0.999984 0.0 0.0 0.0 0.0 1.0
RightShoulder -0.222092 -0.954446 0.19927 -0.074603 0.093994 -0.22438 -0.969958 0.120277 0.970485 -0.196689 0.139545 1.28E-4 0.0 0.0 0.0 1.0
RightArm 0.887685 -0.249813 0.386794 -0.0 0.15513 0.953176 0.259594 0.157184 -0.433533 -0.170434 0.884874 0.0 0.0 0.0 0.0 1.0
RightForeArm 0.877666 0.475972 0.056155 0.0 -0.47394 0.879352 -0.046039 0.243323 -0.071294 0.013793 0.99736 -0.0 0.0 0.0 0.0 1.0
RightHand 0.969927 -0.003239 0.243373 0.0 -0.139408 0.812253 0.566401 0.22105 -0.199515 -0.583296 0.787375 -0.0 0.0 0.0 0.0 1.0
RightHandThumb1 0.852382 0.473817 -0.221227 0.024462 -0.522875 0.777788 -0.34878 0.024251 0.00681 0.412968 0.91072 0.019483 0.0 0.0 0.0 1.0
RightHandThumb2 0.870434 -0.491927 0.018789 -0.002391 0.492066 0.868273 -0.063029 0.031569 0.014692 0.064109 0.997835 0.0 0.0 0.0 0.0 1.0
RightHandThumb3 0.998578 0.05314 -0.004322 0.00241 -0.053139 0.998587 2.31E-4 0.045062 0.004328 -1.0E-6 0.999991 0.0 0.0 0.0 0.0 1.0
RightHandIndex1 0.999705 0.011521 0.021369 0.0 -0.009046 0.99361 -0.112504 0.123753 -0.022529 0.112277 0.993421 1.2E-5 0.0 0.0 0.0 1.0
RightHandIndex2 0.999325 -0.031945 0.018157 -0.001174 0.035922 0.953323 -0.299808 0.035274 -0.007732 0.300258 0.953827 -0.0 0.0 0.0 0.0 1.0
RightHandIndex3 0.988568 -0.150385 0.010874 -9.54E-4 0.15039 0.988627 3.42E-4 0.031699 -0.010802 0.001297 0.999941 0.0 0.0 0.0 0.0 1.0
LeftUpLeg -0.943512 0.309377 0.118621 0.075562 0.017386 -0.311286 0.950157 -0.050384 0.330882 0.898547 0.288324 0.016543 0.0 0.0 0.0 1.0
LeftLeg 0.999477 0.001254 -0.03231 0.0 0.027678 -0.549807 0.834833 0.453272 -0.016717 -0.835291 -0.549554 -0.0 0.0 0.0 0.0 1.0
LeftFoot 0.96457 0.186592 -0.186514 0.0 -0.260916 0.569967 -0.779141 0.408386 -0.039075 0.800201 0.598458 -0.0 0.0 0.0 0.0 1.0
LeftToeBase 0.973933 0.140683 0.177939 0.0 0.006099 0.767919 -0.640518 0.212811 -0.226753 0.624907 0.747044 0.0 0.0 0.0 0.0 1.0
RightUpLeg -0.906907 -0.405024 -0.116087 -0.075562 0.045283 -0.367626 0.928871 -0.050384 -0.418891 0.837142 0.351743 0.020546 0.0 0.0 0.0 1.0
RightLeg 0.97972 -0.005546 -0.200295 -0.0 0.157421 -0.597137 0.78654 0.453812 -0.123966 -0.80212 -0.584154 -0.0 0.0 0.0 0.0 1.0
RightFoot 0.955963 -0.248308 0.156451 -0.0 0.290356 0.877824 -0.380943 0.407804 -0.042745 0.409594 0.911266 0.0 0.0 0.0 0.0 1.0
RightToeBase 0.975468 -0.139675 -0.170158 -0.0 0.010878 0.802582 -0.596442 0.209222 0.219874 0.579959 0.784412 0.0 0.0 0.0 0.0 1.0
Time 0.133333
Hips 0.728666 0.045877 -0.68333 0.021766 0.003441 0.997496 0.070639 0.931045 0.68486 -0.053824 0.726684 -0.020495 0.0 0.0 0.0 1.0
Spine 0.998383 0.05672 -0.003759 0.0 -0.055663 0.962085 -0.267008 0.090819 -0.011529 0.266785 0.963687 0.001036 0.0 0.0 0.0 1.0
Spine1 0.991918 0.122434 -0.03331 -0.0 -0.122854 0.861087 -0.493393 0.105963 -0.031725 0.493497 0.869168 0.0 0.0 0.0 0.0 1.0
Spine2 0.991918 0.122434 -0.03331 0.0 -0.122854 0.861087 -0.493393 0.1211 -0.031725 0.493497 0.869168 0.0 0.0 0.0 0.0 1.0
Neck 0.993778 0.088368 0.067803 0.0 -0.087158 0.995981 -0.020605 0.136238 -0.069351 0.014567 0.997486 -0.0 0.0 0.0 0.0 1.0
Head 0.99195 -0.01556 0.125673 0.0 0.019667 0.99931 -0.031506 0.048508 -0.125096 0.033724 0.991571 0.01342 0.0 0.0 0.0 1.0
LeftShoulder -0.021884 0.974917 -0.221492 0.074603 -0.070496 -0.222499 -0.972381 0.120279 -0.997272 -0.005665 0.073597 2.36E-4 0.0 0.0 0.0 1.0
LeftArm 0.879491 0.144511 -0.453444 0.0 -0.017526 0.961972 0.272584 0.157184 0.475592 -0.231788 0.848579 -0.0 0.0 0.0 0.0 1.0
LeftForeArm 0.946778 -0.288224 -0.143313 0.0 0.265237 0.950817 -0.159986 0.243319 0.182377 0.113459 0.976661 0.0 0.0 0.0 0.0 1.0
LeftHand 0.943599 -0.184047 -0.275222 0.0 0.30968 0.784682 0.537003 0.221022 0.117128 -0.591947 0.797421 0.0 0.0 0.0 0.0 1.0
LeftHandThumb1 0.836868 -0.32472 0.440691 -0.026336 0.514471 0.741589 -0.43054 0.025057 -0.187007 0.587028 0.787671 0.022961 0.0 0.0 0.0 1.0
LeftHandThumb2 0.998992 0.044256 0.007476 0.00104 -0.044314 0.998988 0.007737 0.034381 -0.007126 -0.008061 0.999942 0.0 0.0 0.0 0.0 1.0
LeftHandThumb3 0.999997 0.001874 0.001479 -5.62E-4 -0.001874 0.999998 2.1E-5 0.044143 -0.001479 -2.3E-5 0.999999 -0.0 0.0 0.0 0.0 1.0
LeftHandIndex1 0.988989 -0.146534 -0.020702 0.0 0.144421 0.986186 -0.081114 0.121989 0.032302 0.077231 0.99649 6.0E-6 0.0 0.0 0.0 1.0
LeftHandIndex2 0.999367 0.03314 -0.012946 0.001042 -0.035426 0.960591 -0.275698 0.032932 0.0033 0.275982 0.961157 0.0 0.0 0.0 0.0 1.0
LeftHandIndex3 0.990977 0.133912 -0.005644 0.001095 -0.133913 0.990993 1.85E-4 0.03356 0.005618 5.73E-4 0.999984 0.0 0.0 0.0 0.0 1.0
RightShoulder -0.221738 -0.955334 0.19537 -0.074603 0.095431 -0.220657 -0.970672 0.120277 0.970425 -0.196591 0.140096 1.28E-4 0.0 0.0 0.0 1.0
RightArm 0.88625 -0.254149 0.387259 -0.0 0.156518 0.951171 0.266036 0.157184 -0.435963 -0.175161 0.882754 -0.0 0.0 0.0 0.0 1.0
RightForeArm 0.877683 0.475751 0.057735 0.0 -0.473724 0.879488 -0.045684 0.243323 -0.072511 0.012746 0.997286 -0.0 0.0 0.0 0.0 1.0
RightHand 0.950977 -0.041953 0.306402 -0.0 -0.143327 0.818144 0.556865 0.22105 -0.274043 -0.573481 0.772023 -0.0 0.0 0.0 0.0 1.0
RightHandThumb1 0.855489 0.465944 -0.225909 0.024462 -0.517712 0.778598 -0.354627 0.024251 0.010656 0.420335 0.907306 0.019483 0.0 0.0 0.0 1.0
RightHandThumb2 0.865068 -0.501238 0.020426 -0.002391 0.501427 0.862733 -0.065293 0.031569 0.015105 0.066726 0.997657 0.0 0.0 0.0 0.0 1.0
RightHandThumb3 0.998578 0.05314 -0.004321 0.00241 -0.053139 0.998587 2.31E-4 0.045062 0.004327 -1.0E-6 0.999991 0.0 0.0 0.0 0.0 1.0
RightHandIndex1 0.999681 0.011861 0.022305 0.0 -0.008881 0.99157 -0.129265 0.123753 -0.023651 0.129026 0.991359 1.2E-5 0.0 0.0 0.0 1.0
RightHandIndex2 0.999333 -0.03151 0.01848 -0.001174 0.035642 0.951931 -0.304231 0.035274 -0.008005 0.304687 0.952419 0.0 0.0 0.0 0.0 1.0
RightHandIndex3 0.988568 -0.150384 0.010874 -9.54E-4 0.150389 0.988627 3.43E-4 0.031699 -0.010802 0.001297 0.999941 0.0 0.0 0.0 0.0 1.0
LeftUpLeg -0.943675 0.305856 0.126216 0.075562 0.027148 -0.308601 0.950804 -0.050384 0.329759 0.900676 0.282915 0.016543 0.0 0.0 0.0 1.0
LeftLeg 0.999271 5.22E-4 -0.038185 -0.0 0.032105 -0.552918 0.832617 0.453272 -0.020679 -0.833235 -0.552532 0.0 0.0 0.0 0.0 1.0
LeftFoot 0.965098 0.185968 -0.184396 0.0 -0.259327 0.58036 -0.771966 0.408386 -0.036545 0.792842 0.60833 -0.0 0.0 0.0 0.0 1.0
LeftToeBase 0.973935 0.140681 0.177933 0.0 0.006065 0.768008 -0.640412 0.212811 -0.226748 0.624798 0.747136 0.0 0.0 0.0 0.0 1.0
RightUpLeg -0.904777 -0.41021 -0.114488 -0.075562 0.050536 -0.370333 0.927524 -0.050384 -0.422877 0.833416 0.355799 0.020546 0.0 0.0 0.0 1.0
RightLeg 0.981559 -0.007542 -0.19101 0.0 0.149969 -0.589228 0.793927 0.453812 -0.118536 -0.807932 -0.577231 0.0 0.0 0.0 0.0 1.0
RightFoot 0.965048 -0.22321 0.137332 0.0 0.259894 0.882544 -0.391882 0.407804 -0.033729 0.413877 0.909708 0.0 0.0 0.0 0.0 1.0
RightToeBase 0.975454 -0.139693 -0.170221 0.0 0.010529 0.801724 -0.597601 0.209222 0.219951 0.58114 0.783516 0.0 0.0 0.0 0.0 1.0
Time 0.166667
Hips 0.728993 0.042308 -0.683213 0.022038 0.005498 0.997694 0.067648 0.931162 0.684499 -0.053071 0.727079 -0.020191 0.0 0.0 0.0 1.0
Spine 0.99838 0.056747 -0.004054 0.0 -0.055765 0.962017 -0.267232 0.090819 -0.011265 0.267026 0.963624 0.001036 0.0 0.0 0.0 1.0
Spine1 0.991613 0.12431 -0.035354 0.0 -0.125482 0.860573 -0.493628 0.105963 -0.030938 0.493924 0.868954 -0.0 0.0 0.0 0.0 1.0
Spine2 0.991613 0.124311 -0.035354 0.0 -0.125482 0.860573 -0.493628 0.1211 -0.030939 0.493924 0.868955 0.0 0.0 0.0 0.0 1.0
Neck 0.994198 0.084741 0.066245 0.0 -0.083534 0.996288 -0.020789 0.136238 -0.067761 0.015135 0.997587 -0.0 0.0 0.0 0.0 1.0
Head 0.992122 -0.01506 0.124368 -0.0 0.01876 0.999414 -0.028638 0.048508 -0.123863 0.030745 0.991823 0.01342 0.0 0.0 0.0 1.0
LeftShoulder -0.020159 0.975045 -0.221089 0.074603 -0.069888 -0.221968 -0.972546 0.120279 -0.997351 -0.004154 0.072619 2.36E-4 0.0 0.0 0.0 1.0
LeftArm 0.880195 0.133441 -0.455466 0.0 -0.009488 0.964417 0.264215 0.157184 0.474517 -0.22824 0.850142 -0.0 0.0 0.0 0.0 1.0
LeftForeArm 0.949683 -0.279155 -0.142034 0.0 0.256221 0.953231 -0.160315 0.243319 0.180145 0.115857 0.976793 0.0 0.0 0.0 0.0 1.0
LeftHand 0.944703 -0.183146 -0.272017 -0.0 0.307067 0.785176 0.537781 0.221022 0.115088 -0.591571 0.797996 0.0 0.0 0.0 0.0 1.0
LeftHandThumb1 0.839698 -0.326871 0.433662 -0.026336 0.512131 0.74227 -0.432154 0.025057 -0.180636 0.58497 0.790683 0.022961 0.0 0.0 0.0 1.0
LeftHandThumb2 0.999002 0.04368 0.009328 0.00104 -0.043727 0.999032 0.004879 0.034381 -0.009106 -0.005282 0.999945 0.0 0.0 0.0 0.0 1.0
LeftHandThumb3 0.999997 0.001874 0.001479 -5.62E-4 -0.001874 0.999998 2.1E-5 0.044143 -0.001479 -2.3E-5 0.999999 0.0 0.0 0.0 0.0 1.0
LeftHandIndex1 0.989054 -0.146181 -0.020094 0.0 0.143887 0.985656 -0.088197 0.121989 0.032698 0.08434 0.9959 6.0E-6 0.0 0.0 0.0 1.0
LeftHandIndex2 0.999369 0.033052 -0.013043 0.001042 -0.035372 0.960229 -0.276965 0.032932 0.00337 0.277252 0.960791 0.0 0.0 0.0 0.0 1.0
LeftHandIndex3 0.990977 0.133912 -0.005645 0.001095 -0.133913 0.990993 1.85E-4 0.03356 0.005619 5.72E-4 0.999984 0.0 0.0 0.0 0.0 1.0
RightShoulder -0.2213 -0.956422 0.190483 -0.074603 0.097228 -0.215991 -0.971542 0.120277 0.970347 -0.196482 0.14079 1.28E-4 0.0 0.0 0.0 1.0
RightArm 0.88465 -0.258451 0.388068 0.0 0.15861 0.949485 0.270778 0.157184 -0.438448 -0.177992 0.880955 0.0 0.0 0.0 0.0 1.0
RightForeArm 0.880469 0.470335 0.059669 0.0 -0.468301 0.882407 -0.045292 0.243323 -0.073955 0.011935 0.99719 -0.0 0.0 0.0 0.0 1.0
RightHand 0.931662 -0.070382 0.356443 -0.0 -0.148344 0.82187 0.550022 0.22105 -0.331661 -0.565311 0.755265 -0.0 0.0 0.0 0.0 1.0
RightHandThumb1 0.858338 0.457775 -0.231728 0.024462 -0.512868 0.778599 -0.361594 0.024251 0.014895 0.429215 0.903079 0.019483 0.0 0.0 0.0 1.0
RightHandThumb2 0.858931 -0.511604 0.022344 -0.002391 0.511855 0.856389 -0.067838 0.031569 0.015571 0.069704 0.997446 0.0 0.0 0.0 0.0 1.0
RightHandThumb3 0.998578 0.05314 -0.004321 0.00241 -0.053139 0.998587 2.3E-4 0.045062 0.004327 -0.0 0.999991 0.0 0.0 0.0 0.0 1.0
RightHandIndex1 0.999651 0.012202 0.023433 0.0 -0.008597 0.98892 -0.148199 0.123753 -0.024981 0.147946 0.98868 1.2E-5 0.0 0.0 0.0 1.0
RightHandIndex2 0.999341 -0.031066 0.018794 -0.001174 0.03535 0.950605 -0.308385 0.035274 -0.008286 0.308846 0.951076 0.0 0.0 0.0 0.0 1.0
RightHandIndex3 0.988568 -0.150384 0.010874 -9.54E-4 0.15039 0.988627 3.42E-4 0.031699 -0.010802 0.001297 0.999941 -0.0 0.0 0.0 0.0 1.0
LeftUpLeg -0.943747 0.3025 0.13355 0.075562 0.036677 -0.305626 0.951445 -0.050384 0.328629 0.902821 0.277339 0.016543 0.0 0.0 0.0 1.0
LeftLeg 0.999189 -5.61E-4 -0.040252 0.0 0.033115 -0.557125 0.829768 0.453272 -0.022891 -0.830429 -0.556654 0.0 0.0 0.0 0.0 1.0
LeftFoot 0.964657 0.188955 -0.183664 0.0 -0.261174 0.59306 -0.761622 0.408386 -0.034989 0.782672 0.62145 0.0 0.0 0.0 0.0 1.0
LeftToeBase 0.973936 0.140678 0.177926 -0.0 0.006022 0.768119 -0.640279 0.212811 -0.226742 0.624662 0.747252 -0.0 0.0 0.0 0.0 1.0
RightUpLeg -0.902185 -0.416707 -0.111438 -0.075562 0.055491 -0.368322 0.928041 -0.050384 -0.427766 0.83108 0.355418 0.020546 0.0 0.0 0.0 1.0
RightLeg 0.982477 -0.010193 -0.186104 0.0 0.145091 -0.584935 0.797997 0.453812 -0.116993 -0.811016 -0.573206 0.0 0.0 0.0 0.0 1.0
RightFoot 0.973035 -0.197994 0.118325 -0.0 0.22929 0.886042 -0.402935 0.407804 -0.025062 0.4192 0.907548 -0.0 0.0 0.0 0.0 1.0
RightToeBase 0.975437 -0.139714 -0.1703 -0.0 0.010092 0.800647 -0.599051 0.209222 0.220046 0.582618 0.782391 -0.0 0.0 0.0 0.0 1.0
Time 0.2
Hips 0.729395 0.038474 -0.68301 0.022208 0.007901 0.997877 0.064648 0.931129 0.684048 -0.05255 0.727542 -0.020014 0.0 0.0 0.0 1.0
Spine 0.998365 0.056964 -0.004814 -0.0 -0.056175 0.961945 -0.267405 0.090819 -0.010601 0.267238 0.963572 0.001036 0.0 0.0 0.0 1.0
Spine1 0.99132 0.125886 -0.037914 0.0 -0.128109 0.86011 -0.493759 0.105963 -0.029548 0.49433 0.868772 -0.0 0.0 0.0 0.0 1.0
Spine2 0.99132 0.125887 -0.037914 0.0 -0.128109 0.860111 -0.493759 0.1211 -0.029548 0.49433 0.868772 -0.0 0.0 0.0 0.0 1.0
Neck 0.994284 0.084074 0.065805 0.0 -0.08285 0.996338 -0.021121 0.136238 -0.06734 0.015548 0.997609 -0.0 0.0 0.0 0.0 1.0
Head 0.992293 -0.016398 0.122826 -0.0 0.01967 0.999482 -0.025479 0.048508 -0.122344 0.027699 0.992101 0.01342 0.0 0.0 0.0 1.0
LeftShoulder -0.018424 0.975228 -0.220433 0.074603 -0.069244 -0.221185 -0.97277 0.120279 -0.99743 -0.002659 0.071604 2.36E-4 0.0 0.0 0.0 1.0
LeftArm 0.880487 0.122895 -0.457864 0.0 -5.28E-4 0.966068 0.258287 0.157184 0.47407 -0.227177 0.850675 -0.0 0.0 0.0 0.0 1.0
LeftForeArm 0.95214 -0.271502 -0.140417 0.0 0.248677 0.955174 -0.160632 0.243319 0.177735 0.118026 0.976975 0.0 0.0 0.0 0.0 1.0
LeftHand 0.94553 -0.183628 -0.2688 0.0 0.304895 0.788879 0.533582 0.221022 0.11407 -0.586474 0.801896 0.0 0.0 0.0 0.0 1.0
LeftHandThumb1 0.845088 -0.315129 0.431879 -0.026336 0.501759 0.746374 -0.437222 0.025057 -0.184562 0.58619 0.788871 0.022961 0.0 0.0 0.0 1.0
LeftHandThumb2 0.998803 0.047633 0.011163 0.00104 -0.047648 0.998864 0.001073 0.034381 -0.011099 -0.001604 0.999937 0.0 0.0 0.0 0.0 1.0
LeftHandThumb3 0.999997 0.001874 0.001479 -5.62E-4 -0.001874 0.999998 2.1E-5 0.044143 -0.001479 -2.4E-5 0.999999 0.0 0.0 0.0 0.0 1.0
LeftHandIndex1 0.989103 -0.146002 -0.018935 0.0 0.143423 0.984597 -0.09999 0.121989 0.033242 0.096185 0.994808 6.0E-6 0.0 0.0 0.0 1.0
LeftHandIndex2 0.999373 0.032774 -0.013359 0.001042 -0.03521 0.958914 -0.281502 0.032932 0.003584 0.281796 0.959468 0.0 0.0 0.0 0.0 1.0
LeftHandIndex3 0.990977 0.133912 -0.005644 0.001095 -0.133913 0.990993 1.85E-4 0.03356 0.005618 5.73E-4 0.999984 -0.0 0.0 0.0 0.0 1.0
RightShoulder -0.220865 -0.957485 0.185583 -0.074603 0.099028 -0.211314 -0.972389 0.120277 0.970264 -0.196389 0.141489 1.28E-4 0.0 0.0 0.0 1.0
RightArm 0.883223 -0.262205 0.3888 0.0 0.161453 0.948415 0.272839 0.157184 -0.440284 -0.178205 0.879996 -0.0 0.0 0.0 0.0 1.0
RightForeArm 0.886721 0.45819 0.061551 0.0 -0.45613 0.888776 -0.044977 0.243323 -0.075313 0.011807 0.99709 -0.0 0.0 0.0 0.0 1.0
RightHand 0.924285 -0.075753 0.374111 0.0 -0.153235 0.824024 0.545439 0.22105 -0.349594 -0.561468 0.750025 -0.0 0.0 0.0 0.0 1.0
RightHandThumb1 0.860456 0.450912 -0.237263 0.024462 -0.509187 0.777924 -0.368189 0.024251 0.018552 0.437622 0.898968 0.019483 0.0 0.0 0.0 1.0
RightHandThumb2 0.853196 -0.521029 0.024181 -0.002391 0.521345 0.850457 -0.070156 0.031569 0.015988 0.072464 0.997243 0.0 0.0 0.0 0.0 1.0
RightHandThumb3 0.998578 0.05314 -0.004321 0.00241 -0.053139 0.998587 2.31E-4 0.045062 0.004328 -1.0E-6 0.999991 0.0 0.0 0.0 0.0 1.0
RightHandIndex1 0.999621 0.012491 0.024526 0.0 -0.008258 0.986151 -0.165642 0.123753 -0.026255 0.165377 0.985881 1.2E-5 0.0 0.0 0.0 1.0
RightHandIndex2 0.999347 -0.030696 0.019042 -0.001174 0.035103 0.949587 -0.311534 0.035274 -0.008519 0.311999 0.950044 0.0 0.0 0.0 0.0 1.0
RightHandIndex3 0.988568 -0.150384 0.010874 -9.54E-4 0.15039 0.988627 3.42E-4 0.031699 -0.010802 0.001297 0.999941 0.0 0.0 0.0 0.0 1.0
LeftUpLeg -0.943757 0.299958 0.139097 0.075562 0.044036 -0.302912 0.952001 -0.050384 0.327694 0.904583 0.272666 0.016543 0.0 0.0 0.0 1.0
LeftLeg 0.999302 -0.001822 -0.037305 0.0 0.029844 -0.561581 0.826883 0.453272 -0.022456 -0.82742 -0.561135 0.0 0.0 0.0 0.0 1.0
LeftFoot 0.96332 0.194274 -0.185127 0.0 -0.266247 0.605616 -0.749895 0.408386 -0.033569 0.771678 0.635127 0.0 0.0 0.0 0.0 1.0
LeftToeBase 0.973938 0.140675 0.177919 -0.0 0.005979 0.76823 -0.640146 0.212811 -0.226736 0.624526 0.747367 0.0 0.0 0.0 0.0 1.0
RightUpLeg -0.899569 -0.423261 -0.107823 -0.075562 0.058864 -0.36209 0.930283 -0.050384 -0.432794 0.830507 0.350639 0.020546 0.0 0.0 0.0 1.0
RightLeg 0.98293 -0.012838 -0.183534 0.0 0.141428 -0.585325 0.798369 0.453812 -0.117676 -0.810697 -0.573518 0.0 0.0 0.0 0.0 1.0
RightFoot 0.979558 -0.173763 0.101353 -0.0 0.200344 0.888069 -0.413758 0.407804 -0.018112 0.425605 0.904728 0.0 0.0 0.0 0.0 1.0
RightToeBase 0.975421 -0.139736 -0.170378 0.0 0.009654 0.799567 -0.6005 0.209222 0.22014 0.584095 0.781263 0.0 0.0 0.0 0.0 1.0
Time 0.233333
Hips 0.729815 0.034723 -0.682762 0.022307 0.010369 0.998032 0.06184 0.930994 0.683566 -0.052211 0.728019 -0.019936 0.0 0.0 0.0 1.0
Spine 0.998341 0.057279 -0.005846 0.0 -0.056754 0.961877 -0.267528 0.090819 -0.0097 0.267416 0.963532 0.001036 0.0 0.0 0.0 1.0
Spine1 0.99105 0.127144 -0.040673 -0.0 -0.130561 0.859716 -0.493803 0.105963 -0.027817 0.494694 0.868622 -0.0 0.0 0.0 0.0 1.0
Spine2 0.99105 0.127144 -0.040673 0.0 -0.130561 0.859716 -0.493803 0.1211 -0.027817 0.494694 0.868622 0.0 0.0 0.0 0.0 1.0
Neck 0.994131 0.085562 0.066196 0.0 -0.084308 0.996207 -0.021512 0.136238 -0.067786 0.015805 0.997575 -0.0 0.0 0.0 0.0 1.0
Head 0.992447 -0.018955 0.121201 0.0 0.021819 0.999512 -0.022343 0.048508 -0.120718 0.024819 0.992377 0.01342 0.0 0.0 0.0 1.0
LeftShoulder -0.016795 0.975445 -0.219601 0.074603 -0.068613 -0.220238 -0.97303 0.120279 -0.997502 -0.001274 0.070627 2.36E-4 0.0 0.0 0.0 1.0
LeftArm 0.880501 0.112797 -0.460429 0.0 0.009248 0.967006 0.254587 0.157184 0.473954 -0.228422 0.850406 -0.0 0.0 0.0 0.0 1.0
LeftForeArm 0.954717 -0.263483 -0.138174 0.0 0.240853 0.957123 -0.160951 0.243319 0.174658 0.120383 0.977242 0.0 0.0 0.0 0.0 1.0
LeftHand 0.946157 -0.18574 -0.265118 -0.0 0.303122 0.795775 0.524271 0.221022 0.113596 -0.576406 0.809229 0.0 0.0 0.0 0.0 1.0
LeftHandThumb1 0.851854 -0.293214 0.434016 -0.026336 0.485631 0.752581 -0.44473 0.025057 -0.196231 0.589617 0.783483 0.022961 0.0 0.0 0.0 1.0
LeftHandThumb2 0.998344 0.056083 0.012836 0.00104 -0.056042 0.998422 -0.003478 0.034381 -0.01301 0.002753 0.999912 0.0 0.0 0.0 0.0 1.0
LeftHandThumb3 0.999997 0.001874 0.001479 -5.62E-4 -0.001874 0.999998 2.1E-5 0.044143 -0.001479 -2.4E-5 0.999999 0.0 0.0 0.0 0.0 1.0
LeftHandIndex1 0.989132 -0.146019 -0.017222 0.0 0.143064 0.982844 -0.116403 0.121989 0.033924 0.112674 0.993053 6.0E-6 0.0 0.0 0.0 1.0
LeftHandIndex2 0.999382 0.032297 -0.013904 0.001042 -0.03494 0.956545 -0.289484 0.032932 0.003951 0.289791 0.957082 0.0 0.0 0.0 0.0 1.0
LeftHandIndex3 0.990977 0.133912 -0.005645 0.001095 -0.133913 0.990993 1.85E-4 0.03356 0.005618 5.73E-4 0.999984 0.0 0.0 0.0 0.0 1.0
RightShoulder -0.22046 -0.958456 0.180996 -0.074603 0.10071 -0.206937 -0.973157 0.120277 0.970183 -0.196314 0.142148 1.28E-4 0.0 0.0 0.0 1.0
RightArm 0.88183 -0.265873 0.389471 0.0 0.165324 0.947791 0.272689 0.157184 -0.441638 -0.176076 0.879746 0.0 0.0 0.0 0.0 1.0
RightForeArm 0.89609 0.439342 0.063259 0.0 -0.437233 0.898234 -0.044759 0.243323 -0.076486 0.012449 0.996993 -0.0 0.0 0.0 0.0 1.0
RightHand 0.926029 -0.066705 0.371512 0.0 -0.157902 0.825536 0.54181 0.22105 -0.342838 -0.560394 0.753937 0.0 0.0 0.0 0.0 1.0
RightHandThumb1 0.862718 0.444039 -0.241963 0.024462 -0.505204 0.77768 -0.374142 0.024251 0.022036 0.44502 0.895249 0.019483 0.0 0.0 0.0 1.0
RightHandThumb2 0.847266 -0.530531 0.026031 -0.002391 0.530913 0.84432 -0.072487 0.031569 0.016478 0.075236 0.99703 0.0 0.0 0.0 0.0 1.0
RightHandThumb3 0.998578 0.05314 -0.004321 0.00241 -0.053139 0.998587 2.3E-4 0.045062 0.004327 -0.0 0.999991 -0.0 0.0 0.0 0.0 1.0
RightHandIndex1 0.99959 0.012868 0.025572 0.0 -0.00797 0.98305 -0.183165 0.123753 -0.027496 0.182886 0.98275 1.2E-5 0.0 0.0 0.0 1.0
RightHandIndex2 0.999355 -0.030281 0.019329 -0.001174 0.034834 0.948338 -0.315343 0.035274 -0.008782 0.315812 0.948781 -0.0 0.0 0.0 0.0 1.0
RightHandIndex3 0.988568 -0.150384 0.010874 -9.54E-4 0.15039 0.988627 3.42E-4 0.031699 -0.010802 0.001297 0.999941 0.0 0.0 0.0 0.0 1.0
LeftUpLeg -0.943749 0.29811 0.143066 0.075562 0.049456 -0.300541 0.952486 -0.050384 0.326943 0.905983 0.268892 0.016543 0.0 0.0 0.0 1.0
LeftLeg 0.999536 -0.0032 -0.030279 -0.0 0.023154 -0.565911 0.824141 0.453272 -0.019772 -0.82446 -0.565574 0.0 0.0 0.0 0.0 1.0
LeftFoot 0.961431 0.200236 -0.188564 0.0 -0.273258 0.617308 -0.737741 0.408386 -0.03132 0.760813 0.648215 0.0 0.0 0.0 0.0 1.0
LeftToeBase 0.97394 0.140673 0.177913 0.0 0.005939 0.768334 -0.640021 0.212811 -0.22673 0.624399 0.747476 -0.0 0.0 0.0 0.0 1.0
RightUpLeg -0.896954 -0.429671 -0.104197 -0.075562 0.060756 -0.353224 0.933564 -0.050384 -0.43793 0.831033 0.342931 0.020546 0.0 0.0 0.0 1.0
RightLeg 0.983125 -0.01529 -0.182296 -0.0 0.13847 -0.589014 0.796171 0.453812 -0.119548 -0.807978 -0.576957 -0.0 0.0 0.0 0.0 1.0
RightFoot 0.984697 -0.151419 0.086276 -0.0 0.173824 0.888867 -0.423911 0.407804 -0.0125 0.432421 0.901585 -0.0 0.0 0.0 0.0 1.0
RightToeBase 0.975405 -0.139756 -0.170451 -0.0 0.009244 0.798554 -0.601852 0.209222 0.220227 0.585474 0.780205 0.0 0.0 0.0 0.0 1.0
Time 0.266667
Hips 0.730211 0.031445 -0.682497 0.022332 0.012636 0.998148 0.059508 0.930773 0.683105 -0.052077 0.728461 -0.019961 0.0 0.0 0.0 1.0
Spine 0.998312 0.057644 -0.007045 -0.0 -0.057425 0.96182 -0.267591 0.090819 -0.008649 0.267544 0.963507 0.001036 0.0 0.0 0.0 1.0
Spine1 0.990832 0.127953 -0.043363 0.0 -0.132593 0.859432 -0.493758 0.105963 -0.02591 0.49498 0.868518 0.0 0.0 0.0 0.0 1.0
Spine2 0.990832 0.127953 -0.043362 0.0 -0.132593 0.859432 -0.493757 0.1211 -0.025911 0.49498 0.868518 0.0 0.0 0.0 0.0 1.0
Neck 0.993739 0.089104 0.067401 0.0 -0.087813 0.995897 -0.021887 0.136238 -0.069074 0.015831 0.997486 -0.0 0.0 0.0 0.0 1.0
Head 0.992562 -0.022509 0.119641 0.0 0.025026 0.999495 -0.019571 0.048508 -0.11914 0.02242 0.992624 0.01342 0.0 0.0 0.0 1.0
LeftShoulder -0.015437 0.975663 -0.21873 0.074603 -0.068063 -0.219274 -0.973286 0.120279 -0.997562 -1.37E-4 0.069792 2.36E-4 0.0 0.0 0.0 1.0
LeftArm 0.880286 0.103867 -0.462935 0.0 0.019046 0.967219 0.253229 0.157184 0.474062 -0.23173 0.849451 -0.0 0.0 0.0 0.0 1.0
LeftForeArm 0.95721 -0.255756 -0.135418 0.0 0.233402 0.958919 -0.161238 0.243319 0.171092 0.122732 0.977581 0.0 0.0 0.0 0.0 1.0
LeftHand 0.946562 -0.189284 -0.261135 0.0 0.301879 0.804979 0.510762 0.221022 0.113529 -0.5623 0.819103 0.0 0.0 0.0 0.0 1.0
LeftHandThumb1 0.858654 -0.264475 0.439051 -0.026336 0.465999 0.759525 -0.453835 0.025057 -0.213442 0.594285 0.775414 0.022961 0.0 0.0 0.0 1.0
LeftHandThumb2 0.997645 0.067111 0.014177 0.00104 -0.067001 0.99772 -0.00809 0.034381 -0.014687 0.007121 0.999867 0.0 0.0 0.0 0.0 1.0
LeftHandThumb3 0.999997 0.001874 0.001479 -5.62E-4 -0.001874 0.999998 2.1E-5 0.044143 -0.001479 -2.4E-5 0.999999 0.0 0.0 0.0 0.0 1.0
LeftHandIndex1 0.989138 -0.146208 -0.015129 -0.0 0.14284 0.980396 -0.135722 0.121989 0.034676 0.132087 0.990631 6.0E-6 0.0 0.0 0.0 1.0
LeftHandIndex2 0.999392 0.031662 -0.014617 0.001042 -0.03459 0.953293 -0.30006 0.032932 0.004434 0.300383 0.953808 0.0 0.0 0.0 0.0 1.0
LeftHandIndex3 0.990977 0.133912 -0.005644 0.001095 -0.133913 0.990993 1.85E-4 0.03356 0.005618 5.73E-4 0.999984 0.0 0.0 0.0 0.0 1.0
RightShoulder -0.220127 -0.959244 0.177187 -0.074603 0.102108 -0.203304 -0.973777 0.120277 0.970112 -0.196263 0.142699 1.28E-4 0.0 0.0 0.0 1.0
RightArm 0.880519 -0.269216 0.39014 0.0 0.169871 0.947611 0.270512 0.157184 -0.442528 -0.171917 0.880122 0.0 0.0 0.0 0.0 1.0
RightForeArm 0.90729 0.41551 0.064622 0.0 -0.413335 0.909484 -0.044653 0.243323 -0.077326 0.013803 0.99691 -0.0 0.0 0.0 0.0 1.0
RightHand 0.934356 -0.047336 0.353183 0.0 -0.161996 0.826373 0.53932 0.22105 -0.31739 -0.561131 0.764458 -0.0 0.0 0.0 0.0 1.0
RightHandThumb1 0.864839 0.437919 -0.24552 0.024462 -0.501424 0.777815 -0.378916 0.024251 0.025034 0.450811 0.892268 0.019483 0.0 0.0 0.0 1.0
RightHandThumb2 0.841579 -0.539422 0.027734 -0.002391 0.539866 0.838432 -0.074671 0.031569 0.017027 0.077814 0.996822 -0.0 0.0 0.0 0.0 1.0
RightHandThumb3 0.998578 0.05314 -0.004321 0.00241 -0.05314 0.998587 2.31E-4 0.045062 0.004328 -1.0E-6 0.999991 0.0 0.0 0.0 0.0 1.0
RightHandIndex1 0.999561 0.013317 0.026476 0.0 -0.007772 0.979877 -0.199451 0.123753 -0.028599 0.199158 0.97955 1.2E-5 0.0 0.0 0.0 1.0
RightHandIndex2 0.999362 -0.029837 0.019648 -0.001174 0.034556 0.946876 -0.319736 0.035274 -0.009065 0.32021 0.947303 0.0 0.0 0.0 0.0 1.0
RightHandIndex3 0.988568 -0.150384 0.010874 -9.54E-4 0.15039 0.988627 3.43E-4 0.031699 -0.010802 0.001297 0.999941 -0.0 0.0 0.0 0.0 1.0
LeftUpLeg -0.943697 0.297243 0.145196 0.075562 0.052502 -0.298771 0.952879 -0.050384 0.326617 0.906853 0.266344 0.016543 0.0 0.0 0.0 1.0
LeftLeg 0.999795 -0.004639 -0.019711 -0.0 0.013558 -0.569673 0.82176 0.453272 -0.015042 -0.821858 -0.569493 0.0 0.0 0.0 0.0 1.0
LeftFoot 0.959165 0.206097 -0.193716 0.0 -0.281433 0.627045 -0.726368 0.408386 -0.028234 0.751225 0.659442 -0.0 0.0 0.0 0.0 1.0
LeftToeBase 0.973941 0.14067 0.177907 -0.0 0.005906 0.768421 -0.639918 0.212811 -0.226725 0.624293 0.747565 0.0 0.0 0.0 0.0 1.0
