Root_Bone_Name Hips
Num_Keyframes 17
Num_Bones 34
Time_Wrapping_Mode LOOP
Time 0.0
Hips 0.970841 0.020157 -0.238877 7.26E-4 -0.096245 0.945397 -0.311385 0.949075 0.219557 0.325296 0.91977 0.001065 0.0 0.0 0.0 1.0
Spine 0.991767 -0.036396 0.122778 0.0 0.05054 0.99218 -0.114127 0.090819 -0.117664 0.119392 0.98585 0.001036 0.0 0.0 0.0 1.0
Spine1 0.998937 0.001812 0.046057 0.0 0.001422 0.997539 -0.070097 0.105963 -0.046071 0.070088 0.996476 0.0 0.0 0.0 0.0 1.0
Spine2 0.998942 -4.21E-4 0.045977 -0.0 0.003647 0.997533 -0.070098 0.1211 -0.045834 0.070192 0.99648 0.0 0.0 0.0 0.0 1.0
Neck 0.999967 -0.006296 0.005085 0.0 0.005639 0.992744 0.120112 0.136238 -0.005804 -0.120079 0.992747 -0.0 0.0 0.0 0.0 1.0
Head 0.998739 0.014141 0.048162 0.0 -0.027519 0.956709 0.289741 0.048508 -0.04198 -0.290701 0.955892 0.01342 0.0 0.0 0.0 1.0
LeftShoulder 0.231774 0.871105 -0.432962 0.074603 0.00427 -0.445989 -0.895028 0.120279 -0.97276 0.205596 -0.107089 2.36E-4 0.0 0.0 0.0 1.0
LeftArm 0.681976 0.401878 0.611067 0.0 0.221935 0.682396 -0.696477 0.157184 -0.696888 0.610598 0.376187 -0.0 0.0 0.0 0.0 1.0
LeftForeArm 0.795048 -0.606531 -0.004248 0.0 0.606546 0.795021 0.006602 0.243319 -6.27E-4 -0.007826 0.999969 0.0 0.0 0.0 0.0 1.0
LeftHand 0.808247 -0.01429 -0.58867 0.0 0.014454 0.999886 -0.004427 0.221022 0.588666 -0.00493 0.808361 0.0 0.0 0.0 0.0 1.0
LeftHandThumb1 0.82733 -0.429505 0.362008 -0.026336 0.527807 0.814941 -0.239357 0.025057 -0.19221 0.389097 0.900921 0.022961 0.0 0.0 0.0 1.0
LeftHandThumb2 0.879389 0.475172 0.029788 0.00104 -0.472025 0.878319 -0.075817 0.034381 -0.06219 0.052612 0.996677 0.0 0.0 0.0 0.0 1.0
LeftHandThumb3 0.954301 0.279343 -0.106193 -5.62E-4 -0.253008 0.944312 0.210382 0.044143 0.159048 -0.1739 0.971835 0.0 0.0 0.0 0.0 1.0
LeftHandIndex1 0.981217 0.092379 -0.169352 0.0 -0.178838 0.106466 -0.978101 0.121989 -0.072326 0.990016 0.120987 6.0E-6 0.0 0.0 0.0 1.0
LeftHandIndex2 0.983666 0.140438 -0.112597 0.001042 -0.169001 0.505223 -0.846279 0.032932 -0.061963 0.851485 0.520705 0.0 0.0 0.0 0.0 1.0
LeftHandIndex3 0.962381 0.256182 -0.090521 0.001095 -0.23757 0.631729 -0.737888 0.03356 -0.131849 0.731634 0.668825 -0.0 0.0 0.0 0.0 1.0
RightShoulder 0.400436 -0.864967 0.302463 -0.074603 -0.020312 -0.33838 -0.94079 0.120277 0.9161 0.370582 -0.153069 1.28E-4 0.0 0.0 0.0 1.0
RightArm 0.835673 0.542371 0.086508 0.0 -0.279878 0.556055 -0.782606 0.157184 -0.472566 0.629791 0.616478 0.0 0.0 0.0 0.0 1.0
RightForeArm 0.310207 0.950619 0.009746 -0.0 -0.950647 0.310115 0.009929 0.243323 0.006417 -0.012345 0.999903 -0.0 0.0 0.0 0.0 1.0
RightHand 0.837401 0.294187 0.460666 0.0 -0.358116 0.932009 0.055792 0.22105 -0.412931 -0.211692 0.885818 -0.0 0.0 0.0 0.0 1.0
RightHandThumb1 0.741749 0.561464 -0.366833 0.024462 -0.647535 0.741977 -0.173689 0.024251 0.174662 0.366371 0.913929 0.019483 0.0 0.0 0.0 1.0
RightHandThumb2 0.816411 -0.577095 -0.020846 -0.002391 0.573673 0.814645 -0.085159 0.031569 0.066127 0.057566 0.996149 0.0 0.0 0.0 0.0 1.0
RightHandThumb3 0.976301 -0.192806 0.098298 0.00241 0.171127 0.96581 0.194747 0.045062 -0.132486 -0.173311 0.975915 0.0 0.0 0.0 0.0 1.0
RightHandIndex1 0.991574 -0.062477 0.113479 0.0 0.120252 0.118193 -0.985682 0.123753 0.04817 0.991023 0.12471 1.2E-5 0.0 0.0 0.0 1.0
RightHandIndex2 0.991353 -0.093063 0.092509 -0.001174 0.127062 0.504759 -0.853858 0.035274 0.032768 0.85823 0.512219 0.0 0.0 0.0 0.0 1.0
RightHandIndex3 0.969349 -0.233197 0.077337 -9.54E-4 0.211743 0.633311 -0.744367 0.031699 0.124606 0.737927 0.663277 -0.0 0.0 0.0 0.0 1.0
LeftUpLeg -0.947054 0.311395 0.078241 0.075562 -0.053959 -0.39458 0.917276 -0.050384 0.316508 0.864488 0.390491 0.016543 0.0 0.0 0.0 1.0
LeftLeg 0.993433 0.002349 -0.114391 -0.0 0.097574 -0.53951 0.836306 0.453272 -0.059751 -0.841976 -0.536196 0.0 0.0 0.0 0.0 1.0
LeftFoot 0.997943 -0.035008 0.053714 0.0 0.049751 0.951264 -0.304337 0.408386 -0.040442 0.306383 0.951049 0.0 0.0 0.0 0.0 1.0
LeftToeBase 0.973848 0.140822 0.178293 0.0 0.008262 0.762276 -0.6472 0.212811 -0.227049 0.631747 0.741178 0.0 0.0 0.0 0.0 1.0
RightUpLeg -0.986136 0.112569 -0.12192 -0.075562 -0.136959 -0.966969 0.214975 -0.050384 -0.093693 0.228692 0.96898 0.020546 0.0 0.0 0.0 1.0
RightLeg 0.993426 -0.014168 -0.113599 -0.0 0.081444 0.784821 0.614347 0.453812 0.080451 -0.61956 0.780815 0.0 0.0 0.0 0.0 1.0
RightFoot 0.975196 -0.090725 -0.201897 -0.0 -0.195593 0.073793 -0.977905 0.407804 0.103619 0.993138 0.054218 0.0 0.0 0.0 0.0 1.0
RightToeBase 0.972619 -0.144806 -0.181779 0.0 -0.059077 0.602424 -0.795987 0.209222 0.224772 0.784931 0.577374 0.0 0.0 0.0 0.0 1.0
Time 0.046662
Hips 0.974958 -0.105059 -0.196009 0.003329 0.037531 0.946466 -0.320613 0.947142 0.219199 0.305228 0.926708 -0.006673 0.0 0.0 0.0 1.0
Spine 0.979719 0.085811 0.181071 0.0 -0.066414 0.991643 -0.110607 0.090819 -0.189049 0.096338 0.977231 0.001036 0.0 0.0 0.0 1.0
Spine1 0.997499 0.023847 0.066533 -0.0 -0.01932 0.997506 -0.067883 0.105963 -0.067986 0.066428 0.995472 -0.0 0.0 0.0 0.0 1.0
Spine2 0.997583 0.019449 0.066714 0.0 -0.014869 0.997542 -0.068476 0.1211 -0.067881 0.067319 0.99542 -0.0 0.0 0.0 0.0 1.0
Neck 0.999401 0.030539 -0.01628 0.0 -0.029171 0.996483 0.078558 0.136238 0.018621 -0.078036 0.996777 -0.0 0.0 0.0 0.0 1.0
Head 0.992427 -0.012197 -0.122232 0.0 0.039239 0.974402 0.22136 0.048508 0.116404 -0.22448 0.967501 0.01342 0.0 0.0 0.0 1.0
LeftShoulder 0.25242 0.92568 -0.281781 0.074603 0.024297 -0.297183 -0.954511 0.120279 -0.967313 0.234091 -0.097506 2.36E-4 0.0 0.0 0.0 1.0
LeftArm 0.476195 0.59269 0.649583 0.0 0.173582 0.660822 -0.730194 0.157184 -0.862037 0.460471 0.211799 -0.0 0.0 0.0 0.0 1.0
LeftForeArm 0.562824 -0.826549 -0.006776 0.0 0.826569 0.562763 0.008997 0.243319 -0.003623 -0.010664 0.999937 0.0 0.0 0.0 0.0 1.0
LeftHand 0.750676 0.067555 -0.657208 0.0 -0.121917 0.991839 -0.037305 0.221022 0.649324 0.108129 0.752786 0.0 0.0 0.0 0.0 1.0
LeftHandThumb1 0.82733 -0.429505 0.362008 -0.026336 0.527807 0.814941 -0.239356 0.025057 -0.19221 0.389097 0.900921 0.022961 0.0 0.0 0.0 1.0
LeftHandThumb2 0.879389 0.475171 0.029788 0.00104 -0.472025 0.878319 -0.075817 0.034381 -0.06219 0.052612 0.996677 0.0 0.0 0.0 0.0 1.0
LeftHandThumb3 0.954301 0.279343 -0.106193 -5.62E-4 -0.253008 0.944312 0.210383 0.044143 0.159048 -0.173901 0.971834 0.0 0.0 0.0 0.0 1.0
LeftHandIndex1 0.981217 0.092379 -0.169352 0.0 -0.178838 0.106466 -0.978101 0.121989 -0.072326 0.990016 0.120988 6.0E-6 0.0 0.0 0.0 1.0
LeftHandIndex2 0.983666 0.140438 -0.112597 0.001042 -0.169001 0.505223 -0.846279 0.032932 -0.061963 0.851485 0.520705 0.0 0.0 0.0 0.0 1.0
LeftHandIndex3 0.962381 0.256182 -0.090522 0.001095 -0.23757 0.631729 -0.737888 0.03356 -0.131848 0.731635 0.668825 0.0 0.0 0.0 0.0 1.0
RightShoulder 0.388273 -0.915543 0.105001 -0.074603 -0.057713 -0.137875 -0.988767 0.120277 0.919735 0.377851 -0.106371 1.28E-4 0.0 0.0 0.0 1.0
RightArm 0.697522 0.710878 0.090084 0.0 -0.338157 0.437397 -0.833267 0.157184 -0.631754 0.550759 0.545482 0.0 0.0 0.0 0.0 1.0
RightForeArm 0.038564 0.999177 0.012583 -0.0 -0.999207 0.038433 0.010436 0.243323 0.009944 -0.012976 0.999866 -0.0 0.0 0.0 0.0 1.0
RightHand 0.639009 0.470832 0.608264 0.0 -0.615774 0.78702 0.037699 0.22105 -0.460967 -0.398643 0.792839 -0.0 0.0 0.0 0.0 1.0
RightHandThumb1 0.741749 0.561464 -0.366833 0.024462 -0.647535 0.741977 -0.173689 0.024251 0.174662 0.366371 0.913929 0.019483 0.0 0.0 0.0 1.0
RightHandThumb2 0.816411 -0.577095 -0.020846 -0.002391 0.573673 0.814645 -0.085159 0.031569 0.066127 0.057566 0.996149 0.0 0.0 0.0 0.0 1.0
RightHandThumb3 0.976301 -0.192806 0.098298 0.00241 0.171126 0.96581 0.194747 0.045062 -0.132486 -0.173311 0.975915 0.0 0.0 0.0 0.0 1.0
RightHandIndex1 0.991574 -0.062477 0.113479 0.0 0.120252 0.118193 -0.985682 0.123753 0.04817 0.991023 0.12471 1.2E-5 0.0 0.0 0.0 1.0
RightHandIndex2 0.991353 -0.093063 0.092509 -0.001174 0.127062 0.504759 -0.853858 0.035274 0.032768 0.858229 0.512219 0.0 0.0 0.0 0.0 1.0
RightHandIndex3 0.969349 -0.233197 0.077337 -9.54E-4 0.211743 0.63331 -0.744367 0.031699 0.124606 0.737928 0.663277 0.0 0.0 0.0 0.0 1.0
LeftUpLeg -0.985572 0.145371 0.08669 0.075562 0.053941 -0.215707 0.974967 -0.050384 0.160431 0.965576 0.204753 0.016543 0.0 0.0 0.0 1.0
LeftLeg 0.987797 0.003555 -0.155708 0.0 0.147962 -0.333573 0.93104 0.453272 -0.04863 -0.942717 -0.330029 -0.0 0.0 0.0 0.0 1.0
LeftFoot 0.999986 -0.002539 0.004553 0.0 0.004481 0.865083 -0.501608 0.408386 -0.002665 0.501622 0.865083 0.0 0.0 0.0 0.0 1.0
LeftToeBase 0.974648 0.139619 0.174838 0.0 -0.012381 0.813873 -0.580911 0.212811 -0.223402 0.564019 0.794968 0.0 0.0 0.0 0.0 1.0
RightUpLeg -0.969349 -0.074066 -0.234256 -0.075562 0.096406 -0.991673 -0.085386 -0.050384 -0.225981 -0.105352 0.968418 0.020546 0.0 0.0 0.0 1.0
RightLeg 0.999244 -0.019766 -0.033492 0.0 0.02916 0.950628 0.30896 0.453812 0.025731 -0.309703 0.950485 0.0 0.0 0.0 0.0 1.0
RightFoot 0.952474 -0.254798 -0.166946 0.0 -0.105037 0.239725 -0.965142 0.407804 0.285938 0.936808 0.201568 0.0 0.0 0.0 0.0 1.0
RightToeBase 0.970119 -0.151287 -0.189686 0.0 -0.114686 0.403016 -0.907978 0.209222 0.213812 0.902602 0.373623 -0.0 0.0 0.0 0.0 1.0
Time 0.0933338
Hips 0.96646 -0.248106 -0.066316 -0.003227 0.21448 0.921795 -0.322943 0.946603 0.141254 0.297888 0.944092 -0.02889 0.0 0.0 0.0 1.0
Spine 0.948647 0.244366 0.200882 0.0 -0.217117 0.964808 -0.14834 0.090819 -0.230062 0.097108 0.968319 0.001036 0.0 0.0 0.0 1.0
Spine1 0.996344 0.041062 0.074913 0.0 -0.035068 0.996207 -0.079637 0.105963 -0.077899 0.076719 0.994005 -0.0 0.0 0.0 0.0 1.0
Spine2 0.996459 0.034878 0.076503 0.0 -0.028697 0.996346 -0.080447 0.1211 -0.079029 0.077967 0.993819 0.0 0.0 0.0 0.0 1.0
Neck 0.998106 0.041944 -0.044994 -0.0 -0.040853 0.998855 0.0249 0.136238 0.045987 -0.023015 0.998677 -0.0 0.0 0.0 0.0 1.0
Head 0.952814 -0.072399 -0.294794 0.0 0.133755 0.971916 0.19362 0.048508 0.272497 -0.223914 0.935739 0.01342 0.0 0.0 0.0 1.0
LeftShoulder 0.343497 0.925959 -0.156874 0.074603 0.047013 -0.183782 -0.981842 0.120279 -0.937976 0.329884 -0.106661 2.36E-4 0.0 0.0 0.0 1.0
LeftArm 0.414693 0.658812 0.627692 0.0 0.032518 0.67863 -0.73376 0.157184 -0.90938 0.324696 0.259999 -0.0 0.0 0.0 0.0 1.0
LeftForeArm 0.36005 -0.93289 -0.008983 0.0 0.932912 0.35996 0.010155 0.243319 -0.00624 -0.012036 0.999908 0.0 0.0 0.0 0.0 1.0
LeftHand 0.663922 0.020862 -0.747511 0.0 -0.029237 0.999571 0.001929 0.221022 0.74723 0.020574 0.664247 0.0 0.0 0.0 0.0 1.0
LeftHandThumb1 0.82733 -0.429506 0.362008 -0.026336 0.527807 0.814941 -0.239356 0.025057 -0.19221 0.389097 0.900921 0.022961 0.0 0.0 0.0 1.0
LeftHandThumb2 0.879389 0.475172 0.029788 0.00104 -0.472025 0.878319 -0.075818 0.034381 -0.06219 0.052613 0.996677 0.0 0.0 0.0 0.0 1.0
LeftHandThumb3 0.954301 0.279343 -0.106193 -5.62E-4 -0.253008 0.944312 0.210383 0.044143 0.159048 -0.173901 0.971834 0.0 0.0 0.0 0.0 1.0
LeftHandIndex1 0.981217 0.092379 -0.169352 0.0 -0.178838 0.106466 -0.978101 0.121989 -0.072326 0.990016 0.120988 6.0E-6 0.0 0.0 0.0 1.0
LeftHandIndex2 0.983666 0.140438 -0.112597 0.001042 -0.169002 0.505223 -0.846279 0.032932 -0.061963 0.851485 0.520705 0.0 0.0 0.0 0.0 1.0
LeftHandIndex3 0.962381 0.256182 -0.090522 0.001095 -0.23757 0.631729 -0.737888 0.03356 -0.131849 0.731635 0.668825 -0.0 0.0 0.0 0.0 1.0
RightShoulder 0.295771 -0.94663 0.128105 -0.074603 -0.011158 -0.13752 -0.990436 0.120277 0.955194 0.291513 -0.051237 1.28E-4 0.0 0.0 0.0 1.0
RightArm 0.641439 0.745912 0.179367 0.0 -0.424279 0.539702 -0.727124 0.157184 -0.639175 0.390304 0.66266 0.0 0.0 0.0 0.0 1.0
RightForeArm -0.310632 0.950392 0.01623 0.0 -0.95042 -0.310811 0.009927 0.243323 0.014479 -0.012341 0.999819 -0.0 0.0 0.0 0.0 1.0
RightHand 0.563241 0.571457 0.596821 0.0 -0.747441 0.660287 0.07316 0.22105 -0.352266 -0.487296 0.799032 -0.0 0.0 0.0 0.0 1.0
RightHandThumb1 0.741749 0.561464 -0.366833 0.024462 -0.647535 0.741977 -0.173689 0.024251 0.174662 0.366371 0.913929 0.019483 0.0 0.0 0.0 1.0
RightHandThumb2 0.816411 -0.577095 -0.020846 -0.002391 0.573673 0.814645 -0.085159 0.031569 0.066127 0.057566 0.996149 0.0 0.0 0.0 0.0 1.0
RightHandThumb3 0.976301 -0.192806 0.098298 0.00241 0.171126 0.96581 0.194747 0.045062 -0.132485 -0.173311 0.975915 0.0 0.0 0.0 0.0 1.0
RightHandIndex1 0.991574 -0.062477 0.113479 -0.0 0.120252 0.118193 -0.985682 0.123753 0.04817 0.991023 0.12471 1.2E-5 0.0 0.0 0.0 1.0
RightHandIndex2 0.991353 -0.093063 0.092509 -0.001174 0.127062 0.504759 -0.853858 0.035274 0.032768 0.858229 0.512219 0.0 0.0 0.0 0.0 1.0
RightHandIndex3 0.969349 -0.233197 0.077337 -9.54E-4 0.211743 0.633311 -0.744367 0.031699 0.124606 0.737927 0.663277 0.0 0.0 0.0 0.0 1.0
LeftUpLeg -0.983483 -0.125173 0.130742 0.075562 0.144592 -0.108819 0.983489 -0.050384 -0.108879 0.986149 0.125121 0.016543 0.0 0.0 0.0 1.0
LeftLeg 0.986086 0.003617 -0.166199 -0.0 0.16547 0.074665 0.983384 0.453272 0.015966 -0.997202 0.073027 0.0 0.0 0.0 0.0 1.0
LeftFoot 0.997008 -0.038542 -0.067009 0.0 -0.014288 0.760027 -0.649734 0.408386 0.075971 0.648748 0.757202 0.0 0.0 0.0 0.0 1.0
LeftToeBase 0.975272 0.138862 0.171935 0.0 -0.028981 0.851596 -0.523397 0.212811 -0.219099 0.505471 0.834562 0.0 0.0 0.0 0.0 1.0
RightUpLeg -0.924592 -0.230011 -0.303686 -0.075562 0.269369 -0.958418 -0.094209 -0.050384 -0.269389 -0.168909 0.948103 0.020546 0.0 0.0 0.0 1.0
RightLeg 0.999454 -0.011628 0.030922 0.0 -0.001009 0.924833 0.380373 0.453812 -0.033021 -0.380196 0.924316 0.0 0.0 0.0 0.0 1.0
RightFoot 0.9873 -0.144427 -0.066177 0.0 0.037831 0.618312 -0.785022 0.407804 0.154296 0.772549 0.615923 -0.0 0.0 0.0 0.0 1.0
RightToeBase 0.978275 -0.147874 -0.145297 -0.0 -0.128522 0.117327 -0.984742 0.209222 0.162665 0.982022 0.095773 0.0 0.0 0.0 0.0 1.0
Time 0.14
Hips 0.978611 -0.204743 0.020038 -0.011656 0.199484 0.920626 -0.335638 0.968974 0.050272 0.332457 0.941778 -0.035047 0.0 0.0 0.0 1.0
Spine 0.953548 0.230159 0.194354 0.0 -0.206114 0.968994 -0.136264 0.090819 -0.219691 0.089875 0.971421 0.001036 0.0 0.0 0.0 1.0
Spine1 0.996582 0.04144 0.071466 -0.0 -0.036382 0.996835 -0.070683 0.105963 -0.074169 0.067841 0.994935 0.0 0.0 0.0 0.0 1.0
Spine2 0.996598 0.037308 0.073494 -0.0 -0.032113 0.996985 -0.070632 0.1211 -0.075908 0.068031 0.994791 0.0 0.0 0.0 0.0 1.0
Neck 0.998153 0.018041 -0.058011 -0.0 -0.0191 0.99966 -0.017752 0.136238 0.057671 0.018827 0.998158 -0.0 0.0 0.0 0.0 1.0
Head 0.935582 -0.099018 -0.338943 -0.0 0.176495 0.962505 0.205993 0.048508 0.305837 -0.252545 0.917979 0.01342 0.0 0.0 0.0 1.0
LeftShoulder 0.338751 0.922968 -0.182697 0.074603 0.041715 -0.20872 -0.977085 0.120279 -0.939951 0.323367 -0.109206 2.36E-4 0.0 0.0 0.0 1.0
LeftArm 0.580064 0.618232 0.530391 -0.0 -0.079113 0.690809 -0.718696 0.157184 -0.81072 0.37493 0.449624 -0.0 0.0 0.0 0.0 1.0
LeftForeArm 0.417371 -0.908698 -0.008359 -0.0 0.90872 0.41729 0.009891 0.243319 -0.0055 -0.011724 0.999916 0.0 0.0 0.0 0.0 1.0
LeftHand 0.645242 0.033369 -0.763249 -0.0 0.048876 0.995196 0.08483 0.221022 0.762413 -0.092041 0.640512 -0.0 0.0 0.0 0.0 1.0
LeftHandThumb1 0.82733 -0.429505 0.362008 -0.026336 0.527807 0.814941 -0.239356 0.025057 -0.19221 0.389097 0.900921 0.022961 0.0 0.0 0.0 1.0
LeftHandThumb2 0.879389 0.475171 0.029788 0.00104 -0.472025 0.878319 -0.075817 0.034381 -0.06219 0.052612 0.996677 0.0 0.0 0.0 0.0 1.0
LeftHandThumb3 0.954301 0.279343 -0.106192 -5.62E-4 -0.253008 0.944312 0.210383 0.044143 0.159048 -0.173901 0.971835 -0.0 0.0 0.0 0.0 1.0
LeftHandIndex1 0.981217 0.092379 -0.169352 -0.0 -0.178838 0.106466 -0.978101 0.121989 -0.072326 0.990016 0.120988 6.0E-6 0.0 0.0 0.0 1.0
LeftHandIndex2 0.983666 0.140438 -0.112597 0.001042 -0.169002 0.505223 -0.846279 0.032932 -0.061963 0.851485 0.520705 0.0 0.0 0.0 0.0 1.0
LeftHandIndex3 0.962381 0.256182 -0.090522 0.001095 -0.23757 0.631729 -0.737888 0.03356 -0.131848 0.731635 0.668825 0.0 0.0 0.0 0.0 1.0
RightShoulder 0.256989 -0.956321 0.139309 -0.074603 -0.009824 -0.146728 -0.989128 0.120277 0.966364 0.252826 -0.047102 1.28E-4 0.0 0.0 0.0 1.0
RightArm 0.756669 0.629482 0.176649 -0.0 -0.359075 0.62591 -0.692316 0.157184 -0.546367 0.460424 0.699638 0.0 0.0 0.0 0.0 1.0
RightForeArm -0.518438 0.854917 0.0184 0.0 -0.854943 -0.518646 0.00893 0.243323 0.017177 -0.011102 0.999791 -0.0 0.0 0.0 0.0 1.0
RightHand 0.684547 0.538708 0.49111 0.0 -0.701114 0.671005 0.241229 0.22105 -0.199585 -0.509457 0.83703 -0.0 0.0 0.0 0.0 1.0
RightHandThumb1 0.741749 0.561464 -0.366833 0.024462 -0.647535 0.741977 -0.173689 0.024251 0.174662 0.366371 0.913929 0.019483 0.0 0.0 0.0 1.0
RightHandThumb2 0.816411 -0.577095 -0.020846 -0.002391 0.573673 0.814645 -0.085158 0.031569 0.066127 0.057565 0.996149 0.0 0.0 0.0 0.0 1.0
RightHandThumb3 0.976301 -0.192806 0.098298 0.00241 0.171127 0.96581 0.194747 0.045062 -0.132486 -0.173311 0.975915 0.0 0.0 0.0 0.0 1.0
RightHandIndex1 0.991574 -0.062477 0.113479 0.0 0.120252 0.118193 -0.985682 0.123753 0.04817 0.991023 0.12471 1.2E-5 0.0 0.0 0.0 1.0
RightHandIndex2 0.991353 -0.093063 0.092509 -0.001174 0.127062 0.504759 -0.853858 0.035274 0.032768 0.858229 0.512219 0.0 0.0 0.0 0.0 1.0
RightHandIndex3 0.969349 -0.233197 0.077337 -9.54E-4 0.211743 0.633311 -0.744367 0.031699 0.124606 0.737928 0.663277 0.0 0.0 0.0 0.0 1.0
LeftUpLeg -0.974949 -0.199687 0.09798 0.075562 0.144728 -0.235009 0.961158 -0.050384 -0.168904 0.95126 0.258022 0.016543 0.0 0.0 0.0 1.0
LeftLeg 0.986239 0.013722 -0.164754 -0.0 0.127365 0.572306 0.810089 0.453272 0.105406 -0.819926 0.562682 0.0 0.0 0.0 0.0 1.0
LeftFoot 0.998506 0.053453 -0.011378 0.0 -0.044952 0.684913 -0.727237 0.408386 -0.03108 0.726661 0.686293 0.0 0.0 0.0 0.0 1.0
LeftToeBase 0.975207 0.138933 0.172245 0.0 -0.027241 0.847805 -0.529607 0.212811 -0.21961 0.511785 0.830571 -0.0 0.0 0.0 0.0 1.0
RightUpLeg -0.970871 -0.078244 -0.226469 -0.075562 0.146848 -0.941168 -0.304365 -0.050384 -0.18933 -0.328756 0.925242 0.020546 0.0 0.0 0.0 1.0
RightLeg 0.991512 -3.95E-4 0.130012 -0.0 -0.017613 0.990369 0.137331 0.453812 -0.128814 -0.138456 0.981956 0.0 0.0 0.0 0.0 1.0
RightFoot 0.998308 -0.041916 -0.040295 0.0 0.033172 0.979773 -0.197343 0.407804 0.047751 0.195673 0.979506 0.0 0.0 0.0 0.0 1.0
RightToeBase 0.974504 -0.141097 -0.174455 0.0 -0.013714 0.738614 -0.673989 0.209222 0.223953 0.659197 0.717847 -0.0 0.0 0.0 0.0 1.0
Time 0.1866662
Hips 0.994587 -0.086846 0.057051 -0.019173 0.100378 0.944937 -0.311479 0.989051 -0.026859 0.31552 0.948539 -0.019067 0.0 0.0 0.0 1.0
Spine 0.981326 0.138744 0.133225 0.0 -0.121694 0.984203 -0.128585 0.090819 -0.148961 0.109971 0.982709 0.001036 0.0 0.0 0.0 1.0
Spine1 0.998174 0.034753 0.049403 -0.0 -0.031612 0.997513 -0.063 0.105963 -0.05147 0.061323 0.99679 -0.0 0.0 0.0 0.0 1.0
Spine2 0.998172 0.032968 0.050662 0.0 -0.029757 0.997577 -0.06288 0.1211 -0.052612 0.061258 0.996734 0.0 0.0 0.0 0.0 1.0
Neck 0.99892 3.24E-4 -0.046463 0.0 -4.91E-4 0.999993 -0.003585 0.136238 0.046461 0.003604 0.998914 -0.0 0.0 0.0 0.0 1.0
Head 0.951829 -0.134185 -0.275709 -0.0 0.1952 0.958595 0.207348 0.048508 0.23647 -0.251178 0.938611 0.01342 0.0 0.0 0.0 1.0
LeftShoulder 0.277248 0.897278 -0.343548 0.074603 0.01508 -0.361585 -0.932217 0.120279 -0.96068 0.253275 -0.11378 2.36E-4 0.0 0.0 0.0 1.0
LeftArm 0.787398 0.474716 0.393254 0.0 -0.109525 0.735523 -0.668588 0.157184 -0.606637 0.483374 0.631143 0.0 0.0 0.0 0.0 1.0
LeftForeArm 0.57263 -0.819787 -0.006665 -0.0 0.819806 0.572569 0.009068 0.243319 -0.003618 -0.010657 0.999937 0.0 0.0 0.0 0.0 1.0
LeftHand 0.645733 0.009758 -0.763501 0.0 0.225609 0.952836 0.202988 0.221022 0.729472 -0.303329 0.613076 -0.0 0.0 0.0 0.0 1.0
LeftHandThumb1 0.82733 -0.429506 0.362008 -0.026336 0.527807 0.814941 -0.239356 0.025057 -0.19221 0.389097 0.900921 0.022961 0.0 0.0 0.0 1.0
LeftHandThumb2 0.879389 0.475172 0.029788 0.00104 -0.472025 0.878319 -0.075818 0.034381 -0.06219 0.052612 0.996677 0.0 0.0 0.0 0.0 1.0
LeftHandThumb3 0.954301 0.279343 -0.106193 -5.62E-4 -0.253009 0.944312 0.210382 0.044143 0.159048 -0.173901 0.971835 0.0 0.0 0.0 0.0 1.0
LeftHandIndex1 0.981217 0.09238 -0.169352 0.0 -0.178838 0.106466 -0.978101 0.121989 -0.072326 0.990016 0.120988 6.0E-6 0.0 0.0 0.0 1.0
LeftHandIndex2 0.983666 0.140438 -0.112597 0.001042 -0.169001 0.505223 -0.846279 0.032932 -0.061963 0.851485 0.520705 0.0 0.0 0.0 0.0 1.0
LeftHandIndex3 0.962381 0.256182 -0.090522 0.001095 -0.23757 0.631729 -0.737888 0.03356 -0.131848 0.731634 0.668825 0.0 0.0 0.0 0.0 1.0
RightShoulder 0.316087 -0.938703 0.137573 -0.074603 -0.03676 -0.157017 -0.986912 0.120277 0.948018 0.306892 -0.084138 1.28E-4 0.0 0.0 0.0 1.0
RightArm 0.927086 0.3748 -0.006083 0.0 -0.264418 0.642375 -0.719331 0.157184 -0.265697 0.66849 0.694641 -0.0 0.0 0.0 0.0 1.0
RightForeArm -0.398031 0.917216 0.016903 -0.0 -0.917229 -0.398227 0.01032 0.243323 0.016197 -0.011396 0.999804 -0.0 0.0 0.0 0.0 1.0
RightHand 0.744202 0.493487 0.450149 -0.0 -0.64848 0.695337 0.309808 0.22105 -0.160119 -0.522472 0.837487 -0.0 0.0 0.0 0.0 1.0
RightHandThumb1 0.741749 0.561464 -0.366833 0.024462 -0.647535 0.741977 -0.173689 0.024251 0.174662 0.366371 0.913929 0.019483 0.0 0.0 0.0 1.0
RightHandThumb2 0.816411 -0.577095 -0.020846 -0.002391 0.573673 0.814645 -0.085159 0.031569 0.066127 0.057565 0.996149 0.0 0.0 0.0 0.0 1.0
RightHandThumb3 0.976301 -0.192806 0.098298 0.00241 0.171126 0.96581 0.194747 0.045062 -0.132486 -0.173311 0.975915 0.0 0.0 0.0 0.0 1.0
RightHandIndex1 0.991574 -0.062476 0.113479 0.0 0.120252 0.118193 -0.985682 0.123753 0.048169 0.991023 0.12471 1.2E-5 0.0 0.0 0.0 1.0
RightHandIndex2 0.991353 -0.093063 0.092509 -0.001174 0.127062 0.504759 -0.853858 0.035274 0.032768 0.858229 0.512219 0.0 0.0 0.0 0.0 1.0
RightHandIndex3 0.969349 -0.233197 0.077337 -9.54E-4 0.211743 0.633311 -0.744367 0.031699 0.124606 0.737927 0.663277 0.0 0.0 0.0 0.0 1.0
LeftUpLeg -0.982092 -0.135976 0.130406 0.075562 0.182426 -0.513391 0.83854 -0.050384 -0.047072 0.847313 0.529003 0.016543 0.0 0.0 0.0 1.0
LeftLeg 0.986607 0.015388 -0.16239 -0.0 0.077005 0.833686 0.546844 0.453272 0.143797 -0.552024 0.821335 0.0 0.0 0.0 0.0 1.0
LeftFoot 0.994369 0.104859 -0.015342 0.0 -0.083245 0.683275 -0.7254 0.408386 -0.065581 0.722592 0.688156 0.0 0.0 0.0 0.0 1.0
LeftToeBase 0.974528 0.139791 0.175366 0.0 -0.008333 0.80399 -0.594585 0.212811 -0.22411 0.577979 0.784675 0.0 0.0 0.0 0.0 1.0
RightUpLeg -0.976542 0.052527 -0.208821 -0.075562 -0.011652 -0.981259 -0.192339 -0.050384 -0.215011 -0.185394 0.958853 0.020546 0.0 0.0 0.0 1.0
RightLeg 0.998601 -0.014545 0.050841 -0.0 -0.020283 0.782541 0.622269 0.453812 -0.048836 -0.62243 0.781151 0.0 0.0 0.0 0.0 1.0
RightFoot 0.98919 -0.146044 0.013235 -0.0 0.146474 0.979698 -0.136884 0.407804 0.007025 0.137343 0.990499 -0.0 0.0 0.0 0.0 1.0
RightToeBase 0.975366 -0.139778 -0.170657 -0.0 0.007844 0.795111 -0.606414 0.209222 0.220454 0.590137 0.77662 0.0 0.0 0.0 0.0 1.0
Time 0.2333338
Hips 0.996016 -0.046165 0.076294 -0.019604 0.066101 0.956487 -0.284189 0.989438 -0.059855 0.2881 0.955728 -0.014643 0.0 0.0 0.0 1.0
Spine 0.992809 0.109136 0.049188 0.0 -0.101523 0.985341 -0.137097 0.090819 -0.063429 0.131117 0.989336 0.001036 0.0 0.0 0.0 1.0
Spine1 0.999148 0.032816 0.025014 -0.0 -0.031101 0.997329 -0.06609 0.105963 -0.027116 0.065255 0.9975 0.0 0.0 0.0 0.0 1.0
Spine2 0.999146 0.031972 0.026175 0.0 -0.030183 0.997355 -0.066114 0.1211 -0.02822 0.065268 0.997469 -0.0 0.0 0.0 0.0 1.0
Neck 0.999414 -0.008626 -0.033132 0.0 0.009724 0.999404 0.033107 0.136238 0.032826 -0.03341 0.998902 -0.0 0.0 0.0 0.0 1.0
Head 0.965737 -0.164347 -0.200855 0.0 0.203549 0.959781 0.19336 0.048508 0.160999 -0.227619 0.960348 0.01342 0.0 0.0 0.0 1.0
LeftShoulder 0.243154 0.831105 -0.50014 0.074603 -0.005872 -0.514344 -0.857564 0.120279 -0.96997 0.211457 -0.120184 2.36E-4 0.0 0.0 0.0 1.0
LeftArm 0.932621 0.223788 0.283084 0.0 -0.0218 0.817985 -0.574826 0.157184 -0.360198 0.529923 0.767749 0.0 0.0 0.0 0.0 1.0
LeftForeArm 0.673302 -0.739346 -0.005573 0.0 0.739364 0.673258 0.008048 0.243319 -0.002198 -0.009539 0.999952 0.0 0.0 0.0 0.0 1.0
LeftHand 0.560949 -0.051865 -0.826224 -0.0 0.457535 0.851181 0.257203 0.221022 0.689926 -0.522304 0.501199 0.0 0.0 0.0 0.0 1.0
LeftHandThumb1 0.82733 -0.429505 0.362008 -0.026336 0.527807 0.814941 -0.239356 0.025057 -0.19221 0.389097 0.900921 0.022961 0.0 0.0 0.0 1.0
LeftHandThumb2 0.879389 0.475171 0.029788 0.00104 -0.472025 0.878319 -0.075818 0.034381 -0.06219 0.052612 0.996677 0.0 0.0 0.0 0.0 1.0
LeftHandThumb3 0.954301 0.279343 -0.106192 -5.62E-4 -0.253009 0.944312 0.210383 0.044143 0.159048 -0.173901 0.971835 0.0 0.0 0.0 0.0 1.0
LeftHandIndex1 0.981217 0.092379 -0.169352 0.0 -0.178838 0.106467 -0.978101 0.121989 -0.072326 0.990016 0.120988 6.0E-6 0.0 0.0 0.0 1.0
LeftHandIndex2 0.983666 0.140438 -0.112597 0.001042 -0.169002 0.505223 -0.846279 0.032932 -0.061963 0.851485 0.520705 0.0 0.0 0.0 0.0 1.0
LeftHandIndex3 0.962381 0.256182 -0.090522 0.001095 -0.23757 0.631729 -0.737888 0.03356 -0.131849 0.731634 0.668825 0.0 0.0 0.0 0.0 1.0
RightShoulder 0.352573 -0.917845 0.182354 -0.074603 -0.042761 -0.210466 -0.976665 0.120277 0.934807 0.336548 -0.113453 1.28E-4 0.0 0.0 0.0 1.0
RightArm 0.966089 0.190868 -0.1739 0.0 -0.254834 0.596271 -0.761262 0.157184 -0.041609 0.779763 0.624691 0.0 0.0 0.0 0.0 1.0
RightForeArm 0.105261 0.994374 0.011887 0.0 -0.994403 0.10514 0.010386 0.243323 0.009078 -0.012913 0.999875 -0.0 0.0 0.0 0.0 1.0
RightHand 0.81225 0.274598 0.514632 -0.0 -0.423736 0.884091 0.197053 0.22105 -0.400871 -0.378125 0.83446 -0.0 0.0 0.0 0.0 1.0
RightHandThumb1 0.741749 0.561464 -0.366833 0.024462 -0.647535 0.741977 -0.173689 0.024251 0.174662 0.366371 0.913929 0.019483 0.0 0.0 0.0 1.0
RightHandThumb2 0.816411 -0.577095 -0.020846 -0.002391 0.573673 0.814645 -0.085159 0.031569 0.066127 0.057566 0.996149 0.0 0.0 0.0 0.0 1.0
RightHandThumb3 0.976301 -0.192806 0.098298 0.00241 0.171127 0.96581 0.194747 0.045062 -0.132486 -0.173311 0.975915 -0.0 0.0 0.0 0.0 1.0
RightHandIndex1 0.991574 -0.062477 0.113479 0.0 0.120252 0.118193 -0.985682 0.123753 0.04817 0.991023 0.12471 1.2E-5 0.0 0.0 0.0 1.0
RightHandIndex2 0.991353 -0.093063 0.092509 -0.001174 0.127062 0.504759 -0.853858 0.035274 0.032768 0.858229 0.512219 -0.0 0.0 0.0 0.0 1.0
RightHandIndex3 0.96935 -0.233196 0.077337 -9.54E-4 0.211743 0.633311 -0.744367 0.031699 0.124606 0.737928 0.663277 0.0 0.0 0.0 0.0 1.0
LeftUpLeg -0.971087 -0.108362 0.212713 0.075562 0.227837 -0.686719 0.690296 -0.050384 0.071272 0.718801 0.691553 0.016543 0.0 0.0 0.0 1.0
LeftLeg 0.985313 0.012484 -0.170301 0.0 0.080623 0.845149 0.528415 0.453272 0.150527 -0.534384 0.83173 0.0 0.0 0.0 0.0 1.0
LeftFoot 0.999728 0.022518 0.006033 0.0 -0.007457 0.554098 -0.832418 0.408386 -0.022087 0.832147 0.554115 0.0 0.0 0.0 0.0 1.0
LeftToeBase 0.973903 0.140289 0.178416 0.0 9.49E-4 0.78357 -0.621302 0.212811 -0.226963 0.605257 0.762988 0.0 0.0 0.0 0.0 1.0
RightUpLeg -0.95986 0.020119 -0.279757 -0.075562 -0.045631 -0.995337 0.08498 -0.050384 -0.276743 0.094335 0.956302 0.020546 0.0 0.0 0.0 1.0
RightLeg 0.999249 0.002201 0.038692 0.0 -0.038342 0.201567 0.978724 0.453812 -0.005645 -0.979472 0.2015 0.0 0.0 0.0 0.0 1.0
RightFoot 0.982057 -0.183741 0.042469 -0.0 0.18857 0.953878 -0.233576 0.407804 0.002407 0.237394 0.971411 -0.0 0.0 0.0 0.0 1.0
RightToeBase 0.975835 -0.139233 -0.168403 -0.0 0.020547 0.825753 -0.563657 0.209222 0.217539 0.546576 0.80866 0.0 0.0 0.0 0.0 1.0
Time 0.28
Hips 0.992583 -0.071663 0.098203 -0.012378 0.097775 0.950625 -0.294538 0.974281 -0.072246 0.301955 0.950581 -0.028589 0.0 0.0 0.0 1.0
Spine 0.991301 0.128299 -0.029361 0.0 -0.130742 0.985567 -0.107538 0.090819 0.01514 0.110441 0.993767 0.001036 0.0 0.0 0.0 1.0
Spine1 0.999343 0.035464 -0.007464 0.0 -0.035863 0.997386 -0.062725 0.105963 0.00522 0.062952 0.998003 0.0 0.0 0.0 0.0 1.0
Spine2 0.999356 0.035408 -0.005731 0.0 -0.0357 0.99737 -0.063082 0.1211 0.003483 0.063246 0.997992 0.0 0.0 0.0 0.0 1.0
Neck 0.999609 -0.01641 -0.022659 0.0 0.017483 0.998695 0.047987 0.136238 0.021842 -0.048364 0.998591 -0.0 0.0 0.0 0.0 1.0
Head 0.974528 -0.173562 -0.142023 -0.0 0.198796 0.961672 0.188859 0.048508 0.103801 -0.212283 0.97168 0.01342 0.0 0.0 0.0 1.0
LeftShoulder 0.223527 0.781662 -0.582271 0.074603 -0.015241 -0.59451 -0.803943 0.120279 -0.974579 0.188578 -0.120975 2.36E-4 0.0 0.0 0.0 1.0
LeftArm 0.96023 -0.144571 0.238866 0.0 0.242705 0.855118 -0.458113 0.157184 -0.138028 0.497868 0.856198 -0.0 0.0 0.0 0.0 1.0
LeftForeArm 0.709018 -0.705171 -0.005184 0.0 0.705188 0.708979 0.007676 0.243319 -0.001738 -0.009098 0.999957 0.0 0.0 0.0 0.0 1.0
LeftHand 0.597926 -0.030444 -0.800973 0.0 0.547339 0.745539 0.380252 0.221022 0.58558 -0.665766 0.462441 0.0 0.0 0.0 0.0 1.0
LeftHandThumb1 0.82733 -0.429505 0.362008 -0.026336 0.527807 0.814941 -0.239356 0.025057 -0.19221 0.389097 0.900921 0.022961 0.0 0.0 0.0 1.0
LeftHandThumb2 0.879389 0.475171 0.029788 0.00104 -0.472025 0.878319 -0.075817 0.034381 -0.06219 0.052612 0.996677 0.0 0.0 0.0 0.0 1.0
LeftHandThumb3 0.954301 0.279343 -0.106193 -5.62E-4 -0.253009 0.944312 0.210382 0.044143 0.159048 -0.173901 0.971835 0.0 0.0 0.0 0.0 1.0
LeftHandIndex1 0.981216 0.092379 -0.169352 0.0 -0.178838 0.106466 -0.978101 0.121989 -0.072326 0.990016 0.120988 6.0E-6 0.0 0.0 0.0 1.0
LeftHandIndex2 0.983666 0.140438 -0.112597 0.001042 -0.169001 0.505223 -0.846279 0.032932 -0.061963 0.851485 0.520705 0.0 0.0 0.0 0.0 1.0
LeftHandIndex3 0.962381 0.256182 -0.090522 0.001095 -0.23757 0.631729 -0.737888 0.03356 -0.131849 0.731634 0.668825 0.0 0.0 0.0 0.0 1.0
RightShoulder 0.368153 -0.887782 0.276238 -0.074603 -0.025337 -0.306574 -0.951509 0.120277 0.92942 0.343302 -0.13536 1.28E-4 0.0 0.0 0.0 1.0
RightArm 0.982603 0.134688 -0.12787 0.0 -0.181763 0.556075 -0.811013 0.157184 -0.038128 0.820146 0.570883 0.0 0.0 0.0 0.0 1.0
RightForeArm 0.77681 0.629716 0.004872 -0.0 -0.629735 0.776782 0.006578 0.243323 3.57E-4 -0.008178 0.999966 -0.0 0.0 0.0 0.0 1.0
RightHand 0.943366 -0.126195 0.306814 0.0 0.118657 0.991996 0.043177 0.22105 -0.309807 -0.004326 0.95079 -0.0 0.0 0.0 0.0 1.0
RightHandThumb1 0.741749 0.561464 -0.366833 0.024462 -0.647535 0.741977 -0.173689 0.024251 0.174662 0.366371 0.913928 0.019483 0.0 0.0 0.0 1.0
RightHandThumb2 0.816411 -0.577095 -0.020846 -0.002391 0.573673 0.814645 -0.085159 0.031569 0.066127 0.057566 0.996149 0.0 0.0 0.0 0.0 1.0
RightHandThumb3 0.976301 -0.192806 0.098298 0.00241 0.171126 0.96581 0.194748 0.045062 -0.132486 -0.173311 0.975915 0.0 0.0 0.0 0.0 1.0
RightHandIndex1 0.991574 -0.062477 0.113479 -0.0 0.120252 0.118193 -0.985682 0.123753 0.04817 0.991023 0.12471 1.2E-5 0.0 0.0 0.0 1.0
RightHandIndex2 0.991353 -0.093063 0.092508 -0.001174 0.127062 0.504759 -0.853858 0.035274 0.032768 0.858229 0.51222 -0.0 0.0 0.0 0.0 1.0
RightHandIndex3 0.969349 -0.233196 0.077337 -9.54E-4 0.211743 0.633311 -0.744367 0.031699 0.124605 0.737928 0.663277 0.0 0.0 0.0 0.0 1.0
LeftUpLeg -0.963804 -0.149277 0.220904 0.075562 0.255391 -0.754778 0.604224 -0.050384 0.076537 0.63877 0.765581 0.016543 0.0 0.0 0.0 1.0
LeftLeg 0.98439 0.01701 -0.175176 -0.0 0.108779 0.723648 0.681542 0.453272 0.138359 -0.689959 0.710502 0.0 0.0 0.0 0.0 1.0
LeftFoot 0.996738 -0.015105 0.079274 0.0 0.080426 0.266848 -0.960377 0.408386 -0.006647 0.96362 0.267192 0.0 0.0 0.0 0.0 1.0
LeftToeBase 0.973782 0.140932 0.178568 0.0 0.009947 0.757843 -0.652361 0.212811 -0.227265 0.637034 0.736572 -0.0 0.0 0.0 0.0 1.0
RightUpLeg -0.95612 -0.121219 -0.266723 -0.075562 -0.019751 -0.881651 0.471488 -0.050384 -0.29231 0.456067 0.84057 0.020546 0.0 0.0 0.0 1.0
RightLeg 0.997959 0.003134 0.063782 0.0 -0.059687 -0.309286 0.949094 0.453812 0.022701 -0.950964 -0.308468 0.0 0.0 0.0 0.0 1.0
RightFoot 0.992434 -0.122136 0.012589 -0.0 0.120886 0.953997 -0.274365 0.407804 0.021499 0.273811 0.961543 0.0 0.0 0.0 0.0 1.0
RightToeBase 0.976255 -0.138806 -0.166308 0.0 0.031821 0.851295 -0.523722 0.209222 0.214273 0.505994 0.835498 0.0 0.0 0.0 0.0 1.0
Time 0.3266662
Hips 0.983523 -0.067496 0.167709 -0.010429 0.117202 0.944384 -0.307251 0.960211 -0.137643 0.321845 0.936734 -0.048689 0.0 0.0 0.0 1.0
Spine 0.988734 0.107618 -0.104032 0.0 -0.117529 0.988576 -0.094363 0.090819 0.092689 0.105527 0.990087 0.001036 0.0 0.0 0.0 1.0
Spine1 0.998711 0.02501 -0.04416 0.0 -0.027939 0.997363 -0.066986 0.105963 0.042368 0.068133 0.996776 0.0 0.0 0.0 0.0 1.0
Spine2 0.998761 0.02645 -0.042159 0.0 -0.029273 0.997268 -0.067826 0.1211 0.04025 0.068976 0.996806 0.0 0.0 0.0 0.0 1.0
Neck 0.999778 -0.017837 -0.011177 0.0 0.018559 0.997502 0.068154 0.136238 0.009933 -0.068346 0.997612 -0.0 0.0 0.0 0.0 1.0
Head 0.979896 -0.177372 -0.091337 0.0 0.193972 0.954099 0.228189 0.048508 0.04667 -0.241319 0.969323 0.01342 0.0 0.0 0.0 1.0
LeftShoulder 0.268335 0.798601 -0.538733 0.074603 -0.014854 -0.555746 -0.831219 0.120279 -0.963211 0.231048 -0.137264 2.36E-4 0.0 0.0 0.0 1.0
LeftArm 0.872252 -0.478967 0.098834 -0.0 0.472051 0.771721 -0.426163 0.157184 0.127846 0.418376 0.899232 -0.0 0.0 0.0 0.0 1.0
LeftForeArm 0.559912 -0.828524 -0.006807 -0.0 0.828544 0.559851 0.009018 0.243319 -0.003661 -0.01069 0.999936 0.0 0.0 0.0 0.0 1.0
LeftHand 0.768793 0.064827 -0.636203 0.0 0.417614 0.702533 0.576234 0.221022 0.484309 -0.708693 0.51303 -0.0 0.0 0.0 0.0 1.0
LeftHandThumb1 0.82733 -0.429505 0.362008 -0.026336 0.527807 0.814941 -0.239356 0.025057 -0.19221 0.389097 0.900921 0.022961 0.0 0.0 0.0 1.0
LeftHandThumb2 0.879389 0.475171 0.029788 0.00104 -0.472025 0.878319 -0.075818 0.034381 -0.06219 0.052613 0.996677 0.0 0.0 0.0 0.0 1.0
LeftHandThumb3 0.954301 0.279343 -0.106192 -5.62E-4 -0.253009 0.944312 0.210383 0.044143 0.159048 -0.173901 0.971835 0.0 0.0 0.0 0.0 1.0
LeftHandIndex1 0.981216 0.092379 -0.169353 0.0 -0.178838 0.106466 -0.978101 0.121989 -0.072326 0.990016 0.120988 6.0E-6 0.0 0.0 0.0 1.0
LeftHandIndex2 0.983666 0.140438 -0.112597 0.001042 -0.169002 0.505223 -0.846279 0.032932 -0.061963 0.851485 0.520705 0.0 0.0 0.0 0.0 1.0
LeftHandIndex3 0.962381 0.256182 -0.090522 0.001095 -0.23757 0.631729 -0.737888 0.03356 -0.131849 0.731634 0.668825 0.0 0.0 0.0 0.0 1.0
RightShoulder 0.37207 -0.86495 0.336787 -0.074603 -0.013565 -0.367865 -0.92978 0.120277 0.928106 0.341375 -0.148604 1.28E-4 0.0 0.0 0.0 1.0
RightArm 0.998458 0.047024 0.029512 0.0 -0.007465 0.640464 -0.767952 0.157184 -0.055013 0.766547 0.639827 -0.0 0.0 0.0 0.0 1.0
RightForeArm 0.993344 0.115158 0.002611 0.0 -0.115162 0.993346 0.001203 0.243323 -0.002455 -0.001496 0.999996 -0.0 0.0 0.0 0.0 1.0
RightHand 0.943126 -0.319455 -0.091989 0.0 0.320944 0.947097 0.001482 0.22105 0.086649 -0.030921 0.995759 -0.0 0.0 0.0 0.0 1.0
RightHandThumb1 0.741749 0.561464 -0.366833 0.024462 -0.647535 0.741977 -0.173689 0.024251 0.174662 0.366371 0.913929 0.019483 0.0 0.0 0.0 1.0
RightHandThumb2 0.816411 -0.577095 -0.020846 -0.002391 0.573673 0.814645 -0.085159 0.031569 0.066127 0.057566 0.996149 0.0 0.0 0.0 0.0 1.0
RightHandThumb3 0.976301 -0.192806 0.098298 0.00241 0.171126 0.96581 0.194748 0.045062 -0.132486 -0.173311 0.975915 0.0 0.0 0.0 0.0 1.0
RightHandIndex1 0.991574 -0.062477 0.113479 -0.0 0.120252 0.118193 -0.985682 0.123753 0.04817 0.991023 0.12471 1.2E-5 0.0 0.0 0.0 1.0
RightHandIndex2 0.991353 -0.093063 0.092509 -0.001174 0.127062 0.504759 -0.853858 0.035274 0.032768 0.858229 0.512219 0.0 0.0 0.0 0.0 1.0
RightHandIndex3 0.969349 -0.233197 0.077337 -9.54E-4 0.211743 0.63331 -0.744367 0.031699 0.124605 0.737928 0.663277 0.0 0.0 0.0 0.0 1.0
LeftUpLeg -0.973838 -0.17104 0.149619 0.075562 0.222913 -0.846944 0.482695 -0.050384 0.044159 0.503419 0.862913 0.016543 0.0 0.0 0.0 1.0
LeftLeg 0.984474 0.021681 -0.174187 -0.0 0.112256 0.685122 0.719727 0.453272 0.134943 -0.728106 0.672051 -0.0 0.0 0.0 0.0 1.0
LeftFoot 0.997751 0.051355 0.043072 0.0 0.038397 0.088774 -0.995311 0.408386 -0.054938 0.994727 0.086602 0.0 0.0 0.0 0.0 1.0
LeftToeBase 0.973229 0.141915 0.180794 -0.0 0.023847 0.720016 -0.693548 0.212811 -0.228599 0.679292 0.697355 -0.0 0.0 0.0 0.0 1.0
RightUpLeg -0.963078 -0.178471 -0.201568 -0.075562 -0.051173 -0.613698 0.78788 -0.050384 -0.264316 0.769105 0.581906 0.020546 0.0 0.0 0.0 1.0
RightLeg 0.999348 0.002327 0.036031 0.0 -0.029697 -0.514633 0.856896 0.453812 0.020536 -0.857407 -0.514228 0.0 0.0 0.0 0.0 1.0
RightFoot 0.996055 0.019259 -0.086619 -0.0 -0.047263 0.941321 -0.334187 0.407804 0.0751 0.336963 0.938518 0.0 0.0 0.0 0.0 1.0
RightToeBase 0.975851 -0.139215 -0.168325 -0.0 0.020972 0.826746 -0.562184 0.209222 0.217427 0.545078 0.809701 -0.0 0.0 0.0 0.0 1.0
Time 0.3733338
Hips 0.988423 0.025364 0.149588 -0.008365 0.019198 0.957094 -0.28914 0.965245 -0.150503 0.288665 0.945527 -0.051967 0.0 0.0 0.0 1.0
Spine 0.989686 0.003856 -0.143201 0.0 -0.023369 0.990593 -0.134831 0.090819 0.141334 0.136787 0.980466 0.001036 0.0 0.0 0.0 1.0
Spine1 0.99769 -0.001617 -0.067916 0.0 -0.004253 0.996269 -0.086203 0.105963 0.067802 0.086292 0.99396 0.0 0.0 0.0 0.0 1.0
Spine2 0.997757 0.001359 -0.06693 0.0 -0.007199 0.996174 -0.087096 0.1211 0.066555 0.087382 0.993949 0.0 0.0 0.0 0.0 1.0
Neck 0.999714 -0.02058 0.0122 0.0 0.019443 0.996024 0.086938 0.136238 -0.013941 -0.086676 0.996139 -0.0 0.0 0.0 0.0 1.0
Head 0.986521 -0.161074 0.028845 0.0 0.147357 0.951114 0.271419 0.048508 -0.071154 -0.26351 0.962029 0.01342 0.0 0.0 0.0 1.0
LeftShoulder 0.3402 0.884575 -0.319046 0.074603 0.016126 -0.344721 -0.938567 0.120279 -0.940215 0.314155 -0.131539 2.36E-4 0.0 0.0 0.0 1.0
LeftArm 0.710807 -0.676734 -0.191793 0.0 0.477931 0.664731 -0.574207 0.157184 0.516076 0.316487 0.795928 -0.0 0.0 0.0 0.0 1.0
LeftForeArm 0.307854 -0.951386 -0.00955 -0.0 0.951408 0.307758 0.010356 0.243319 -0.006913 -0.012274 0.999901 0.0 0.0 0.0 0.0 1.0
LeftHand 0.764463 -0.262118 -0.588975 -0.0 0.58714 0.660343 0.468202 0.221022 0.266201 -0.703734 0.658708 0.0 0.0 0.0 0.0 1.0
LeftHandThumb1 0.82733 -0.429506 0.362008 -0.026336 0.527807 0.814941 -0.239356 0.025057 -0.19221 0.389097 0.900921 0.022961 0.0 0.0 0.0 1.0
LeftHandThumb2 0.879389 0.475172 0.029788 0.00104 -0.472025 0.878319 -0.075817 0.034381 -0.06219 0.052612 0.996677 0.0 0.0 0.0 0.0 1.0
LeftHandThumb3 0.954301 0.279343 -0.106193 -5.62E-4 -0.253009 0.944312 0.210382 0.044143 0.159048 -0.1739 0.971835 0.0 0.0 0.0 0.0 1.0
LeftHandIndex1 0.981217 0.092379 -0.169352 0.0 -0.178838 0.106466 -0.978101 0.121989 -0.072326 0.990016 0.120988 6.0E-6 0.0 0.0 0.0 1.0
LeftHandIndex2 0.983666 0.140438 -0.112597 0.001042 -0.169001 0.505223 -0.846279 0.032932 -0.061964 0.851485 0.520705 0.0 0.0 0.0 0.0 1.0
LeftHandIndex3 0.962381 0.256182 -0.090522 0.001095 -0.23757 0.631729 -0.737888 0.03356 -0.131848 0.731635 0.668825 0.0 0.0 0.0 0.0 1.0
RightShoulder 0.358719 -0.890456 0.280017 -0.074603 -0.024139 -0.308731 -0.950843 0.120277 0.933133 0.334326 -0.132242 1.28E-4 0.0 0.0 0.0 1.0
RightArm 0.939688 -0.323095 -0.112234 0.0 0.143874 0.671082 -0.727289 0.157184 0.310302 0.667277 0.677093 -0.0 0.0 0.0 0.0 1.0
RightForeArm 0.869872 0.493262 0.0039 -0.0 -0.493276 0.869857 0.005152 0.243323 -8.51E-4 -0.006406 0.999979 -0.0 0.0 0.0 0.0 1.0
RightHand 0.950185 -0.307025 -0.053695 -0.0 0.300784 0.948406 -0.100273 0.22105 0.081711 0.079128 0.99351 -0.0 0.0 0.0 0.0 1.0
RightHandThumb1 0.741749 0.561464 -0.366833 0.024462 -0.647535 0.741977 -0.173689 0.024251 0.174662 0.366371 0.913929 0.019483 0.0 0.0 0.0 1.0
RightHandThumb2 0.816411 -0.577095 -0.020846 -0.002391 0.573673 0.814645 -0.085159 0.031569 0.066127 0.057566 0.996149 0.0 0.0 0.0 0.0 1.0
RightHandThumb3 0.976301 -0.192806 0.098298 0.00241 0.171126 0.96581 0.194747 0.045062 -0.132485 -0.173311 0.975915 -0.0 0.0 0.0 0.0 1.0
RightHandIndex1 0.991574 -0.062477 0.113479 0.0 0.120252 0.118193 -0.985682 0.123753 0.04817 0.991023 0.12471 1.2E-5 0.0 0.0 0.0 1.0
RightHandIndex2 0.991353 -0.093063 0.092509 -0.001174 0.127062 0.504759 -0.853858 0.035274 0.032768 0.858229 0.512219 0.0 0.0 0.0 0.0 1.0
RightHandIndex3 0.96935 -0.233196 0.077337 -9.54E-4 0.211743 0.633311 -0.744367 0.031699 0.124605 0.737927 0.663277 0.0 0.0 0.0 0.0 1.0
LeftUpLeg -0.986713 -0.026454 0.160306 0.075562 0.056201 -0.98132 0.183992 -0.050384 0.152445 0.190557 0.969767 0.016543 0.0 0.0 0.0 1.0
LeftLeg 0.986643 0.026804 -0.160675 -0.0 0.06887 0.825237 0.560572 0.453272 0.147621 -0.56415 0.812368 0.0 0.0 0.0 0.0 1.0
LeftFoot 0.991507 0.129538 -0.011599 0.0 -0.020099 0.064503 -0.997715 0.408386 -0.128494 0.989474 0.066559 -0.0 0.0 0.0 0.0 1.0
