Root_Bone_Name Hips
Num_Keyframes 51
Num_Bones 34
Time_Wrapping_Mode LOOP
Time 0.0
Hips 0.372156 0.506437 -0.777831 0.038469 -0.216964 0.862276 0.45761 0.811335 0.902456 -0.001541 0.43078 -1.39E-4 0.0 0.0 0.0 1.0
Spine 0.983329 0.046233 0.17586 0.0 -9.64E-4 0.96845 -0.249207 0.090819 -0.181833 0.244883 0.952349 0.001036 0.0 0.0 0.0 1.0
Spine1 0.998761 -0.001956 0.049716 0.0 0.00314 0.999713 -0.023746 0.105963 -0.049655 0.023873 0.998481 -0.0 0.0 0.0 0.0 1.0
Spine2 0.998785 -0.001428 0.049256 0.0 0.002617 0.999707 -0.024082 0.1211 -0.049207 0.024181 0.998496 -0.0 0.0 0.0 0.0 1.0
Neck 0.999424 -0.003819 -0.033726 0.0 0.002154 0.998783 -0.04927 0.136238 0.033874 0.049169 0.998216 -0.0 0.0 0.0 0.0 1.0
Head 0.919913 -0.182847 -0.346883 0.0 0.140836 0.979665 -0.142908 0.048508 0.365959 0.08261 0.926957 0.01342 0.0 0.0 0.0 1.0
LeftShoulder -0.174788 0.967704 -0.181655 0.074603 -0.016445 -0.187338 -0.982158 0.120279 -0.984469 -0.168682 0.048658 2.36E-4 0.0 0.0 0.0 1.0
LeftArm 0.848568 0.423095 0.317683 0.0 -0.456349 0.889119 0.034819 0.157184 -0.267727 -0.174521 0.947557 -0.0 0.0 0.0 0.0 1.0
LeftForeArm 0.919851 -0.392258 -0.00289 -0.0 0.392267 0.919841 0.00427 0.243319 9.83E-4 -0.005061 0.999987 0.0 0.0 0.0 0.0 1.0
LeftHand 0.981149 -0.061881 -0.183076 0.0 0.019306 0.973994 -0.225749 0.221022 0.192284 0.217959 0.956828 0.0 0.0 0.0 0.0 1.0
LeftHandThumb1 0.782588 -0.418294 0.461071 -0.026336 0.567646 0.783558 -0.252618 0.025057 -0.255607 0.459421 0.850645 0.022961 0.0 0.0 0.0 1.0
LeftHandThumb2 0.948625 0.314582 0.033895 0.00104 -0.313389 0.948933 -0.036248 0.034381 -0.043567 0.023764 0.998768 0.0 0.0 0.0 0.0 1.0
LeftHandThumb3 0.995865 -0.090407 -0.008966 -5.62E-4 0.088745 0.946917 0.308987 0.044143 -0.019444 -0.308505 0.951024 0.0 0.0 0.0 0.0 1.0
LeftHandIndex1 0.996763 -0.080136 -0.006406 -0.0 0.079914 0.996365 -0.029493 0.121989 0.008746 0.028885 0.999544 6.0E-6 0.0 0.0 0.0 1.0
LeftHandIndex2 0.995421 0.087276 -0.038989 0.001042 -0.09499 0.857577 -0.505508 0.032932 -0.010683 0.506897 0.86194 0.0 0.0 0.0 0.0 1.0
LeftHandIndex3 0.974177 0.220739 -0.047465 0.001095 -0.214099 0.836359 -0.504644 0.03356 -0.071697 0.501775 0.862022 -0.0 0.0 0.0 0.0 1.0
RightShoulder 0.065448 -0.985979 0.153502 -0.074603 -0.014264 -0.154741 -0.987852 0.120277 0.997754 0.062463 -0.024191 1.28E-4 0.0 0.0 0.0 1.0
RightArm 0.84814 -0.287278 -0.445119 -0.0 0.314885 0.949047 -0.012522 0.157184 0.426036 -0.129541 0.895384 0.0 0.0 0.0 0.0 1.0
RightForeArm 0.7113 0.702867 0.005557 0.0 -0.702888 0.711263 0.007341 0.243323 0.001208 -0.009128 0.999958 0.0 0.0 0.0 0.0 1.0
RightHand 0.913827 -0.169075 -0.369234 -0.0 -0.062982 0.839205 -0.540155 0.22105 0.40119 0.516864 0.75624 -0.0 0.0 0.0 0.0 1.0
RightHandThumb1 0.740893 0.495828 -0.453025 0.024462 -0.636421 0.733807 -0.237687 0.024251 0.214581 0.464416 0.859228 0.019483 0.0 0.0 0.0 1.0
RightHandThumb2 0.903636 -0.427079 -0.032337 -0.002391 0.425712 0.903899 -0.04167 0.031569 0.047026 0.023888 0.998608 0.0 0.0 0.0 0.0 1.0
RightHandThumb3 0.999659 0.0261 -1.52E-4 0.00241 -0.024891 0.955082 0.295295 0.045062 0.007852 -0.295191 0.955406 0.0 0.0 0.0 0.0 1.0
RightHandIndex1 0.996095 0.087871 -0.008618 0.0 -0.087982 0.99603 -0.013572 0.123753 0.007391 0.014277 0.999871 1.2E-5 0.0 0.0 0.0 1.0
RightHandIndex2 0.997403 -0.061595 0.037336 -0.001174 0.072024 0.857286 -0.509778 0.035274 -6.08E-4 0.511143 0.859496 0.0 0.0 0.0 0.0 1.0
RightHandIndex3 0.976669 -0.210016 0.044839 -9.54E-4 0.203241 0.836518 -0.508853 0.031699 0.069359 0.506094 0.859685 0.0 0.0 0.0 0.0 1.0
LeftUpLeg -0.986076 -0.146987 0.07777 0.075562 0.166174 -0.888644 0.427431 -0.050384 0.006283 0.434403 0.900697 0.016543 0.0 0.0 0.0 1.0
LeftLeg 0.998999 0.017528 0.041153 -0.0 -0.038946 0.793329 0.607547 0.453272 -0.021999 -0.608541 0.793217 0.0 0.0 0.0 0.0 1.0
LeftFoot 0.938627 -0.250746 0.236867 0.0 0.328262 0.860254 -0.390137 0.408386 -0.105941 0.443947 0.889768 0.0 0.0 0.0 0.0 1.0
LeftToeBase 0.970885 0.147129 0.189037 0.0 0.079917 0.544994 -0.834622 0.212811 -0.225821 0.82543 0.517369 -0.0 0.0 0.0 0.0 1.0
RightUpLeg -0.918873 -0.267788 -0.289763 -0.075562 0.249398 -0.96329 0.099367 -0.050384 -0.305735 0.01904 0.951926 0.020546 0.0 0.0 0.0 1.0
RightLeg 0.997831 -0.019614 -0.06283 -0.0 0.06232 -0.025605 0.997728 0.453812 -0.021179 -0.99948 -0.024327 0.0 0.0 0.0 0.0 1.0
RightFoot 0.934197 -0.275166 0.227068 0.0 0.348877 0.571586 -0.742681 0.407804 0.074572 0.773029 0.629973 0.0 0.0 0.0 0.0 1.0
RightToeBase 0.96418 -0.173337 -0.200778 0.0 -0.227444 -0.150807 -0.962043 0.209222 0.136479 0.973248 -0.184829 0.0 0.0 0.0 0.0 1.0
Time 0.033333
Hips 0.373798 0.464235 -0.80297 0.039236 -0.162629 0.885119 0.436023 0.824363 0.913141 -0.032398 0.406354 0.002751 0.0 0.0 0.0 1.0
Spine 0.982679 0.02237 0.183961 -0.0 0.041276 0.941329 -0.334957 0.090819 -0.180661 0.336748 0.924101 0.001036 0.0 0.0 0.0 1.0
Spine1 0.998514 0.006123 0.054151 0.0 -0.003826 0.999093 -0.042416 0.105963 -0.054361 0.042146 0.997631 -0.0 0.0 0.0 0.0 1.0
Spine2 0.998461 0.008149 0.054861 0.0 -0.005823 0.999083 -0.042415 0.1211 -0.055156 0.04203 0.997593 -0.0 0.0 0.0 0.0 1.0
Neck 0.999827 0.011114 -0.014944 0.0 -0.011469 0.999649 -0.023898 0.136238 0.014674 0.024065 0.999603 -0.0 0.0 0.0 0.0 1.0
Head 0.984646 -0.121476 -0.125361 -0.0 0.127424 0.991019 0.040541 0.048508 0.119311 -0.055892 0.991282 0.01342 0.0 0.0 0.0 1.0
LeftShoulder -0.197293 0.964684 -0.174531 0.074603 -0.003161 -0.178655 -0.983907 0.120279 -0.98034 -0.193566 0.038297 2.36E-4 0.0 0.0 0.0 1.0
LeftArm 0.871472 0.390865 0.296246 0.0 -0.397906 0.916604 -0.038835 0.157184 -0.286719 -0.084034 0.954322 -0.0 0.0 0.0 0.0 1.0
LeftForeArm 0.902674 -0.430314 -0.003077 -0.0 0.430325 0.902662 0.004684 0.243319 7.62E-4 -0.005552 0.999984 0.0 0.0 0.0 0.0 1.0
LeftHand 0.989302 -0.021167 -0.144336 0.0 -0.022511 0.955414 -0.294409 0.221022 0.144133 0.294508 0.944717 0.0 0.0 0.0 0.0 1.0
LeftHandThumb1 0.787149 -0.438575 0.433646 -0.026336 0.573693 0.77878 -0.253729 0.025057 -0.226435 0.448502 0.864623 0.022961 0.0 0.0 0.0 1.0
LeftHandThumb2 0.948014 0.31761 0.019815 0.00104 -0.316676 0.947703 -0.039681 0.034381 -0.031382 0.031343 0.999016 0.0 0.0 0.0 0.0 1.0
LeftHandThumb3 0.999054 -0.043248 -0.004547 -5.62E-4 0.042666 0.954611 0.294785 0.044143 -0.008408 -0.2947 0.955553 -0.0 0.0 0.0 0.0 1.0
LeftHandIndex1 0.999038 -0.043655 -0.004166 0.0 0.043016 0.994009 -0.100478 0.121989 0.008527 0.100203 0.994931 6.0E-6 0.0 0.0 0.0 1.0
LeftHandIndex2 0.996591 0.076577 -0.030696 0.001042 -0.082246 0.893069 -0.442338 0.032932 -0.00646 0.443355 0.896323 0.0 0.0 0.0 0.0 1.0
LeftHandIndex3 0.976808 0.210515 -0.039107 0.001095 -0.205881 0.873267 -0.441608 0.03356 -0.058815 0.439418 0.896355 0.0 0.0 0.0 0.0 1.0
RightShoulder 0.20895 -0.947948 0.240278 -0.074603 0.018908 -0.24174 -0.970157 0.120277 0.977743 0.207258 -0.032587 1.28E-4 0.0 0.0 0.0 1.0
RightArm 0.889376 -0.144108 -0.43387 0.0 0.160206 0.987084 5.45E-4 0.157184 0.428188 -0.069993 0.900975 0.0 0.0 0.0 0.0 1.0
RightForeArm 0.367361 0.930033 0.009149 0.0 -0.930061 0.367277 0.009714 0.243323 0.005675 -0.012078 0.999911 -0.0 0.0 0.0 0.0 1.0
RightHand 0.986596 0.016559 -0.162337 0.0 -0.052731 0.973815 -0.22114 0.22105 0.154424 0.226736 0.961636 -0.0 0.0 0.0 0.0 1.0
RightHandThumb1 0.747246 0.508622 -0.427699 0.024462 -0.637406 0.730614 -0.244781 0.024251 0.187981 0.45553 0.870147 0.019483 0.0 0.0 0.0 1.0
RightHandThumb2 0.899964 -0.435946 0.004011 -0.002391 0.43543 0.898365 -0.057796 0.031569 0.021593 0.053761 0.99832 0.0 0.0 0.0 0.0 1.0
RightHandThumb3 0.998458 -0.055424 -0.003191 0.00241 0.054175 0.96018 0.27408 0.045062 -0.012126 -0.27383 0.961702 0.0 0.0 0.0 0.0 1.0
RightHandIndex1 0.998833 0.047519 -0.00865 -0.0 -0.048242 0.990292 -0.130362 0.123753 0.002371 0.130627 0.991429 1.2E-5 0.0 0.0 0.0 1.0
RightHandIndex2 0.997665 -0.058879 0.03461 -0.001174 0.068277 0.872325 -0.484136 0.035274 -0.001685 0.485368 0.874308 -0.0 0.0 0.0 0.0 1.0
RightHandIndex3 0.977374 -0.207276 0.042143 -9.54E-4 0.201519 0.851978 -0.483242 0.031699 0.064259 0.480801 0.874472 0.0 0.0 0.0 0.0 1.0
LeftUpLeg -0.985614 -0.135824 0.100586 0.075562 0.167072 -0.872916 0.458371 -0.050384 0.025546 0.468582 0.883051 0.016543 0.0 0.0 0.0 1.0
LeftLeg 0.99909 0.041579 -0.009506 0.0 -0.022747 0.70795 0.705896 0.453272 0.03608 -0.705038 0.708251 0.0 0.0 0.0 0.0 1.0
LeftFoot 0.938835 -0.241062 0.245923 0.0 0.339214 0.770442 -0.53977 0.408386 -0.059351 0.590176 0.80509 0.0 0.0 0.0 0.0 1.0
LeftToeBase 0.971643 0.145268 0.186566 0.0 0.062239 0.604069 -0.794498 0.212811 -0.228114 0.78358 0.577898 0.0 0.0 0.0 0.0 1.0
RightUpLeg -0.946939 -0.219075 -0.235185 -0.075562 0.187446 -0.970817 0.149593 -0.050384 -0.261094 0.097572 0.96037 0.020546 0.0 0.0 0.0 1.0
RightLeg 0.997091 0.008573 0.075736 0.0 -0.075206 -0.050795 0.995873 0.453812 0.012384 -0.998672 -0.050003 0.0 0.0 0.0 0.0 1.0
RightFoot 0.91019 -0.163709 0.380465 -0.0 0.403174 0.560638 -0.723282 0.407804 -0.094895 0.811717 0.57629 -0.0 0.0 0.0 0.0 1.0
RightToeBase 0.966345 -0.16413 -0.19809 0.0 -0.189758 0.065133 -0.979668 0.209222 0.173695 0.984286 0.031796 0.0 0.0 0.0 0.0 1.0
Time 0.066667
Hips 0.43491 0.385457 -0.813804 0.053185 -0.108749 0.919619 0.377458 0.858552 0.893883 -0.07566 0.441869 -0.005499 0.0 0.0 0.0 1.0
Spine 0.981998 -0.009162 0.188671 0.0 0.086074 0.910802 -0.403772 0.090819 -0.168142 0.412743 0.895194 0.001036 0.0 0.0 0.0 1.0
Spine1 0.998401 0.010843 0.055486 0.0 -0.007565 0.998232 -0.058949 0.105963 -0.056027 0.058435 0.996718 0.0 0.0 0.0 0.0 1.0
Spine2 0.998276 0.013859 0.057036 -0.0 -0.010496 0.998212 -0.058843 0.1211 -0.057749 0.058143 0.996637 0.0 0.0 0.0 0.0 1.0
Neck 0.999675 0.025262 0.003565 -0.0 -0.025247 0.999673 -0.004066 0.136238 -0.003666 0.003975 0.999985 -0.0 0.0 0.0 0.0 1.0
Head 0.992612 -0.068724 0.099997 0.0 0.048765 0.980598 0.189866 0.048508 -0.111105 -0.183587 0.976705 0.01342 0.0 0.0 0.0 1.0
LeftShoulder -0.238539 0.959686 -0.148666 0.074603 0.032862 -0.14502 -0.988883 0.120279 -0.970577 -0.240773 0.003056 2.36E-4 0.0 0.0 0.0 1.0
LeftArm 0.927484 0.244661 0.282691 0.0 -0.16295 0.945081 -0.283318 0.157184 -0.336483 0.216708 0.916415 0.0 0.0 0.0 0.0 1.0
LeftForeArm 0.913152 -0.407608 -0.002963 -0.0 0.407617 0.913142 0.004437 0.243319 8.97E-4 -0.005259 0.999986 0.0 0.0 0.0 0.0 1.0
LeftHand 0.998788 -0.008819 -0.048432 -0.0 -0.013499 0.897052 -0.441718 0.221022 0.047342 0.441836 0.895846 0.0 0.0 0.0 0.0 1.0
LeftHandThumb1 0.79069 -0.460267 0.403687 -0.026336 0.580888 0.772254 -0.257279 0.025057 -0.193332 0.437925 0.877977 0.022961 0.0 0.0 0.0 1.0
LeftHandThumb2 0.947491 0.319753 0.004365 0.00104 -0.319268 0.946652 -0.043788 0.034381 -0.018134 0.040095 0.999031 0.0 0.0 0.0 0.0 1.0
LeftHandThumb3 0.999962 0.008636 -7.19E-4 -5.62E-4 -0.008094 0.960385 0.27856 0.044143 0.003096 -0.278543 0.960419 0.0 0.0 0.0 0.0 1.0
LeftHandIndex1 0.999974 -0.003992 -0.006044 0.0 0.00283 0.983407 -0.181392 0.121989 0.006668 0.18137 0.983392 6.0E-6 0.0 0.0 0.0 1.0
LeftHandIndex2 0.997695 0.064043 -0.022437 0.001042 -0.067798 0.926736 -0.369546 0.032932 -0.002874 0.370215 0.928942 0.0 0.0 0.0 0.0 1.0
LeftHandIndex3 0.97961 0.198537 -0.030792 0.001095 -0.195726 0.908465 -0.3693 0.03356 -0.045346 0.367797 0.9288 0.0 0.0 0.0 0.0 1.0
RightShoulder 0.346744 -0.863023 0.367368 -0.074603 0.083957 -0.361538 -0.92857 0.120277 0.934195 0.352819 -0.052904 1.28E-4 0.0 0.0 0.0 1.0
RightArm 0.875277 -0.044809 -0.481541 0.0 0.028832 0.998762 -0.040533 0.157184 0.482761 0.021594 0.875486 -0.0 0.0 0.0 0.0 1.0
RightForeArm 0.102057 0.994707 0.01192 0.0 -0.994737 0.101936 0.01039 0.243323 0.00912 -0.012917 0.999875 -0.0 0.0 0.0 0.0 1.0
RightHand 0.979903 0.160093 0.118994 0.0 -0.160238 0.987043 -0.008413 0.22105 -0.118799 -0.010823 0.992859 -0.0 0.0 0.0 0.0 1.0
RightHandThumb1 0.752224 0.525651 -0.397303 0.024462 -0.640528 0.724778 -0.253813 0.024251 0.154539 0.445408 0.881889 0.019483 0.0 0.0 0.0 1.0
RightHandThumb2 0.895297 -0.443344 0.04346 -0.002391 0.445432 0.8922 -0.074628 0.031569 -0.005689 0.086173 0.996264 0.0 0.0 0.0 0.0 1.0
RightHandThumb3 0.989644 -0.143465 -0.004725 0.00241 0.140068 0.957962 0.250378 0.045062 -0.031394 -0.248447 0.968137 0.0 0.0 0.0 0.0 1.0
RightHandIndex1 0.999991 0.004133 -3.75E-4 -0.0 -0.004094 0.967685 -0.25213 0.123753 -6.79E-4 0.252129 0.967693 1.2E-5 0.0 0.0 0.0 1.0
RightHandIndex2 0.998007 -0.054983 0.030967 -0.001174 0.063033 0.891872 -0.447874 0.035274 -0.002993 0.448934 0.89356 0.0 0.0 0.0 0.0 1.0
RightHandIndex3 0.978348 -0.203344 0.038548 -9.54E-4 0.198881 0.872132 -0.447026 0.031699 0.057281 0.445014 0.89369 -0.0 0.0 0.0 0.0 1.0
LeftUpLeg -0.983183 -0.158756 0.090267 0.075562 0.182388 -0.878713 0.441132 -0.050384 0.009287 0.450177 0.892891 0.016543 0.0 0.0 0.0 1.0
LeftLeg 0.997482 0.0577 -0.041244 0.0 -0.014687 0.736957 0.67578 0.453272 0.069388 -0.673472 0.735949 0.0 0.0 0.0 0.0 1.0
LeftFoot 0.947032 -0.201888 0.249743 0.0 0.315538 0.729596 -0.606733 0.408386 -0.059719 0.653399 0.754654 0.0 0.0 0.0 0.0 1.0
LeftToeBase 0.972559 0.143237 0.183335 0.0 0.040301 0.67238 -0.739108 0.212811 -0.229138 0.726215 0.648157 0.0 0.0 0.0 0.0 1.0
RightUpLeg -0.972449 -0.123428 -0.19776 -0.075562 0.08766 -0.97968 0.180396 -0.050384 -0.216007 0.158091 0.963508 0.020546 0.0 0.0 0.0 1.0
RightLeg 0.996001 0.011529 0.088595 0.0 -0.088962 0.03667 0.99536 0.453812 0.008227 -0.999261 0.037549 0.0 0.0 0.0 0.0 1.0
RightFoot 0.952257 -0.139114 0.271761 0.0 0.304819 0.48304 -0.820828 0.407804 -0.017083 0.864477 0.502383 -0.0 0.0 0.0 0.0 1.0
RightToeBase 0.977147 -0.154467 -0.146026 0.0 -0.111934 0.210089 -0.971253 0.209222 0.180705 0.965403 0.187998 -0.0 0.0 0.0 0.0 1.0
Time 0.1
Hips 0.531178 0.304985 -0.790465 0.077205 -0.07605 0.946362 0.31403 0.900277 0.84384 -0.106691 0.525881 -0.021904 0.0 0.0 0.0 1.0
Spine 0.978648 -0.060164 0.196543 0.0 0.145354 0.878654 -0.454797 0.090819 -0.145331 0.473654 0.868637 0.001036 0.0 0.0 0.0 1.0
Spine1 0.998383 0.010949 0.055786 0.0 -0.006658 0.997045 -0.076532 0.105963 -0.056459 0.076036 0.995505 0.0 0.0 0.0 0.0 1.0
Spine2 0.998203 0.014879 0.058039 -0.0 -0.010411 0.997012 -0.076543 0.1211 -0.059005 0.075801 0.995376 0.0 0.0 0.0 0.0 1.0
Neck 0.999283 0.034555 0.015502 0.0 -0.034696 0.999358 0.008903 0.136238 -0.015185 -0.009434 0.99984 -0.0 0.0 0.0 0.0 1.0
Head 0.9635 0.006551 0.267628 0.0 -0.085349 0.955051 0.283891 0.048508 -0.253739 -0.29637 0.92075 0.01342 0.0 0.0 0.0 1.0
LeftShoulder -0.1235 0.977334 -0.171945 0.074603 0.044437 -0.167651 -0.984844 0.120279 -0.991349 -0.129269 -0.022725 2.36E-4 0.0 0.0 0.0 1.0
LeftArm 0.92559 0.247854 0.286098 0.0 -0.065337 0.849083 -0.524203 0.157184 -0.372847 0.466504 0.802097 -0.0 0.0 0.0 0.0 1.0
LeftForeArm 0.884563 -0.46641 -0.003274 -0.0 0.466421 0.884548 0.005077 0.243319 5.28E-4 -0.006018 0.999982 0.0 0.0 0.0 0.0 1.0
LeftHand 0.981758 -0.141444 -0.12706 0.0 0.071663 0.89426 -0.441772 0.221022 0.176111 0.424608 0.888084 0.0 0.0 0.0 0.0 1.0
LeftHandThumb1 0.793386 -0.478786 0.375901 -0.026336 0.586987 0.765288 -0.26416 0.025057 -0.161196 0.43023 0.88821 0.022961 0.0 0.0 0.0 1.0
LeftHandThumb2 0.946275 0.323215 -0.009785 0.00104 -0.323305 0.945095 -0.047634 0.034381 -0.006149 0.048238 0.998817 0.0 0.0 0.0 0.0 1.0
LeftHandThumb3 0.998407 0.056405 0.001654 -5.62E-4 -0.054844 0.963027 0.263763 0.044143 0.013285 -0.263434 0.964586 0.0 0.0 0.0 0.0 1.0
LeftHandIndex1 0.99933 0.034425 -0.012391 0.0 -0.036487 0.962769 -0.267852 0.121989 0.002709 0.268124 0.96338 6.0E-6 0.0 0.0 0.0 1.0
LeftHandIndex2 0.998337 0.05499 -0.01732 0.001042 -0.057643 0.946446 -0.317674 0.032932 -0.001076 0.318144 0.948042 0.0 0.0 0.0 0.0 1.0
LeftHandIndex3 0.981465 0.189917 -0.025654 0.001095 -0.188117 0.929188 -0.318154 0.03356 -0.036586 0.317083 0.947692 -0.0 0.0 0.0 0.0 1.0
RightShoulder 0.437558 -0.855153 0.277952 -0.074603 0.118377 -0.25164 -0.960554 0.120277 0.891364 0.453201 -0.008877 1.28E-4 0.0 0.0 0.0 1.0
RightArm 0.876772 0.064927 -0.476503 0.0 -0.250269 0.9077 -0.336817 0.157184 0.410653 0.414566 0.812095 0.0 0.0 0.0 0.0 1.0
RightForeArm -0.0544 0.998427 0.013554 0.0 -0.998457 -0.054543 0.010428 0.243323 0.011151 -0.012966 0.999854 0.0 0.0 0.0 0.0 1.0
RightHand 0.977144 0.179359 0.114104 0.0 -0.195116 0.969774 0.146518 0.22105 -0.084376 -0.165433 0.982605 -0.0 0.0 0.0 0.0 1.0
RightHandThumb1 0.755995 0.539681 -0.370426 0.024462 -0.642963 0.718368 -0.265605 0.024251 0.12276 0.438966 0.890078 0.019483 0.0 0.0 0.0 1.0
RightHandThumb2 0.889561 -0.44969 0.080372 -0.002391 0.455782 0.885534 -0.089962 0.031569 -0.030717 0.116659 0.992697 -0.0 0.0 0.0 0.0 1.0
RightHandThumb3 0.974673 -0.223596 -0.004245 0.00241 0.218611 0.948599 0.228843 0.045062 -0.047141 -0.223976 0.973454 0.0 0.0 0.0 0.0 1.0
RightHandIndex1 0.99935 -0.033146 0.014195 -0.0 0.036038 0.931095 -0.362992 0.123753 -0.001185 0.363267 0.931684 1.2E-5 0.0 0.0 0.0 1.0
RightHandIndex2 0.998238 -0.052078 0.02844 -0.001174 0.059216 0.905022 -0.421224 0.035274 -0.003802 0.422166 0.906511 0.0 0.0 0.0 0.0 1.0
RightHandIndex3 0.979048 -0.200414 0.036058 -9.54E-4 0.196796 0.885736 -0.420409 0.031699 0.052318 0.418696 0.906618 0.0 0.0 0.0 0.0 1.0
LeftUpLeg -0.981375 -0.181498 0.062944 0.075562 0.19115 -0.89001 0.413936 -0.050384 -0.019108 0.418258 0.908127 0.016543 0.0 0.0 0.0 1.0
LeftLeg 0.998551 0.051524 -0.015542 0.0 -0.032614 0.809061 0.586819 0.453272 0.04281 -0.585461 0.809569 0.0 0.0 0.0 0.0 1.0
LeftFoot 0.977087 -0.111733 0.181152 -0.0 0.20199 0.755054 -0.623774 0.408386 -0.067083 0.646072 0.760323 -0.0 0.0 0.0 0.0 1.0
LeftToeBase 0.973368 0.141657 0.180242 0.0 0.020358 0.729718 -0.683445 0.212811 -0.228341 0.668913 0.707401 0.0 0.0 0.0 0.0 1.0
RightUpLeg -0.986882 -0.012935 -0.160926 -0.075562 -0.019606 -0.979806 0.198987 -0.050384 -0.160251 0.199532 0.966699 0.020546 0.0 0.0 0.0 1.0
RightLeg 0.99058 0.007667 0.136722 0.0 -0.135678 0.189974 0.972369 0.453812 -0.018518 -0.981759 0.189225 0.0 0.0 0.0 0.0 1.0
RightFoot 0.98742 -0.142751 0.067994 0.0 0.119815 0.394917 -0.91087 0.407804 0.103176 0.907559 0.407053 -0.0 0.0 0.0 0.0 1.0
RightToeBase 0.967653 -0.154528 -0.199424 0.0 -0.134442 0.353032 -0.925902 0.209222 0.21348 0.922762 0.320837 0.0 0.0 0.0 0.0 1.0
Time 0.133333
Hips 0.638539 0.239377 -0.731414 0.106154 -0.057621 0.962598 0.264735 0.935746 0.767429 -0.126898 0.62845 -0.041969 0.0 0.0 0.0 1.0
Spine 0.975926 -0.108987 0.188919 -0.0 0.190663 0.846933 -0.496339 0.090819 -0.105908 0.52041 0.847324 0.001036 0.0 0.0 0.0 1.0
Spine1 0.998686 0.006933 0.050776 0.0 -0.002342 0.995945 -0.089936 0.105963 -0.051193 0.089699 0.994652 0.0 0.0 0.0 0.0 1.0
Spine2 0.998501 0.011143 0.053593 0.0 -0.006278 0.995913 -0.090098 0.1211 -0.054378 0.089626 0.99449 0.0 0.0 0.0 0.0 1.0
Neck 0.999064 0.038193 0.020329 0.0 -0.038532 0.99912 0.016569 0.136238 -0.019678 -0.017337 0.999656 -0.0 0.0 0.0 0.0 1.0
Head 0.935714 0.066422 0.346451 0.0 -0.188311 0.924524 0.331351 0.048508 -0.298294 -0.37529 0.877598 0.01342 0.0 0.0 0.0 1.0
LeftShoulder 0.067389 0.971797 -0.225987 0.074603 0.042966 -0.229119 -0.97245 0.120279 -0.996801 0.055822 -0.057194 2.36E-4 0.0 0.0 0.0 1.0
LeftArm 0.963683 0.265195 0.031417 0.0 -0.177006 0.722406 -0.668429 0.157184 -0.19996 0.638593 0.743112 0.0 0.0 0.0 0.0 1.0
LeftForeArm 0.824308 -0.566129 -0.003929 -0.0 0.566142 0.824285 0.006162 0.243319 -2.5E-4 -0.007304 0.999973 0.0 0.0 0.0 0.0 1.0
LeftHand 0.971308 -0.168284 -0.168052 0.0 0.113867 0.949428 -0.292612 0.221022 0.208796 0.265081 0.941348 0.0 0.0 0.0 0.0 1.0
LeftHandThumb1 0.796317 -0.489564 0.355256 -0.026336 0.589473 0.7598 -0.274272 0.025057 -0.13565 0.427821 0.893626 0.022961 0.0 0.0 0.0 1.0
LeftHandThumb2 0.9437 0.330198 -0.020002 0.00104 -0.330795 0.942373 -0.050085 0.034381 0.002312 0.053882 0.998545 0.0 0.0 0.0 0.0 1.0
LeftHandThumb3 0.99582 0.091305 0.002601 -5.62E-4 -0.088968 0.963094 0.254035 0.044143 0.02069 -0.253205 0.967191 0.0 0.0 0.0 0.0 1.0
LeftHandIndex1 0.997485 0.067361 -0.022064 0.0 -0.070802 0.932021 -0.355421 0.121989 -0.003377 0.356089 0.934446 6.0E-6 0.0 0.0 0.0 1.0
LeftHandIndex2 0.998319 0.055267 -0.017467 0.001042 -0.05795 0.945896 -0.319252 0.032932 -0.001122 0.319728 0.947509 0.0 0.0 0.0 0.0 1.0
LeftHandIndex3 0.981381 0.190322 -0.025881 0.001095 -0.18848 0.928293 -0.320543 0.03356 -0.036982 0.319452 0.94688 0.0 0.0 0.0 0.0 1.0
RightShoulder 0.493987 -0.850593 0.180189 -0.074603 0.116091 -0.14086 -0.9832 0.120277 0.861684 0.506606 0.029163 1.28E-4 0.0 0.0 0.0 1.0
RightArm 0.875801 0.1295 -0.464976 -0.0 -0.40479 0.721772 -0.561419 0.157184 0.262902 0.679908 0.684549 0.0 0.0 0.0 0.0 1.0
RightForeArm -0.107159 0.994142 0.014105 0.0 -0.994171 -0.107309 0.010384 0.243323 0.011837 -0.01291 0.999847 -0.0 0.0 0.0 0.0 1.0
RightHand 0.963033 0.262699 0.059637 0.0 -0.268283 0.915315 0.300369 0.22105 0.024321 -0.305265 0.951957 -0.0 0.0 0.0 0.0 1.0
RightHandThumb1 0.760341 0.543214 -0.356089 0.024462 -0.641298 0.714814 -0.278886 0.024251 0.103043 0.440408 0.891865 0.019483 0.0 0.0 0.0 1.0
RightHandThumb2 0.883235 -0.456059 0.109112 -0.002391 0.466303 0.878775 -0.101568 0.031569 -0.049564 0.140587 0.988827 -0.0 0.0 0.0 0.0 1.0
RightHandThumb3 0.95932 -0.28231 -0.002583 0.00241 0.27629 0.936901 0.214197 0.045062 -0.05805 -0.206197 0.976787 0.0 0.0 0.0 0.0 1.0
RightHandIndex1 0.997962 -0.057035 0.028606 0.0 0.063806 0.89086 -0.449774 0.123753 1.69E-4 0.450683 0.892684 1.2E-5 0.0 0.0 0.0 1.0
RightHandIndex2 0.998202 -0.052542 0.028834 -0.001174 0.059821 0.902997 -0.425462 0.035274 -0.003682 0.426422 0.904517 0.0 0.0 0.0 0.0 1.0
RightHandIndex3 0.978937 -0.200882 0.036446 -9.54E-4 0.197136 0.883638 -0.424642 0.031699 0.053098 0.422882 0.904628 -0.0 0.0 0.0 0.0 1.0
LeftUpLeg -0.983223 -0.176487 0.046103 0.075562 0.179514 -0.891345 0.416268 -0.050384 -0.032372 0.41756 0.908072 0.016543 0.0 0.0 0.0 1.0
LeftLeg 0.996851 0.03026 0.0733 -0.0 -0.063192 0.861558 0.503711 0.453272 -0.04791 -0.506756 0.860757 0.0 0.0 0.0 0.0 1.0
LeftFoot 0.986147 0.14575 -0.079188 -0.0 -0.164212 0.790445 -0.590111 0.408386 -0.023415 0.59494 0.803429 0.0 0.0 0.0 0.0 1.0
LeftToeBase 0.970178 0.140807 0.1973 0.0 0.019284 0.766555 -0.641889 0.212811 -0.241624 0.626552 0.74098 0.0 0.0 0.0 0.0 1.0
RightUpLeg -0.994773 0.048624 -0.089796 -0.075562 -0.06799 -0.971483 0.227151 -0.050384 -0.07619 0.232069 0.969711 0.020546 0.0 0.0 0.0 1.0
RightLeg 0.998675 0.029755 0.041997 0.0 -0.049524 0.333291 0.941523 0.453812 0.014018 -0.942354 0.334323 -0.0 0.0 0.0 0.0 1.0
RightFoot 0.990382 -0.106998 0.087725 -0.0 0.119221 0.338156 -0.933508 0.407804 0.070219 0.934988 0.34766 -0.0 0.0 0.0 0.0 1.0
RightToeBase 0.951284 -0.153898 -0.26716 0.0 -0.129652 0.586497 -0.799507 0.209222 0.279731 0.795196 0.537972 0.0 0.0 0.0 0.0 1.0
Time 0.166667
Hips 0.742905 0.184456 -0.643481 0.135682 -0.035935 0.970889 0.236821 0.955577 0.668431 -0.152812 0.727907 -0.064153 0.0 0.0 0.0 1.0
Spine 0.981822 -0.125057 0.142781 0.0 0.181996 0.833827 -0.521162 0.090819 -0.05388 0.537674 0.84143 0.001036 0.0 0.0 0.0 1.0
Spine1 0.999302 0.003288 0.037216 0.0 3.95E-4 0.995134 -0.098525 0.105963 -0.037359 0.098471 0.994438 0.0 0.0 0.0 0.0 1.0
Spine2 0.999169 0.006836 0.04018 0.0 -0.002839 0.995113 -0.0987 0.1211 -0.040658 0.098504 0.994306 -0.0 0.0 0.0 0.0 1.0
Neck 0.999419 0.02865 0.018469 0.0 -0.02908 0.999302 0.023439 0.136238 -0.017785 -0.023963 0.999555 -0.0 0.0 0.0 0.0 1.0
Head 0.943071 0.071781 0.324753 0.0 -0.198048 0.905645 0.374945 0.048508 -0.267197 -0.417917 0.868304 0.01342 0.0 0.0 0.0 1.0
LeftShoulder 0.175473 0.949271 -0.26095 0.074603 0.058906 -0.274711 -0.959721 0.120279 -0.98272 0.153034 -0.104122 2.36E-4 0.0 0.0 0.0 1.0
LeftArm 0.973742 0.186873 -0.130021 -0.0 -0.219765 0.622546 -0.751092 0.157184 -0.059415 0.759944 0.647267 -0.0 0.0 0.0 0.0 1.0
LeftForeArm 0.762282 -0.647229 -0.004605 -0.0 0.647245 0.76225 0.007045 0.243319 -0.00105 -0.008351 0.999965 0.0 0.0 0.0 0.0 1.0
LeftHand 0.962307 -0.126457 -0.240779 0.0 0.083387 0.979875 -0.181359 0.221022 0.258867 0.154445 0.953486 -0.0 0.0 0.0 0.0 1.0
LeftHandThumb1 0.800804 -0.489637 0.344918 -0.026336 0.586603 0.757429 -0.286703 0.025057 -0.120871 0.431923 0.893775 0.022961 0.0 0.0 0.0 1.0
LeftHandThumb2 0.939379 0.34199 -0.024713 0.00104 -0.34283 0.938048 -0.050338 0.034381 0.005966 0.055759 0.998426 0.0 0.0 0.0 0.0 1.0
LeftHandThumb3 0.994131 0.108154 0.002614 -5.62E-4 -0.105328 0.962074 0.251634 0.044143 0.0247 -0.250433 0.967819 0.0 0.0 0.0 0.0 1.0
LeftHandIndex1 0.995193 0.092348 -0.032611 0.0 -0.097253 0.89259 -0.440255 0.121989 -0.011548 0.44131 0.89728 6.0E-6 0.0 0.0 0.0 1.0
LeftHandIndex2 0.997391 0.067808 -0.024767 0.001042 -0.072088 0.917442 -0.391285 0.032932 -0.00381 0.39205 0.919936 0.0 0.0 0.0 0.0 1.0
LeftHandIndex3 0.978704 0.202538 -0.033408 0.001095 -0.199175 0.897584 -0.393285 0.03356 -0.049668 0.391564 0.918809 -0.0 0.0 0.0 0.0 1.0
RightShoulder 0.512947 -0.844741 0.152634 -0.074603 0.107225 -0.113364 -0.987751 0.120277 0.851697 0.52303 0.032428 1.28E-4 0.0 0.0 0.0 1.0
RightArm 0.871423 0.204853 -0.44571 -0.0 -0.47169 0.599359 -0.646744 0.157184 0.134653 0.773824 0.618922 -0.0 0.0 0.0 0.0 1.0
RightForeArm -0.065522 0.997757 0.01367 -0.0 -0.997787 -0.065667 0.010422 0.243323 0.011296 -0.012957 0.999852 -0.0 0.0 0.0 0.0 1.0
RightHand 0.942101 0.328309 0.068256 0.0 -0.332155 0.885705 0.324345 0.22105 0.046031 -0.328237 0.943473 -0.0 0.0 0.0 0.0 1.0
RightHandThumb1 0.766942 0.531564 -0.359499 0.024462 -0.633457 0.716708 -0.291653 0.024251 0.102624 0.451409 0.886396 0.019483 0.0 0.0 0.0 1.0
RightHandThumb2 0.877158 -0.463403 0.1259 -0.002391 0.476464 0.872531 -0.108031 0.031569 -0.05979 0.154748 0.986143 0.0 0.0 0.0 0.0 1.0
RightHandThumb3 0.950157 -0.311769 -0.001046 0.00241 0.305071 0.929044 0.209304 0.045062 -0.064283 -0.199191 0.97785 0.0 0.0 0.0 0.0 1.0
RightHandIndex1 0.997239 -0.064992 0.035913 0.0 0.074226 0.859045 -0.50649 0.123753 0.002067 0.507758 0.861497 1.2E-5 0.0 0.0 0.0 1.0
RightHandIndex2 0.997786 -0.057544 0.033328 -0.001174 0.066464 0.879279 -0.471646 0.035274 -0.002164 0.472818 0.881158 0.0 0.0 0.0 0.0 1.0
RightHandIndex3 0.977713 -0.205929 0.040877 -9.54E-4 0.200637 0.85914 -0.470769 0.031699 0.061826 0.468478 0.881309 0.0 0.0 0.0 0.0 1.0
LeftUpLeg -0.987456 -0.150543 0.047626 0.075562 0.157587 -0.92072 0.35699 -0.050384 -0.009892 0.360017 0.932893 0.016543 0.0 0.0 0.0 1.0
LeftLeg 0.988449 0.045358 0.144606 -0.0 -0.083081 0.960186 0.26672 0.453272 -0.12675 -0.275654 0.952864 0.0 0.0 0.0 0.0 1.0
LeftFoot 0.84246 0.431895 -0.322069 0.0 -0.53296 0.755562 -0.380893 0.408386 0.078837 0.492537 0.866713 0.0 0.0 0.0 0.0 1.0
LeftToeBase 0.974679 0.139577 0.174695 0.0 -0.013211 0.81584 -0.578127 0.212811 -0.223216 0.561181 0.797026 0.0 0.0 0.0 0.0 1.0
RightUpLeg -0.99856 0.048413 -0.023121 -0.075562 -0.052577 -0.968824 0.242108 -0.050384 -0.010679 0.242975 0.969974 0.020546 0.0 0.0 0.0 1.0
RightLeg 0.996963 0.075155 0.020418 -0.0 -0.052027 0.447631 0.892704 0.453812 0.057952 -0.891055 0.450182 0.0 0.0 0.0 0.0 1.0
RightFoot 0.989719 -0.105069 0.097039 0.0 0.127379 0.338978 -0.932131 0.407804 0.065044 0.934909 0.348877 0.0 0.0 0.0 0.0 1.0
RightToeBase 0.958771 -0.151389 -0.2405 0.0 -0.089727 0.641734 -0.76166 0.209222 0.269644 0.751837 0.601692 -0.0 0.0 0.0 0.0 1.0
Time 0.2
Hips 0.823484 0.138446 -0.550188 0.161928 -0.00849 0.972667 0.232048 0.960591 0.567276 -0.186417 0.802151 -0.086322 0.0 0.0 0.0 1.0
Spine 0.987732 -0.12697 0.090909 0.0 0.15611 0.81758 -0.554249 0.090819 -0.003952 0.561641 0.827371 0.001036 0.0 0.0 0.0 1.0
Spine1 0.999741 -5.51E-4 0.022767 0.0 0.003043 0.993976 -0.109553 0.105963 -0.02257 0.109594 0.99372 0.0 0.0 0.0 0.0 1.0
Spine2 0.999668 0.002133 0.025693 -0.0 6.99E-4 0.993963 -0.109713 0.1211 -0.025772 0.109695 0.993631 0.0 0.0 0.0 0.0 1.0
Neck 0.999657 0.019972 0.016963 0.0 -0.020547 0.999195 0.03445 0.136238 -0.016261 -0.034787 0.999262 -0.0 0.0 0.0 0.0 1.0
Head 0.953151 0.073195 0.293507 0.0 -0.197552 0.885412 0.420737 0.048508 -0.229078 -0.459008 0.858391 0.01342 0.0 0.0 0.0 1.0
LeftShoulder 0.296961 0.903598 -0.308747 0.074603 0.071206 -0.343387 -0.936491 0.120279 -0.952231 0.256116 -0.166314 2.36E-4 0.0 0.0 0.0 1.0
LeftArm 0.973495 0.104223 -0.20358 0.0 -0.223762 0.618144 -0.753544 0.157184 0.047305 0.779125 0.625081 -0.0 0.0 0.0 0.0 1.0
LeftForeArm 0.736276 -0.676664 -0.004888 0.0 0.67668 0.73624 0.007366 0.243319 -0.001385 -0.008731 0.999961 0.0 0.0 0.0 0.0 1.0
LeftHand 0.953251 -0.089504 -0.288621 0.0 0.049911 0.988645 -0.141741 0.221022 0.29803 0.120709 0.946894 -0.0 0.0 0.0 0.0 1.0
LeftHandThumb1 0.805732 -0.486644 0.337599 -0.026336 0.582106 0.755849 -0.299742 0.025057 -0.109306 0.43803 0.89229 0.022961 0.0 0.0 0.0 1.0
LeftHandThumb2 0.934618 0.354511 -0.028489 0.00104 -0.355545 0.933312 -0.050169 0.034381 0.008804 0.057018 0.998334 0.0 0.0 0.0 0.0 1.0
LeftHandThumb3 0.992535 0.121932 0.002494 -5.62E-4 -0.118665 0.960823 0.250475 0.044143 0.028145 -0.248901 0.96812 -0.0 0.0 0.0 0.0 1.0
LeftHandIndex1 0.992531 0.113524 -0.044661 0.0 -0.120121 0.845561 -0.520189 0.121989 -0.02129 0.521669 0.852882 6.0E-6 0.0 0.0 0.0 1.0
LeftHandIndex2 0.996079 0.081515 -0.034369 0.001042 -0.088077 0.877527 -0.471369 0.032932 -0.008264 0.472548 0.881266 0.0 0.0 0.0 0.0 1.0
LeftHandIndex3 0.975482 0.215788 -0.043258 0.001095 -0.210176 0.855101 -0.47395 0.03356 -0.065282 0.471422 0.879488 0.0 0.0 0.0 0.0 1.0
RightShoulder 0.508495 -0.84839 0.147196 -0.074603 0.099744 -0.11176 -0.988717 0.120277 0.855268 0.517439 0.027792 1.28E-4 0.0 0.0 0.0 1.0
RightArm 0.867629 0.296833 -0.398886 0.0 -0.497211 0.519107 -0.695204 0.157184 7.05E-4 0.80151 0.597981 0.0 0.0 0.0 0.0 1.0
RightForeArm -0.019152 0.99973 0.013186 -0.0 -0.999759 -0.01929 0.010442 0.243323 0.010694 -0.012983 0.999859 -0.0 0.0 0.0 0.0 1.0
RightHand 0.930036 0.367361 -0.008907 0.0 -0.348342 0.889088 0.296953 0.22105 0.117008 -0.273074 0.954851 -0.0 0.0 0.0 0.0 1.0
RightHandThumb1 0.772708 0.519307 -0.365024 0.024462 -0.626025 0.718541 -0.30297 0.024251 0.104951 0.462622 0.880322 0.019483 0.0 0.0 0.0 1.0
RightHandThumb2 0.872048 -0.4695 0.138209 -0.002391 0.484803 0.867361 -0.112475 0.031569 -0.06707 0.165088 0.983996 0.0 0.0 0.0 0.0 1.0
RightHandThumb3 0.943273 -0.332019 2.07E-4 0.00241 0.324813 0.92293 0.206629 0.045062 -0.068796 -0.19484 0.978419 0.0 0.0 0.0 0.0 1.0
RightHandIndex1 0.996726 -0.069537 0.041246 0.0 0.080749 0.830665 -0.550885 0.123753 0.004045 0.552412 0.833561 1.2E-5 0.0 0.0 0.0 1.0
RightHandIndex2 0.997324 -0.062371 0.038146 -0.001174 0.073111 0.852755 -0.51717 0.035274 -2.72E-4 0.518574 0.855032 0.0 0.0 0.0 0.0 1.0
RightHandIndex3 0.976463 -0.2108 0.04564 -9.54E-4 0.203713 0.831867 -0.516235 0.031699 0.070856 0.513382 0.85523 0.0 0.0 0.0 0.0 1.0
LeftUpLeg -0.988987 -0.130709 0.069425 0.075562 0.146143 -0.936576 0.31854 -0.050384 0.023386 0.325178 0.945363 0.016543 0.0 0.0 0.0 1.0
LeftLeg 0.989199 0.082271 0.12131 -0.0 -0.097076 0.987812 0.121671 0.453272 -0.109822 -0.132134 0.985129 -0.0 0.0 0.0 0.0 1.0
LeftFoot 0.848631 0.425144 -0.314768 0.0 -0.523415 0.760988 -0.383319 0.408386 0.076569 0.490051 0.868325 0.0 0.0 0.0 0.0 1.0
LeftToeBase 0.974396 0.139972 0.175957 0.0 -0.005797 0.797969 -0.602671 0.212811 -0.224766 0.58622 0.778349 0.0 0.0 0.0 0.0 1.0
RightUpLeg -0.998976 0.021933 0.039562 -0.075562 -0.012513 -0.974452 0.224249 -0.050384 0.04347 0.223524 0.973729 0.020546 0.0 0.0 0.0 1.0
RightLeg 0.989354 0.142131 -0.031273 0.0 -0.047181 0.51654 0.854962 0.453812 0.13767 -0.844385 0.517747 -0.0 0.0 0.0 0.0 1.0
RightFoot 0.990963 -0.100026 0.089367 -0.0 0.117959 0.332697 -0.935627 0.407804 0.063855 0.937714 0.341489 -0.0 0.0 0.0 0.0 1.0
RightToeBase 0.972787 -0.144181 -0.181377 -0.0 -0.052318 0.625901 -0.778145 0.209222 0.225717 0.766459 0.601325 0.0 0.0 0.0 0.0 1.0
Time 0.233333
Hips 0.875106 0.102754 -0.472897 0.18317 0.006066 0.974792 0.223033 0.95181 0.483894 -0.198046 0.852423 -0.107108 0.0 0.0 0.0 1.0
Spine 0.989446 -0.133847 0.055519 0.0 0.141346 0.807097 -0.57325 0.090819 0.031918 0.575048 0.817497 0.001036 0.0 0.0 0.0 1.0
Spine1 0.999923 -0.00422 0.011686 0.0 0.005522 0.9935 -0.1137 0.105963 -0.011131 0.113756 0.993446 -0.0 0.0 0.0 0.0 1.0
Spine2 0.999892 -0.002444 0.014509 -0.0 0.00408 0.993492 -0.113825 0.1211 -0.014137 0.113872 0.993395 0.0 0.0 0.0 0.0 1.0
Neck 0.999663 0.019781 0.016827 0.0 -0.020481 0.998887 0.0425 0.136238 -0.015967 -0.04283 0.998955 -0.0 0.0 0.0 0.0 1.0
Head 0.959813 0.075847 0.270198 0.0 -0.19621 0.869729 0.45285 0.048508 -0.200652 -0.487667 0.849659 0.01342 0.0 0.0 0.0 1.0
LeftShoulder 0.394444 0.863401 -0.314568 0.074603 0.07517 -0.371493 -0.925388 0.120279 -0.91584 0.341368 -0.211435 2.36E-4 0.0 0.0 0.0 1.0
LeftArm 0.979506 0.02712 -0.199583 0.0 -0.16484 0.677351 -0.716954 0.157184 0.115744 0.73516 0.66794 -0.0 0.0 0.0 0.0 1.0
LeftForeArm 0.705143 -0.709046 -0.00521 0.0 0.709063 0.705101 0.00789 0.243319 -0.001921 -0.009258 0.999955 0.0 0.0 0.0 0.0 1.0
LeftHand 0.958733 -0.055106 -0.278915 -0.0 0.014471 0.989223 -0.1457 0.221022 0.283938 0.135651 0.949199 0.0 0.0 0.0 0.0 1.0
LeftHandThumb1 0.810725 -0.482108 0.332109 -0.026336 0.576824 0.754727 -0.312507 0.025057 -0.09999 0.444926 0.889968 0.022961 0.0 0.0 0.0 1.0
LeftHandThumb2 0.929751 0.366778 -0.032203 0.00104 -0.368007 0.928478 -0.049988 0.034381 0.011565 0.058327 0.998231 0.0 0.0 0.0 0.0 1.0
LeftHandThumb3 0.990778 0.135477 0.002368 -5.62E-4 -0.131784 0.959412 0.249321 0.044143 0.031505 -0.247333 0.968418 -0.0 0.0 0.0 0.0 1.0
LeftHandIndex1 0.989866 0.130152 -0.056801 0.0 -0.138462 0.795769 -0.589559 0.121989 -0.031532 0.591449 0.805725 6.0E-6 0.0 0.0 0.0 1.0
LeftHandIndex2 0.994664 0.093433 -0.043741 0.001042 -0.10219 0.834165 -0.541965 0.032932 -0.01415 0.543543 0.839262 0.0 0.0 0.0 0.0 1.0
LeftHandIndex3 0.972504 0.226813 -0.052841 0.001095 -0.218418 0.809566 -0.544883 0.03356 -0.080808 0.541442 0.836846 -0.0 0.0 0.0 0.0 1.0
RightShoulder 0.485475 -0.858419 0.165625 -0.074603 0.097757 -0.134958 -0.986017 0.120277 0.868768 0.494878 0.018398 1.28E-4 0.0 0.0 0.0 1.0
RightArm 0.887444 0.33229 -0.319417 0.0 -0.453767 0.508281 -0.731947 0.157184 -0.080865 0.794502 0.601853 0.0 0.0 0.0 0.0 1.0
RightForeArm 0.009475 0.999872 0.012885 -0.0 -0.999901 0.00934 0.010491 0.243323 0.01037 -0.012983 0.999862 -0.0 0.0 0.0 0.0 1.0
RightHand 0.951049 0.309024 -0.003082 0.0 -0.300067 0.925776 0.229995 0.22105 0.073928 -0.217812 0.973187 -0.0 0.0 0.0 0.0 1.0
RightHandThumb1 0.776666 0.510226 -0.369403 0.024462 -0.620858 0.719125 -0.31208 0.024251 0.106415 0.471729 0.875298 0.019483 0.0 0.0 0.0 1.0
RightHandThumb2 0.86842 -0.473615 0.146752 -0.002391 0.490561 0.86373 -0.115413 0.031569 -0.072093 0.172218 0.982417 0.0 0.0 0.0 0.0 1.0
RightHandThumb3 0.938267 -0.34591 0.001099 0.00241 0.338368 0.91846 0.20479 0.045062 -0.071849 -0.191776 0.978805 -0.0 0.0 0.0 0.0 1.0
RightHandIndex1 0.996313 -0.072806 0.045378 0.0 0.085591 0.807587 -0.583505 0.123753 0.005836 0.585238 0.810841 1.2E-5 0.0 0.0 0.0 1.0
RightHandIndex2 0.996948 -0.06587 0.041898 -0.001174 0.078053 0.83104 -0.550708 0.035274 0.001456 0.552298 0.833646 0.0 0.0 0.0 0.0 1.0
RightHandIndex3 0.97553 -0.214257 0.049354 -9.54E-4 0.205633 0.80963 -0.54974 0.031699 0.077827 0.546436 0.833877 0.0 0.0 0.0 0.0 1.0
LeftUpLeg -0.993437 -0.08427 0.077339 0.075562 0.106756 -0.925864 0.362463 -0.050384 0.04106 0.368341 0.928784 0.016543 0.0 0.0 0.0 1.0
LeftLeg 0.994679 0.065463 0.079554 0.0 -0.075124 0.989279 0.125231 0.453272 -0.070503 -0.130541 0.988933 -0.0 0.0 0.0 0.0 1.0
LeftFoot 0.877742 0.37721 -0.295435 0.0 -0.477314 0.742089 -0.470611 0.408386 0.04172 0.55409 0.831411 0.0 0.0 0.0 0.0 1.0
LeftToeBase 0.974404 0.139913 0.17596 0.0 -0.005241 0.796645 -0.604425 0.212811 -0.224745 0.588031 0.776987 0.0 0.0 0.0 0.0 1.0
RightUpLeg -0.998588 -0.010909 0.051989 -0.075562 0.022429 -0.97376 0.22647 -0.050384 0.048155 0.227317 0.97263 0.020546 0.0 0.0 0.0 1.0
RightLeg 0.983587 0.167719 -0.066537 0.0 -0.030075 0.515989 0.856067 0.453812 0.177911 -0.840016 0.512564 0.0 0.0 0.0 0.0 1.0
RightFoot 0.991071 -0.09584 0.092699 -0.0 0.115108 0.264092 -0.957604 0.407804 0.067296 0.959724 0.272766 0.0 0.0 0.0 0.0 1.0
RightToeBase 0.974913 -0.141012 -0.172219 0.0 -0.033365 0.672401 -0.739434 0.209222 0.220069 0.726631 0.650828 0.0 0.0 0.0 0.0 1.0
Time 0.266667
Hips 0.909357 0.079205 -0.408406 0.202243 0.013082 0.975779 0.218369 0.936339 0.41581 -0.203918 0.886295 -0.126762 0.0 0.0 0.0 1.0
Spine 0.989859 -0.14021 0.022823 0.0 0.126237 0.794528 -0.593961 0.090819 0.065146 0.590818 0.80417 0.001036 0.0 0.0 0.0 1.0
Spine1 0.999977 -0.006671 0.001324 0.0 0.00678 0.993057 -0.117438 0.105963 -5.31E-4 0.117445 0.993079 -0.0 0.0 0.0 0.0 1.0
Spine2 0.999975 -0.005751 0.00411 -0.0 0.006194 0.993051 -0.117518 0.1211 -0.003405 0.11754 0.993062 0.0 0.0 0.0 0.0 1.0
Neck 0.999532 0.023996 0.018958 -0.0 -0.024956 0.998326 0.052181 0.136238 -0.017674 -0.05263 0.998458 -0.0 0.0 0.0 0.0 1.0
Head 0.963309 0.06307 0.260879 0.0 -0.189597 0.84789 0.495112 0.048508 -0.18997 -0.526408 0.828738 0.01342 0.0 0.0 0.0 1.0
LeftShoulder 0.471731 0.834823 -0.283798 0.074603 0.083424 -0.362673 -0.928175 0.120279 -0.877787 0.414173 -0.240728 2.36E-4 0.0 0.0 0.0 1.0
LeftArm 0.979154 -0.078478 -0.187346 0.0 -0.06926 0.738071 -0.671159 0.157184 0.190946 0.670144 0.71725 -0.0 0.0 0.0 0.0 1.0
LeftForeArm 0.670466 -0.741919 -0.005583 0.0 0.741936 0.670418 0.008393 0.243319 -0.002483 -0.009769 0.999949 0.0 0.0 0.0 0.0 1.0
LeftHand 0.964888 -0.022271 -0.261715 -0.0 -0.016894 0.989073 -0.146454 0.221022 0.262117 0.145733 0.953969 0.0 0.0 0.0 0.0 1.0
LeftHandThumb1 0.815659 -0.476907 0.327506 -0.026336 0.571178 0.753808 -0.324851 0.025057 -0.091953 0.452032 0.88725 0.022961 0.0 0.0 0.0 1.0
LeftHandThumb2 0.924775 0.378821 -0.035867 0.00104 -0.380247 0.923546 -0.049753 0.034381 0.014277 0.059649 0.998117 0.0 0.0 0.0 0.0 1.0
LeftHandThumb3 0.988861 0.148825 0.002226 -5.62E-4 -0.144716 0.957842 0.248185 0.044143 0.034804 -0.245742 0.96871 0.0 0.0 0.0 0.0 1.0
LeftHandIndex1 0.987189 0.143652 -0.069433 0.0 -0.154004 0.744133 -0.650038 0.121989 -0.041712 0.652404 0.756723 6.0E-6 0.0 0.0 0.0 1.0
LeftHandIndex2 0.993162 0.10381 -0.053418 0.001042 -0.11491 0.788342 -0.604411 0.032932 -0.020633 0.606416 0.79488 0.0 0.0 0.0 0.0 1.0
LeftHandIndex3 0.969648 0.236346 -0.062644 0.001095 -0.224941 0.761856 -0.607435 0.03356 -0.095839 0.603089 0.791895 0.0 0.0 0.0 0.0 1.0
RightShoulder 0.460887 -0.862245 0.210038 -0.074603 0.102301 -0.183477 -0.977686 0.120277 0.881543 0.47209 0.003646 1.28E-4 0.0 0.0 0.0 1.0
RightArm 0.913653 0.340526 -0.22199 0.0 -0.387463 0.564403 -0.728919 0.157184 -0.122924 0.751992 0.647609 -0.0 0.0 0.0 0.0 1.0
RightForeArm 0.034315 0.999331 0.012623 0.0 -0.99936 0.034183 0.010512 0.243323 0.010074 -0.012976 0.999865 -0.0 0.0 0.0 0.0 1.0
RightHand 0.96989 0.243303 -0.010794 -0.0 -0.240966 0.965116 0.102409 0.22105 0.035333 -0.096725 0.994684 -0.0 0.0 0.0 0.0 1.0
RightHandThumb1 0.779662 0.502886 -0.373138 0.024462 -0.616917 0.719068 -0.31993 0.024251 0.107424 0.479632 0.870869 0.019483 0.0 0.0 0.0 1.0
RightHandThumb2 0.865614 -0.47668 0.153261 -0.002391 0.494926 0.860945 -0.117571 0.031569 -0.075906 0.177623 0.981167 0.0 0.0 0.0 0.0 1.0
RightHandThumb3 0.934331 -0.356403 0.001794 0.00241 0.348612 0.91493 0.203403 0.045062 -0.074135 -0.18942 0.979094 0.0 0.0 0.0 0.0 1.0
RightHandIndex1 0.995962 -0.075338 0.048829 -0.0 0.08947 0.78787 -0.609308 0.123753 0.007434 0.611216 0.791429 1.2E-5 0.0 0.0 0.0 1.0
RightHandIndex2 0.996627 -0.0686 0.045046 -0.001174 0.082013 0.812405 -0.577298 0.035274 0.003007 0.579045 0.81529 -0.0 0.0 0.0 0.0 1.0
RightHandIndex3 0.974771 -0.216952 0.052471 -9.54E-4 0.206981 0.790591 -0.576302 0.031699 0.083547 0.572623 0.81555 0.0 0.0 0.0 0.0 1.0
LeftUpLeg -0.99478 0.00485 0.101928 0.075562 0.039917 -0.900781 0.432434 -0.050384 0.093912 0.434246 0.895886 0.016543 0.0 0.0 0.0 1.0
LeftLeg 0.995543 0.058285 0.07414 0.0 -0.071354 0.979563 0.188056 0.453272 -0.061664 -0.192508 0.979356 0.0 0.0 0.0 0.0 1.0
LeftFoot 0.899249 0.340338 -0.274812 0.0 -0.437427 0.704035 -0.559457 0.408386 0.003073 0.623301 0.781976 0.0 0.0 0.0 0.0 1.0
LeftToeBase 0.974143 0.140261 0.17712 0.0 0.002179 0.778089 -0.628151 0.212811 -0.22592 0.612295 0.757664 0.0 0.0 0.0 0.0 1.0
