Root_Bone_Name Hips
Num_Keyframes 31
Num_Bones 34
Time_Wrapping_Mode LOOP
Time 0.0
Hips 0.994511 -0.049508 0.092179 -0.007941 -0.104473 -0.4212 0.900931 0.258317 -0.005778 -0.905616 -0.42406 -0.036473 0.0 0.0 0.0 1.0
Spine 0.990653 0.025668 -0.133967 0.0 -0.124031 0.578219 -0.806399 0.090819 0.056764 0.815478 0.575998 0.001036 0.0 0.0 0.0 1.0
Spine1 0.997733 -0.051132 -0.043744 -0.0 0.038659 0.967646 -0.249332 0.105963 0.055078 0.247075 0.96743 -0.0 0.0 0.0 0.0 1.0
Spine2 0.998271 -0.052644 -0.026149 0.0 0.044438 0.967092 -0.250516 0.1211 0.038477 0.248921 0.967759 0.0 0.0 0.0 0.0 1.0
Neck 0.999713 -0.023817 0.002747 0.0 0.023972 0.991317 -0.129292 0.136238 3.56E-4 0.129321 0.991603 -0.0 0.0 0.0 0.0 1.0
Head 0.992245 -0.111747 0.054436 -0.0 0.124199 0.873599 -0.470531 0.048508 0.005025 0.473643 0.880703 0.01342 0.0 0.0 0.0 1.0
LeftShoulder 0.05263 0.968748 -0.242398 0.074603 0.101028 -0.246654 -0.963823 0.120279 -0.993491 0.026237 -0.110852 2.36E-4 0.0 0.0 0.0 1.0
LeftArm 0.811727 0.532224 -0.240492 -0.0 -0.237631 -0.075177 -0.968442 0.157184 -0.533508 0.843259 0.065449 -0.0 0.0 0.0 0.0 1.0
LeftForeArm 0.824809 -0.565399 -0.003924 0.0 0.565412 0.824786 0.006154 0.243319 -2.43E-4 -0.007295 0.999973 0.0 0.0 0.0 0.0 1.0
LeftHand 0.907888 -0.32379 0.26627 0.0 -0.288986 -0.023267 0.95705 0.221022 -0.303688 -0.945843 -0.114695 0.0 0.0 0.0 0.0 1.0
LeftHandThumb1 0.760003 -0.625902 0.17505 -0.026336 0.626926 0.777032 0.056443 0.025057 -0.171347 0.066846 0.98294 0.022961 0.0 0.0 0.0 1.0
LeftHandThumb2 0.960049 0.279767 -0.006045 0.00104 -0.279708 0.958753 -0.050565 0.034381 -0.008351 0.050236 0.998702 0.0 0.0 0.0 0.0 1.0
LeftHandThumb3 0.999179 0.040398 0.002961 -5.62E-4 -0.039799 0.965505 0.257325 0.044143 0.007537 -0.257232 0.96632 0.0 0.0 0.0 0.0 1.0
LeftHandIndex1 0.999334 0.031961 -0.017594 0.0 -0.034121 0.989479 -0.140595 0.121989 0.012916 0.141102 0.989911 6.0E-6 0.0 0.0 0.0 1.0
LeftHandIndex2 0.999996 -0.002194 0.00194 0.001042 0.002196 0.999997 -8.5E-4 0.032932 -0.001939 8.55E-4 0.999998 0.0 0.0 0.0 0.0 1.0
LeftHandIndex3 0.990989 0.133823 -0.005629 0.001095 -0.133822 0.991005 6.73E-4 0.03356 0.005668 8.6E-5 0.999984 0.0 0.0 0.0 0.0 1.0
RightShoulder 0.001311 -0.978682 0.205378 -0.074603 -0.00975 -0.205381 -0.978634 0.120277 0.999952 -7.19E-4 -0.009812 1.28E-4 0.0 0.0 0.0 1.0
RightArm 0.859586 -0.483493 0.165365 -0.0 0.258761 0.132806 -0.956768 0.157184 0.440629 0.865215 0.239268 0.0 0.0 0.0 0.0 1.0
RightForeArm 0.747761 0.663947 0.005176 -0.0 -0.663967 0.74773 0.006935 0.243323 7.34E-4 -0.008622 0.999963 -0.0 0.0 0.0 0.0 1.0
RightHand 0.648899 0.509486 -0.565113 0.0 0.544488 0.207851 0.812607 0.22105 0.531472 -0.834998 -0.142535 -0.0 0.0 0.0 0.0 1.0
RightHandThumb1 0.705558 0.686309 -0.176544 0.024462 -0.683297 0.724908 0.08726 0.024251 0.187865 0.059064 0.980417 0.019483 0.0 0.0 0.0 1.0
RightHandThumb2 0.919631 -0.392702 0.007978 -0.002391 0.392571 0.91828 -0.051486 0.031569 0.012892 0.05048 0.998642 0.0 0.0 0.0 0.0 1.0
RightHandThumb3 0.994682 -0.102479 -0.010272 0.00241 0.101984 0.966095 0.237192 0.045062 -0.014383 -0.236979 0.971408 0.0 0.0 0.0 0.0 1.0
RightHandIndex1 0.99977 -0.021109 0.003783 0.0 0.021412 0.99244 -0.120845 0.123753 -0.001204 0.120898 0.992664 1.2E-5 0.0 0.0 0.0 1.0
RightHandIndex2 0.999994 -0.002446 0.002414 -0.001174 0.002446 0.999997 8.2E-5 0.035274 -0.002414 -7.6E-5 0.999997 0.0 0.0 0.0 0.0 1.0
RightHandIndex3 0.988568 -0.150385 0.010874 -9.54E-4 0.15039 0.988627 3.42E-4 0.031699 -0.010802 0.001297 0.999941 0.0 0.0 0.0 0.0 1.0
LeftUpLeg -0.588572 0.807103 0.04656 0.075562 -0.331493 -0.293465 0.896655 -0.050384 0.737357 0.512312 0.440274 0.016543 0.0 0.0 0.0 1.0
LeftLeg 0.997687 -0.061916 0.02807 0.0 0.041333 0.88029 0.472632 0.453272 -0.053973 -0.470379 0.880813 -0.0 0.0 0.0 0.0 1.0
LeftFoot 0.999214 0.006832 0.039058 0.0 0.011332 0.894751 -0.446421 0.408386 -0.037997 0.446512 0.89397 0.0 0.0 0.0 0.0 1.0
LeftToeBase 0.974195 0.140271 0.176829 0.0 -6.05E-4 0.785058 -0.619422 0.212811 -0.225708 0.603331 0.764884 -0.0 0.0 0.0 0.0 1.0
RightUpLeg -0.702959 -0.710199 -0.038298 -0.075562 0.437469 -0.474211 0.764032 -0.050384 -0.560776 0.520328 0.644041 0.020546 0.0 0.0 0.0 1.0
RightLeg 0.980752 0.072641 0.181241 -0.0 -0.127922 0.940314 0.315351 0.453812 -0.147516 -0.332466 0.931507 0.0 0.0 0.0 0.0 1.0
RightFoot 0.947486 0.106726 0.301464 0.0 0.247501 0.352251 -0.902587 0.407804 -0.20252 0.9298 0.307338 0.0 0.0 0.0 0.0 1.0
RightToeBase 0.975658 -0.139438 -0.169257 0.0 0.015871 0.814691 -0.579678 0.209222 0.218721 0.562882 0.797073 0.0 0.0 0.0 0.0 1.0
Time 0.033333
Hips 0.988442 -0.093941 -0.118985 0.03553 0.064356 -0.450617 0.890395 0.26019 -0.137261 -0.887761 -0.439363 -0.0576 0.0 0.0 0.0 1.0
Spine 0.987564 0.115676 -0.106477 0.0 -0.151466 0.518475 -0.841571 0.090819 -0.042144 0.847233 0.529548 0.001036 0.0 0.0 0.0 1.0
Spine1 0.999003 -0.040985 -0.01772 0.0 0.035501 0.969754 -0.241491 0.105963 0.027082 0.240621 0.970241 0.0 0.0 0.0 0.0 1.0
Spine2 0.999218 -0.039542 2.15E-4 -0.0 0.038423 0.969651 -0.241457 0.1211 0.009339 0.241276 0.970412 0.0 0.0 0.0 0.0 1.0
Neck 0.998957 -0.04483 -0.008624 -0.0 0.043446 0.991583 -0.121964 0.136238 0.014019 0.121462 0.992497 -0.0 0.0 0.0 0.0 1.0
Head 0.96996 -0.238651 -0.047146 0.0 0.196648 0.883311 -0.425547 0.048508 0.143202 0.403493 0.903707 0.01342 0.0 0.0 0.0 1.0
LeftShoulder 0.145354 0.953064 -0.265597 0.074603 0.096045 -0.280772 -0.954957 0.120279 -0.984707 0.113297 -0.132348 2.36E-4 0.0 0.0 0.0 1.0
LeftArm 0.716419 0.541249 -0.44022 0.0 -0.418268 -0.171804 -0.891928 0.157184 -0.558386 0.823124 0.103304 -0.0 0.0 0.0 0.0 1.0
LeftForeArm 0.753277 -0.657686 -0.004703 0.0 0.657702 0.753244 0.007159 0.243319 -0.001166 -0.008486 0.999963 0.0 0.0 0.0 0.0 1.0
LeftHand 0.747194 -0.554316 0.366654 0.0 -0.28209 0.235012 0.930159 0.221022 -0.60177 -0.798438 0.019232 0.0 0.0 0.0 0.0 1.0
LeftHandThumb1 0.72553 -0.671642 -0.150008 -0.026336 0.641173 0.738894 -0.207202 0.025057 0.250005 0.05415 0.966729 0.022961 0.0 0.0 0.0 1.0
LeftHandThumb2 0.943953 0.329299 -0.022697 0.00104 -0.330053 0.94252 -0.052163 0.034381 0.004215 0.05673 0.998381 0.0 0.0 0.0 0.0 1.0
LeftHandThumb3 0.997846 -0.062689 0.01934 -5.62E-4 0.054726 0.957967 0.28161 0.044143 -0.036181 -0.279945 0.959334 0.0 0.0 0.0 0.0 1.0
LeftHandIndex1 0.999583 0.021164 -0.019639 0.0 -0.023723 0.989748 -0.140844 0.121989 0.016457 0.141251 0.989837 6.0E-6 0.0 0.0 0.0 1.0
LeftHandIndex2 0.999989 0.004668 6.78E-4 0.001042 -0.004639 0.999267 -0.038002 0.032932 -8.55E-4 0.037999 0.999277 0.0 0.0 0.0 0.0 1.0
LeftHandIndex3 0.990835 0.134951 -0.005835 0.001095 -0.134983 0.990833 -0.005529 0.03356 0.005035 0.006266 0.999968 0.0 0.0 0.0 0.0 1.0
RightShoulder -0.020419 -0.97417 0.224891 -0.074603 -0.058938 -0.223374 -0.972949 0.120277 0.998053 -0.033122 -0.052854 1.28E-4 0.0 0.0 0.0 1.0
RightArm 0.869627 -0.420347 0.258955 0.0 0.353964 0.165183 -0.920556 0.157184 0.344178 0.892201 0.292435 0.0 0.0 0.0 0.0 1.0
RightForeArm 0.725617 0.688077 0.005407 0.0 -0.688098 0.725583 0.007187 0.243323 0.001022 -0.008936 0.99996 -0.0 0.0 0.0 0.0 1.0
RightHand 0.616698 0.558727 -0.554534 -0.0 0.545399 0.204708 0.812795 0.22105 0.567648 -0.803691 -0.178486 -0.0 0.0 0.0 0.0 1.0
RightHandThumb1 0.704602 0.687236 -0.176757 0.024462 -0.684206 0.724014 0.087554 0.024251 0.188145 0.059248 0.980353 0.019483 0.0 0.0 0.0 1.0
RightHandThumb2 0.91763 -0.397335 0.008927 -0.002391 0.397242 0.916252 -0.051774 0.031569 0.012393 0.051055 0.998619 0.0 0.0 0.0 0.0 1.0
RightHandThumb3 0.995471 -0.094758 -0.007671 0.00241 0.093852 0.966677 0.238175 0.045062 -0.015154 -0.237816 0.971192 0.0 0.0 0.0 0.0 1.0
RightHandIndex1 0.999789 -0.020271 0.003381 0.0 0.020524 0.993321 -0.113546 0.123753 -0.001056 0.113592 0.993527 1.2E-5 0.0 0.0 0.0 1.0
RightHandIndex2 0.999983 -0.004872 0.003098 -0.001174 0.004931 0.999801 -0.019336 0.035274 -0.003003 0.019351 0.999808 0.0 0.0 0.0 0.0 1.0
RightHandIndex3 0.988811 -0.148803 0.01049 -9.54E-4 0.148666 0.988804 0.01284 0.031699 -0.012283 -0.011137 0.999863 -0.0 0.0 0.0 0.0 1.0
LeftUpLeg -0.697045 0.716231 -0.033797 0.075562 -0.278404 -0.226907 0.933276 -0.050384 0.660772 0.659945 0.357566 0.016543 0.0 0.0 0.0 1.0
LeftLeg 0.999639 -0.00887 0.025378 -0.0 -0.010714 0.734355 0.678682 0.453272 -0.024656 -0.678708 0.733994 0.0 0.0 0.0 0.0 1.0
LeftFoot 0.997747 0.06345 0.021799 0.0 -0.037418 0.79597 -0.604178 0.408386 -0.055686 0.602001 0.796551 0.0 0.0 0.0 0.0 1.0
LeftToeBase 0.974058 0.140483 0.177413 0.0 0.002912 0.776134 -0.630561 0.212811 -0.22628 0.61472 0.75559 -0.0 0.0 0.0 0.0 1.0
RightUpLeg -0.735445 -0.652688 -0.181987 -0.075562 0.390944 -0.628105 0.672791 -0.050384 -0.553429 0.423654 0.717101 0.020546 0.0 0.0 0.0 1.0
RightLeg 0.970972 0.145207 0.190074 -0.0 -0.205577 0.912831 0.352813 0.453812 -0.122275 -0.381647 0.916185 -0.0 0.0 0.0 0.0 1.0
RightFoot 0.963414 0.026302 0.266724 0.0 0.228653 0.438522 -0.869147 0.407804 -0.139825 0.898335 0.416464 -0.0 0.0 0.0 0.0 1.0
RightToeBase 0.974163 -0.141683 -0.175875 0.0 -0.022149 0.715052 -0.698721 0.209222 0.224756 0.684564 0.693439 0.0 0.0 0.0 0.0 1.0
Time 0.066667
Hips 0.938523 -0.127213 -0.320924 0.077827 0.238013 -0.434907 0.86845 0.2678 -0.250051 -0.891444 -0.377892 -0.093523 0.0 0.0 0.0 1.0
Spine 0.983141 0.165844 -0.076998 -0.0 -0.14823 0.476342 -0.866675 0.090819 -0.107056 0.863478 0.492895 0.001036 0.0 0.0 0.0 1.0
Spine1 0.999518 -0.030273 0.006834 -0.0 0.031034 0.973622 -0.226048 0.105963 1.9E-4 0.226152 0.974092 0.0 0.0 0.0 0.0 1.0
Spine2 0.999375 -0.025895 0.02407 0.0 0.030659 0.973804 -0.225312 0.1211 -0.017605 0.22591 0.973989 -0.0 0.0 0.0 0.0 1.0
Neck 0.998367 -0.053911 -0.018868 -0.0 0.051289 0.991541 -0.119232 0.136238 0.025136 0.118069 0.992687 -0.0 0.0 0.0 0.0 1.0
Head 0.945057 -0.297188 -0.136187 0.0 0.219148 0.885068 -0.410644 0.048508 0.242573 0.358237 0.901568 0.01342 0.0 0.0 0.0 1.0
LeftShoulder 0.275871 0.91842 -0.283549 0.074603 0.074132 -0.314448 -0.946376 0.120279 -0.958332 0.240058 -0.154831 2.36E-4 0.0 0.0 0.0 1.0
LeftArm 0.703905 0.538835 -0.46279 0.0 -0.43003 -0.195278 -0.881442 0.157184 -0.565325 0.819465 0.094258 -0.0 0.0 0.0 0.0 1.0
LeftForeArm 0.696909 -0.71714 -0.005316 -0.0 0.717157 0.696868 0.007806 0.243319 -0.001894 -0.009253 0.999955 0.0 0.0 0.0 0.0 1.0
LeftHand 0.770858 -0.40106 0.494903 -0.0 -0.240319 0.536412 0.809017 0.221022 -0.589937 -0.742572 0.317115 -0.0 0.0 0.0 0.0 1.0
LeftHandThumb1 0.736356 -0.673344 -0.066244 -0.026336 0.653536 0.733186 -0.187959 0.025057 0.17513 0.095112 0.97994 0.022961 0.0 0.0 0.0 1.0
LeftHandThumb2 0.927327 0.372728 -0.033744 0.00104 -0.374086 0.925825 -0.053925 0.034381 0.011142 0.062629 0.997975 0.0 0.0 0.0 0.0 1.0
LeftHandThumb3 0.999664 -0.004454 0.025526 -5.62E-4 -0.002911 0.959579 0.281426 0.044143 -0.025747 -0.281406 0.959243 0.0 0.0 0.0 0.0 1.0
LeftHandIndex1 0.99989 0.004436 -0.01418 -0.0 -0.004951 0.999322 -0.036491 0.121989 0.014008 0.036557 0.999233 6.0E-6 0.0 0.0 0.0 1.0
LeftHandIndex2 0.999986 0.005243 5.6E-4 0.001042 -0.005216 0.99914 -0.041124 0.032932 -7.75E-4 0.04112 0.999154 0.0 0.0 0.0 0.0 1.0
LeftHandIndex3 0.990792 0.135267 -0.005894 0.001095 -0.135308 0.990777 -0.007268 0.03356 0.004856 0.007998 0.999956 0.0 0.0 0.0 0.0 1.0
RightShoulder -0.07116 -0.965034 0.25228 -0.074603 -0.109786 -0.243807 -0.96359 0.120277 0.991405 -0.096266 -0.088598 1.28E-4 0.0 0.0 0.0 1.0
RightArm 0.897286 -0.317185 0.307037 0.0 0.390017 0.243777 -0.887953 0.157184 0.206796 0.916497 0.342445 0.0 0.0 0.0 0.0 1.0
RightForeArm 0.734848 0.678211 0.005311 -0.0 -0.678231 0.734814 0.007084 0.243323 9.02E-4 -0.008808 0.999961 -0.0 0.0 0.0 0.0 1.0
RightHand 0.620362 0.584766 -0.522686 0.0 0.541388 0.162926 0.824836 0.22105 0.567495 -0.794672 -0.215513 -0.0 0.0 0.0 0.0 1.0
RightHandThumb1 0.704013 0.686935 -0.180239 0.024462 -0.683807 0.724197 0.089142 0.024251 0.191763 0.060491 0.979575 0.019483 0.0 0.0 0.0 1.0
RightHandThumb2 0.919119 -0.393898 0.008 -0.002391 0.393765 0.917761 -0.051607 0.031569 0.012986 0.050583 0.998635 -0.0 0.0 0.0 0.0 1.0
RightHandThumb3 0.994602 -0.103227 -0.010537 0.00241 0.102764 0.965868 0.237779 0.045062 -0.014368 -0.237579 0.971262 0.0 0.0 0.0 0.0 1.0
RightHandIndex1 0.999795 -0.019992 0.003232 0.0 0.020227 0.993634 -0.110822 0.123753 -9.96E-4 0.110865 0.993835 1.2E-5 0.0 0.0 0.0 1.0
RightHandIndex2 0.999977 -0.005885 0.003399 -0.001174 0.005976 0.999605 -0.027478 0.035274 -0.003236 0.027498 0.999617 0.0 0.0 0.0 0.0 1.0
RightHandIndex3 0.988941 -0.147953 0.010292 -9.54E-4 0.147734 0.988834 0.019541 0.031699 -0.013068 -0.017804 0.999756 0.0 0.0 0.0 0.0 1.0
LeftUpLeg -0.814157 0.577805 -0.05736 0.075562 -0.240306 -0.245369 0.939173 -0.050384 0.528585 0.778418 0.338619 0.016543 0.0 0.0 0.0 1.0
LeftLeg 0.999931 -0.007378 -0.009175 0.0 0.0117 0.709371 0.704738 0.453272 0.001309 -0.704796 0.709408 0.0 0.0 0.0 0.0 1.0
LeftFoot 0.99826 0.056331 0.017432 -0.0 -0.029085 0.727552 -0.685436 0.408386 -0.051294 0.683736 0.727924 -0.0 0.0 0.0 0.0 1.0
LeftToeBase 0.974164 0.140318 0.176961 -0.0 1.89E-4 0.783058 -0.621949 0.212811 -0.225842 0.605913 0.7628 0.0 0.0 0.0 0.0 1.0
RightUpLeg -0.748191 -0.583516 -0.315783 -0.075562 0.352831 -0.752993 0.555438 -0.050384 -0.561889 0.304156 0.769266 0.020546 0.0 0.0 0.0 1.0
RightLeg 0.980871 0.171035 0.092944 0.0 -0.194511 0.879711 0.433905 0.453812 -0.007551 -0.443684 0.896152 0.0 0.0 0.0 0.0 1.0
RightFoot 0.991247 -0.130305 0.021216 0.0 0.084995 0.506904 -0.857802 0.407804 0.101022 0.852097 0.513543 0.0 0.0 0.0 0.0 1.0
RightToeBase 0.973278 -0.143384 -0.179364 -0.0 -0.043583 0.651555 -0.757348 0.209222 0.225457 0.744928 0.627895 0.0 0.0 0.0 0.0 1.0
Time 0.1
Hips 0.853031 -0.167548 -0.494233 0.111322 0.416891 -0.350894 0.838496 0.281584 -0.313912 -0.921304 -0.229474 -0.146774 0.0 0.0 0.0 1.0
Spine 0.982631 0.176579 -0.057057 0.0 -0.134917 0.468707 -0.87299 0.090819 -0.127409 0.865525 0.484389 0.001036 0.0 0.0 0.0 1.0
Spine1 0.999363 -0.025224 0.025243 0.0 0.029898 0.978016 -0.206375 0.105963 -0.019482 0.206998 0.978147 0.0 0.0 0.0 0.0 1.0
Spine2 0.998923 -0.018284 0.042638 0.0 0.026679 0.978287 -0.205533 0.1211 -0.037954 0.206449 0.977721 -0.0 0.0 0.0 0.0 1.0
Neck 0.998413 -0.049391 -0.027045 -0.0 0.045844 0.991842 -0.118946 0.136238 0.032699 0.117518 0.992532 -0.0 0.0 0.0 0.0 1.0
Head 0.936209 -0.279289 -0.213332 0.0 0.180205 0.902631 -0.390875 0.048508 0.301727 0.327497 0.895381 0.01342 0.0 0.0 0.0 1.0
LeftShoulder 0.406011 0.850661 -0.333961 0.074603 0.02743 -0.376616 -0.925963 0.120279 -0.913456 0.366791 -0.176244 2.36E-4 0.0 0.0 0.0 1.0
LeftArm 0.583515 0.562903 -0.585363 0.0 -0.651481 -0.105879 -0.751241 0.157184 -0.484853 0.819713 0.304939 -0.0 0.0 0.0 0.0 1.0
LeftForeArm 0.336115 -0.941776 -0.009243 -0.0 0.941798 0.336022 0.010251 0.243319 -0.006548 -0.012151 0.999905 0.0 0.0 0.0 0.0 1.0
LeftHand 0.915854 0.089906 0.391317 -0.0 -0.277884 0.845412 0.456135 0.221022 -0.289815 -0.526494 0.799257 0.0 0.0 0.0 0.0 1.0
LeftHandThumb1 0.756463 -0.618209 0.2135 -0.026336 0.645996 0.757262 -0.096142 0.025057 -0.10224 0.210648 0.972201 0.022961 0.0 0.0 0.0 1.0
LeftHandThumb2 0.925225 0.378077 -0.031883 0.00104 -0.379327 0.923583 -0.055728 0.034381 0.008377 0.063655 0.997937 0.0 0.0 0.0 0.0 1.0
LeftHandThumb3 0.991524 0.128727 0.017598 -5.62E-4 -0.128832 0.956599 0.261383 0.044143 0.016813 -0.261435 0.965075 -0.0 0.0 0.0 0.0 1.0
LeftHandIndex1 0.998717 0.040989 -0.029754 -0.0 -0.047923 0.954844 -0.293219 0.121989 0.016391 0.294268 0.955582 6.0E-6 0.0 0.0 0.0 1.0
LeftHandIndex2 0.999856 0.016823 -0.002217 0.001042 -0.016963 0.994396 -0.10435 0.032932 4.49E-4 0.104372 0.994538 0.0 0.0 0.0 0.0 1.0
LeftHandIndex3 0.989047 0.147349 -0.008592 0.001095 -0.147579 0.986259 -0.074252 0.03356 -0.002467 0.074707 0.997203 0.0 0.0 0.0 0.0 1.0
RightShoulder -0.0972 -0.951561 0.291693 -0.074603 -0.147132 -0.276122 -0.949794 0.120277 0.984329 -0.135237 -0.113165 1.28E-4 0.0 0.0 0.0 1.0
RightArm 0.922264 -0.192467 0.33524 0.0 0.384772 0.373721 -0.843969 0.157184 0.03715 0.907353 0.418725 0.0 0.0 0.0 0.0 1.0
RightForeArm 0.757847 0.652413 0.00507 0.0 -0.652432 0.757817 0.006815 0.243323 6.04E-4 -0.008472 0.999964 -0.0 0.0 0.0 0.0 1.0
RightHand 0.651423 0.587599 -0.479974 0.0 0.538462 0.08763 0.838081 0.22105 0.534516 -0.804393 -0.259315 -0.0 0.0 0.0 0.0 1.0
RightHandThumb1 0.705602 0.685598 -0.179111 0.024462 -0.682516 0.725511 0.088347 0.024251 0.190518 0.059908 0.979854 0.019483 0.0 0.0 0.0 1.0
RightHandThumb2 0.922964 -0.384829 0.006717 -0.002391 0.384655 0.921658 -0.050868 0.031569 0.013384 0.049533 0.998683 0.0 0.0 0.0 0.0 1.0
RightHandThumb3 0.992498 -0.121135 -0.016556 0.00241 0.121619 0.964342 0.23506 0.045062 -0.012508 -0.23531 0.97184 0.0 0.0 0.0 0.0 1.0
RightHandIndex1 0.999802 -0.019675 0.003067 -0.0 0.019891 0.993974 -0.107793 0.123753 -9.28E-4 0.107832 0.994169 1.2E-5 0.0 0.0 0.0 1.0
RightHandIndex2 0.999971 -0.006664 0.003636 -0.001174 0.006783 0.999407 -0.03375 0.035274 -0.003409 0.033773 0.999424 0.0 0.0 0.0 0.0 1.0
RightHandIndex3 0.988961 -0.147818 0.010261 -9.54E-4 0.147585 0.988835 0.020603 0.031699 -0.013192 -0.018861 0.999735 -0.0 0.0 0.0 0.0 1.0
LeftUpLeg -0.889157 0.45019 -0.082023 0.075562 -0.237729 -0.301288 0.923423 -0.050384 0.391004 0.840568 0.374916 0.016543 0.0 0.0 0.0 1.0
LeftLeg 0.996147 -0.049836 -0.072159 -0.0 0.08279 0.805766 0.586419 0.453272 0.028918 -0.590134 0.806788 0.0 0.0 0.0 0.0 1.0
LeftFoot 0.998697 0.050067 0.009882 0.0 -0.033549 0.790025 -0.612156 0.408386 -0.038456 0.611027 0.790675 0.0 0.0 0.0 0.0 1.0
LeftToeBase 0.974261 0.140171 0.176545 0.0 -0.002304 0.78932 -0.613978 0.212811 -0.225412 0.597767 0.769327 -0.0 0.0 0.0 0.0 1.0
RightUpLeg -0.772263 -0.540182 -0.334385 -0.075562 0.331638 -0.791708 0.513045 -0.050384 -0.541873 0.285311 0.790551 0.020546 0.0 0.0 0.0 1.0
RightLeg 0.985226 0.139337 0.099571 0.0 -0.170188 0.731724 0.660012 0.453812 0.019105 -0.667207 0.744628 -0.0 0.0 0.0 0.0 1.0
RightFoot 0.978637 -0.175859 -0.106506 0.0 -0.012896 0.46451 -0.885474 0.407804 0.205191 0.867931 0.452319 0.0 0.0 0.0 0.0 1.0
RightToeBase 0.973972 -0.142028 -0.176652 -0.0 -0.026835 0.701614 -0.712051 0.209222 0.225073 0.698259 0.679541 -0.0 0.0 0.0 0.0 1.0
Time 0.133333
Hips 0.751289 -0.238858 -0.615233 0.128251 0.582361 -0.198673 0.78828 0.304185 -0.310517 -0.950513 -0.01016 -0.21114 0.0 0.0 0.0 1.0
Spine 0.985295 0.162444 -0.05297 -0.0 -0.127938 0.495933 -0.858884 0.090819 -0.113251 0.853031 0.509423 0.001036 0.0 0.0 0.0 1.0
Spine1 0.998907 -0.031705 0.034337 0.0 0.037737 0.980596 -0.192373 0.105963 -0.027571 0.193459 0.980721 -0.0 0.0 0.0 0.0 1.0
Spine2 0.998259 -0.022935 0.054338 -0.0 0.032973 0.98089 -0.191747 0.1211 -0.048902 0.193205 0.979939 0.0 0.0 0.0 0.0 1.0
Neck 0.998771 -0.03717 -0.032771 0.0 0.033163 0.992774 -0.115323 0.136238 0.03682 0.114095 0.992787 -0.0 0.0 0.0 0.0 1.0
Head 0.931311 -0.222084 -0.288684 0.0 0.119058 0.93468 -0.33496 0.048508 0.344216 0.277582 0.896919 0.01342 0.0 0.0 0.0 1.0
LeftShoulder 0.450056 0.796222 -0.404326 0.074603 -0.005982 -0.450075 -0.892971 0.120279 -0.89298 0.404305 -0.197796 2.36E-4 0.0 0.0 0.0 1.0
LeftArm 0.583838 0.491233 -0.646392 0.0 -0.798963 0.206239 -0.56491 0.157184 -0.144192 0.84626 0.512887 -0.0 0.0 0.0 0.0 1.0
LeftForeArm 0.206236 -0.978444 -0.010657 0.0 0.978468 0.206124 0.01065 0.243319 -0.008224 -0.012624 0.999886 0.0 0.0 0.0 0.0 1.0
LeftHand 0.978487 0.182989 0.095277 -0.0 -0.16284 0.968592 -0.187916 0.221022 -0.126671 0.168359 0.977553 0.0 0.0 0.0 0.0 1.0
LeftHandThumb1 0.747846 -0.53573 0.392072 -0.026336 0.614005 0.782731 -0.101636 0.025057 -0.252438 0.316742 0.914303 0.022961 0.0 0.0 0.0 1.0
LeftHandThumb2 0.932179 0.361048 -0.026186 0.00104 -0.361977 0.930437 -0.057099 0.034381 0.003748 0.062705 0.998025 0.0 0.0 0.0 0.0 1.0
LeftHandThumb3 0.973047 0.23049 0.007316 -5.62E-4 -0.225206 0.942958 0.245179 0.044143 0.049612 -0.240218 0.96945 0.0 0.0 0.0 0.0 1.0
LeftHandIndex1 0.998317 0.047001 -0.033981 0.0 -0.055878 0.936415 -0.346416 0.121989 0.015538 0.347732 0.937465 6.0E-6 0.0 0.0 0.0 1.0
LeftHandIndex2 0.999116 0.040694 -0.010514 0.001042 -0.042027 0.970645 -0.236817 0.032932 5.69E-4 0.237049 0.971497 0.0 0.0 0.0 0.0 1.0
LeftHandIndex3 0.98517 0.170792 -0.016416 0.001095 -0.170464 0.963391 -0.206929 0.03356 -0.019527 0.206659 0.978218 0.0 0.0 0.0 0.0 1.0
RightShoulder -0.055063 -0.936847 0.345378 -0.074603 -0.154477 -0.333745 -0.92992 0.120277 0.986461 -0.104557 -0.126344 1.28E-4 0.0 0.0 0.0 1.0
RightArm 0.921906 -0.078449 0.379388 0.0 0.358332 0.544917 -0.758065 0.157184 -0.147266 0.834812 0.530473 0.0 0.0 0.0 0.0 1.0
RightForeArm 0.777218 0.629213 0.004868 0.0 -0.629232 0.77719 0.006572 0.243323 3.52E-4 -0.008171 0.999967 -0.0 0.0 0.0 0.0 1.0
RightHand 0.693946 0.574591 -0.433919 -0.0 0.530317 -2.35E-4 0.8478 0.22105 0.487036 -0.818441 -0.304878 -0.0 0.0 0.0 0.0 1.0
RightHandThumb1 0.707071 0.687551 -0.165298 0.024462 -0.684923 0.724017 0.081726 0.024251 0.175869 0.05543 0.982852 0.019483 0.0 0.0 0.0 1.0
RightHandThumb2 0.918736 -0.394719 0.011019 -0.002391 0.39475 0.917396 -0.050563 0.031569 0.009849 0.050804 0.99866 0.0 0.0 0.0 0.0 1.0
RightHandThumb3 0.994571 -0.10354 -0.010397 0.00241 0.103067 0.966365 0.235618 0.045062 -0.014349 -0.235411 0.97179 0.0 0.0 0.0 0.0 1.0
RightHandIndex1 0.999811 -0.019213 0.00284 0.0 0.019404 0.994432 -0.103577 0.123753 -8.35E-4 0.103612 0.994617 1.2E-5 0.0 0.0 0.0 1.0
RightHandIndex2 0.999969 -0.006975 0.003732 -0.001174 0.007106 0.999317 -0.03626 0.035274 -0.003477 0.036285 0.999335 0.0 0.0 0.0 0.0 1.0
RightHandIndex3 0.988714 -0.14944 0.010642 -9.54E-4 0.149361 0.988752 0.007813 0.031699 -0.01169 -0.006136 0.999913 0.0 0.0 0.0 0.0 1.0
LeftUpLeg -0.907012 0.405032 -0.115232 0.075562 -0.263422 -0.332232 0.905666 -0.050384 0.32854 0.851805 0.408032 0.016543 0.0 0.0 0.0 1.0
LeftLeg 0.994298 -0.095054 -0.048344 0.0 0.106638 0.889752 0.443812 0.453272 8.28E-4 -0.446437 0.894815 0.0 0.0 0.0 0.0 1.0
LeftFoot 0.995265 0.09265 -0.02938 0.0 -0.093928 0.83906 -0.535869 0.408386 -0.024996 0.536091 0.84379 -0.0 0.0 0.0 0.0 1.0
LeftToeBase 0.974122 0.140384 0.177143 0.0 0.001279 0.780295 -0.62541 0.212811 -0.226021 0.609452 0.759923 0.0 0.0 0.0 0.0 1.0
RightUpLeg -0.811659 -0.489278 -0.319087 -0.075562 0.263179 -0.793983 0.548022 -0.050384 -0.521485 0.36083 0.773211 0.020546 0.0 0.0 0.0 1.0
RightLeg 0.97874 0.108707 0.173925 -0.0 -0.20507 0.503645 0.839218 0.453812 0.003633 -0.857044 0.515231 0.0 0.0 0.0 0.0 1.0
RightFoot 0.98767 -0.156538 0.00208 -0.0 0.058166 0.35459 -0.933211 0.407804 0.145345 0.921825 0.359323 0.0 0.0 0.0 0.0 1.0
RightToeBase 0.97519 -0.140047 -0.171437 -0.0 0.003693 0.78463 -0.619953 0.209222 0.221337 0.603939 0.765681 0.0 0.0 0.0 0.0 1.0
Time 0.166667
Hips 0.664435 -0.348771 -0.660973 0.123963 0.705705 0.001702 0.708503 0.33804 -0.24598 -0.937206 0.247261 -0.276123 0.0 0.0 0.0 1.0
Spine 0.989829 0.129795 -0.05824 0.0 -0.120178 0.543817 -0.830554 0.090819 -0.07613 0.829106 0.553884 0.001036 0.0 0.0 0.0 1.0
Spine1 0.998102 -0.049731 0.03631 -0.0 0.05581 0.979763 -0.192225 0.105963 -0.026015 0.193887 0.980679 0.0 0.0 0.0 0.0 1.0
Spine2 0.997381 -0.039697 0.060464 0.0 0.050632 0.980149 -0.191687 0.1211 -0.051654 0.194246 0.979592 0.0 0.0 0.0 0.0 1.0
Neck 0.999027 -0.024492 -0.036678 0.0 0.020569 0.994389 -0.103762 0.136238 0.039014 0.102907 0.993926 -0.0 0.0 0.0 0.0 1.0
Head 0.91207 -0.17218 -0.372133 -0.0 0.083621 0.966596 -0.242279 0.048508 0.401418 0.189858 0.896001 0.01342 0.0 0.0 0.0 1.0
LeftShoulder 0.383739 0.794634 -0.470426 0.074603 0.055442 -0.528334 -0.847225 0.120279 -0.921776 0.299031 -0.246799 2.36E-4 0.0 0.0 0.0 1.0
LeftArm 0.63694 0.311129 -0.705341 0.0 -0.723666 0.556687 -0.407931 0.157184 0.265735 0.770259 0.57973 -0.0 0.0 0.0 0.0 1.0
LeftForeArm -0.063576 -0.997884 -0.013594 0.0 0.997908 -0.063725 0.010862 0.243319 -0.011705 -0.012875 0.999849 0.0 0.0 0.0 0.0 1.0
LeftHand 0.942005 0.254489 0.218772 -0.0 -0.195748 0.946168 -0.257775 0.221022 -0.272596 0.200002 0.941111 0.0 0.0 0.0 0.0 1.0
LeftHandThumb1 0.757871 -0.533542 0.375452 -0.026336 0.615072 0.776209 -0.138513 0.025057 -0.217527 0.335905 0.916433 0.022961 0.0 0.0 0.0 1.0
LeftHandThumb2 0.913558 0.404123 -0.045792 0.00104 -0.406318 0.911812 -0.059205 0.034381 0.017827 0.072694 0.997195 0.0 0.0 0.0 0.0 1.0
LeftHandThumb3 0.966121 0.257261 0.020649 -5.62E-4 -0.253898 0.93303 0.254933 0.044143 0.046318 -0.251539 0.966738 0.0 0.0 0.0 0.0 1.0
LeftHandIndex1 0.998124 0.050874 -0.034055 0.0 -0.059416 0.939045 -0.33862 0.121989 0.014753 0.340008 0.940307 6.0E-6 0.0 0.0 0.0 1.0
LeftHandIndex2 0.997364 0.068133 -0.024974 0.001042 -0.072462 0.916606 -0.393171 0.032932 -0.003896 0.393944 0.919126 0.0 0.0 0.0 0.0 1.0
LeftHandIndex3 0.981472 0.189885 -0.025636 0.001095 -0.188088 0.929258 -0.317965 0.03356 -0.036555 0.316896 0.947756 -0.0 0.0 0.0 0.0 1.0
RightShoulder 0.059962 -0.900183 0.431363 -0.074603 -0.124088 -0.435511 -0.89159 0.120277 0.990458 -6.5E-5 -0.137817 1.28E-4 0.0 0.0 0.0 1.0
RightArm 0.890575 -0.018855 0.454445 -0.0 0.316636 0.742976 -0.589685 0.157184 -0.326523 0.669052 0.667647 0.0 0.0 0.0 0.0 1.0
RightForeArm 0.773476 0.633806 0.004907 -0.0 -0.633825 0.773448 0.00662 0.243323 4.01E-4 -0.008231 0.999966 -0.0 0.0 0.0 0.0 1.0
RightHand 0.737125 0.54467 -0.399977 0.0 0.47843 -0.002634 0.878122 0.22105 0.477233 -0.838646 -0.262528 -0.0 0.0 0.0 0.0 1.0
RightHandThumb1 0.777846 0.594975 -0.202387 0.024462 -0.586783 0.802893 0.105116 0.024251 0.225036 0.036994 0.973648 0.019483 0.0 0.0 0.0 1.0
RightHandThumb2 0.953373 -0.300711 -0.025562 -0.002391 0.299189 0.952851 -0.050608 0.031569 0.039575 0.0406 0.998391 0.0 0.0 0.0 0.0 1.0
RightHandThumb3 0.995913 -0.090192 -0.004818 0.00241 0.088804 0.968066 0.234439 0.045062 -0.01648 -0.233909 0.972119 0.0 0.0 0.0 0.0 1.0
RightHandIndex1 0.995035 -0.090957 -0.040396 0.0 0.089754 0.995492 -0.03067 0.123753 0.043004 0.026892 0.998713 1.2E-5 0.0 0.0 0.0 1.0
RightHandIndex2 0.999994 -0.002446 0.002414 -0.001174 0.002446 0.999997 8.2E-5 0.035274 -0.002414 -7.6E-5 0.999997 0.0 0.0 0.0 0.0 1.0
RightHandIndex3 0.988568 -0.150384 0.010874 -9.54E-4 0.15039 0.988627 3.43E-4 0.031699 -0.010802 0.001297 0.999941 0.0 0.0 0.0 0.0 1.0
LeftUpLeg -0.890333 0.417697 -0.181207 0.075562 -0.301571 -0.24282 0.922005 -0.050384 0.341118 0.875539 0.342156 0.016543 0.0 0.0 0.0 1.0
LeftLeg 0.992427 -0.120779 -0.022391 0.0 0.113905 0.83661 0.535826 0.453272 -0.045984 -0.534319 0.844031 0.0 0.0 0.0 0.0 1.0
LeftFoot 0.988677 0.130432 -0.074203 -0.0 -0.149038 0.795829 -0.586893 0.408386 -0.017496 0.591307 0.806257 0.0 0.0 0.0 0.0 1.0
LeftToeBase 0.973865 0.140795 0.178225 0.0 0.007847 0.763365 -0.64592 0.212811 -0.226993 0.630437 0.742309 -0.0 0.0 0.0 0.0 1.0
RightUpLeg -0.837377 -0.390607 -0.382396 -0.075562 0.119368 -0.813341 0.56941 -0.050384 -0.533433 0.431165 0.727699 0.020546 0.0 0.0 0.0 1.0
RightLeg 0.990353 0.117396 0.073612 0.0 -0.10661 0.306194 0.945981 0.453812 0.088515 -0.944703 0.315756 -0.0 0.0 0.0 0.0 1.0
RightFoot 0.981524 -0.185938 -0.045141 -0.0 0.087039 0.643984 -0.760072 0.407804 0.170396 0.7421 0.648269 -0.0 0.0 0.0 0.0 1.0
RightToeBase 0.975668 -0.139426 -0.169211 0.0 0.016127 0.815303 -0.578809 0.209222 0.218659 0.561997 0.797714 0.0 0.0 0.0 0.0 1.0
Time 0.2
Hips 0.619865 -0.478671 -0.621805 0.105998 0.770731 0.222486 0.597055 0.380108 -0.147449 -0.849338 0.506838 -0.335837 0.0 0.0 0.0 1.0
Spine 0.995472 0.070468 -0.063793 -0.0 -0.093229 0.592962 -0.799815 0.090819 -0.018534 0.802141 0.596847 0.001036 0.0 0.0 0.0 1.0
Spine1 0.996701 -0.072685 0.036111 0.0 0.078553 0.975814 -0.204003 0.105963 -0.020409 0.206167 0.978304 0.0 0.0 0.0 0.0 1.0
Spine2 0.9961 -0.061261 0.063492 0.0 0.073007 0.976392 -0.203293 0.1211 -0.049539 0.207135 0.977057 -0.0 0.0 0.0 0.0 1.0
Neck 0.999175 -0.011374 -0.038999 0.0 0.008024 0.996348 -0.085006 0.136238 0.039823 0.084623 0.995617 -0.0 0.0 0.0 0.0 1.0
Head 0.879664 -0.13474 -0.456109 -0.0 0.083846 0.987944 -0.130143 0.048508 0.468146 0.076239 0.880356 0.01342 0.0 0.0 0.0 1.0
LeftShoulder 0.275899 0.800698 -0.531755 0.074603 0.239838 -0.593076 -0.768595 0.120279 -0.930783 0.084519 -0.355667 2.36E-4 0.0 0.0 0.0 1.0
LeftArm 0.628318 -0.086955 -0.773082 0.0 -0.353673 0.853177 -0.38341 0.157184 0.692915 0.514322 0.505313 -0.0 0.0 0.0 0.0 1.0
LeftForeArm -0.142242 -0.989726 -0.01445 0.0 0.98975 -0.142403 0.010773 0.243319 -0.01272 -0.012769 0.999838 0.0 0.0 0.0 0.0 1.0
LeftHand 0.977582 -0.058122 0.202375 -0.0 0.012758 0.975731 0.218601 0.221022 -0.210169 -0.211118 0.954598 0.0 0.0 0.0 0.0 1.0
LeftHandThumb1 0.766216 -0.587402 0.260523 -0.026336 0.626819 0.772488 -0.101786 0.025057 -0.141462 0.241291 0.960087 0.022961 0.0 0.0 0.0 1.0
LeftHandThumb2 0.860559 0.501461 -0.089303 0.00104 -0.50734 0.859448 -0.062885 0.034381 0.045217 0.099423 0.994017 0.0 0.0 0.0 0.0 1.0
LeftHandThumb3 0.960815 0.267774 0.071637 -5.62E-4 -0.276995 0.917797 0.28447 0.044143 0.010425 -0.293167 0.956005 0.0 0.0 0.0 0.0 1.0
LeftHandIndex1 0.99733 0.063998 -0.035171 0.0 -0.072047 0.940932 -0.33084 0.121989 0.011921 0.332491 0.943031 6.0E-6 0.0 0.0 0.0 1.0
LeftHandIndex2 0.996229 0.080118 -0.033304 0.001042 -0.086419 0.882066 -0.463133 0.032932 -0.007729 0.464264 0.885663 0.0 0.0 0.0 0.0 1.0
LeftHandIndex3 0.979165 0.20052 -0.03207 0.001095 -0.197443 0.903175 -0.381171 0.03356 -0.047468 0.379561 0.923948 0.0 0.0 0.0 0.0 1.0
RightShoulder 0.223989 -0.833165 0.505634 -0.074603 -0.073633 -0.5318 -0.843663 0.120277 0.971806 0.15174 -0.180466 1.28E-4 0.0 0.0 0.0 1.0
RightArm 0.838339 -0.01142 0.54503 0.0 0.241053 0.904496 -0.351825 0.157184 -0.48896 0.426329 0.761027 0.0 0.0 0.0 0.0 1.0
RightForeArm 0.770401 0.637541 0.004939 0.0 -0.63756 0.770372 0.006659 0.243323 4.4E-4 -0.008279 0.999966 -0.0 0.0 0.0 0.0 1.0
RightHand 0.794329 0.491798 -0.356616 -0.0 0.41854 -0.017571 0.908028 0.22105 0.440301 -0.870532 -0.219795 -0.0 0.0 0.0 0.0 1.0
RightHandThumb1 0.888342 0.393726 -0.236282 0.024462 -0.381885 0.919214 0.095962 0.024251 0.254976 0.004985 0.966934 0.019483 0.0 0.0 0.0 1.0
RightHandThumb2 0.988082 -0.127008 -0.08697 -0.002391 0.123852 0.991462 -0.040783 0.031569 0.091407 0.029526 0.995376 0.0 0.0 0.0 0.0 1.0
RightHandThumb3 0.961788 0.248039 0.115935 0.00241 -0.270422 0.926841 0.260458 0.045062 -0.042849 -0.281856 0.958499 0.0 0.0 0.0 0.0 1.0
RightHandIndex1 0.988567 -0.13471 -0.067739 0.0 0.135807 0.990665 0.011835 0.123753 0.065512 -0.020899 0.997633 1.2E-5 0.0 0.0 0.0 1.0
RightHandIndex2 0.999994 -0.002446 0.002414 -0.001174 0.002446 0.999997 8.2E-5 0.035274 -0.002414 -7.6E-5 0.999997 -0.0 0.0 0.0 0.0 1.0
RightHandIndex3 0.988568 -0.150384 0.010874 -9.54E-4 0.15039 0.988627 3.42E-4 0.031699 -0.010802 0.001297 0.999941 0.0 0.0 0.0 0.0 1.0
LeftUpLeg -0.863959 0.426268 -0.268086 0.075562 -0.339039 -0.098769 0.935573 -0.050384 0.372327 0.899189 0.229854 0.016543 0.0 0.0 0.0 1.0
LeftLeg 0.986803 -0.140995 0.07962 0.0 0.036105 0.670936 0.740636 0.453272 -0.157846 -0.727987 0.667173 0.0 0.0 0.0 0.0 1.0
LeftFoot 0.979933 0.153089 -0.127653 0.0 -0.197766 0.666727 -0.718584 0.408386 -0.024897 0.72941 0.683624 -0.0 0.0 0.0 0.0 1.0
LeftToeBase 0.97386 0.140804 0.178247 -0.0 0.007978 0.763021 -0.646325 0.212811 -0.227011 0.630852 0.741952 -0.0 0.0 0.0 0.0 1.0
RightUpLeg -0.858121 -0.303074 -0.414456 -0.075562 -0.020006 -0.786854 0.616814 -0.050384 -0.513058 0.537593 0.669153 0.020546 0.0 0.0 0.0 1.0
RightLeg 0.978212 0.121703 0.168196 0.0 -0.170712 0.010475 0.985265 0.453812 0.118148 -0.992511 0.031023 -0.0 0.0 0.0 0.0 1.0
RightFoot 0.957773 -0.262058 0.118309 0.0 0.238834 0.496004 -0.834828 0.407804 0.160092 0.827832 0.537648 0.0 0.0 0.0 0.0 1.0
RightToeBase 0.974914 -0.140448 -0.172678 0.0 -0.003381 0.766358 -0.642405 0.209222 0.222557 0.626873 0.746658 -0.0 0.0 0.0 0.0 1.0
Time 0.233333
Hips 0.616226 -0.599763 -0.510442 0.080457 0.785852 0.425479 0.44878 0.429397 -0.051979 -0.677682 0.733516 -0.390071 0.0 0.0 0.0 1.0
Spine 0.996825 -0.010031 -0.078989 0.0 -0.055587 0.622604 -0.78056 0.090819 0.057008 0.782473 0.62007 0.001036 0.0 0.0 0.0 1.0
Spine1 0.995262 -0.090475 0.035604 0.0 0.096115 0.970777 -0.219895 0.105963 -0.014669 0.222276 0.974874 0.0 0.0 0.0 0.0 1.0
Spine2 0.994974 -0.077059 0.063941 0.0 0.089327 0.971616 -0.219049 0.1211 -0.045247 0.22366 0.973616 0.0 0.0 0.0 0.0 1.0
Neck 0.999267 0.006257 -0.037769 0.0 -0.008613 0.998006 -0.062526 0.136238 0.037302 0.062805 0.997328 -0.0 0.0 0.0 0.0 1.0
Head 0.856106 -0.09409 -0.508163 0.0 0.107013 0.99425 -0.003807 0.048508 0.5056 -0.051121 0.861252 0.01342 0.0 0.0 0.0 1.0
LeftShoulder 0.218133 0.782217 -0.58357 0.074603 0.432343 -0.613544 -0.660789 0.120279 -0.874927 -0.108162 -0.472021 2.36E-4 0.0 0.0 0.0 1.0
LeftArm 0.558331 -0.394799 -0.729658 -0.0 0.098628 0.90486 -0.414127 0.157184 0.823735 0.159256 0.544149 -0.0 0.0 0.0 0.0 1.0
LeftForeArm -0.191803 -0.981319 -0.014989 0.0 0.981343 -0.191971 0.010681 0.243319 -0.013359 -0.012661 0.999831 0.0 0.0 0.0 0.0 1.0
LeftHand 0.973185 -0.229921 -0.006872 0.0 0.208242 0.867949 0.450888 0.221022 -0.097704 -0.440229 0.892554 0.0 0.0 0.0 0.0 1.0
LeftHandThumb1 0.758199 -0.628092 0.175027 -0.026336 0.641267 0.76688 -0.025923 0.025057 -0.117943 0.131894 0.984222 0.022961 0.0 0.0 0.0 1.0
LeftHandThumb2 0.808851 0.571953 -0.13649 0.00104 -0.58367 0.80911 -0.068348 0.034381 0.071344 0.134948 0.988281 0.0 0.0 0.0 0.0 1.0
LeftHandThumb3 0.952671 0.273931 0.131832 -5.62E-4 -0.302203 0.90047 0.312772 0.044143 -0.033033 -0.337808 0.940635 0.0 0.0 0.0 0.0 1.0
LeftHandIndex1 0.996109 0.080173 -0.036587 0.0 -0.087812 0.93801 -0.3353 0.121989 0.007437 0.337209 0.941401 6.0E-6 0.0 0.0 0.0 1.0
LeftHandIndex2 0.996191 0.080474 -0.033573 0.001042 -0.086841 0.880921 -0.465228 0.032932 -0.007864 0.466371 0.884554 0.0 0.0 0.0 0.0 1.0
LeftHandIndex3 0.978975 0.201354 -0.032618 0.001095 -0.19816 0.90089 -0.386174 0.03356 -0.048372 0.384518 0.921849 0.0 0.0 0.0 0.0 1.0
RightShoulder 0.400559 -0.774209 0.490054 -0.074603 -0.044673 -0.550701 -0.833506 0.120277 0.915181 0.311976 -0.255175 1.28E-4 0.0 0.0 0.0 1.0
RightArm 0.778489 -0.023735 0.627209 0.0 0.149605 0.9775 -0.148699 0.157184 -0.609567 0.209594 0.764525 -0.0 0.0 0.0 0.0 1.0
RightForeArm 0.77042 0.637518 0.004939 0.0 -0.637537 0.770391 0.006659 0.243323 4.4E-4 -0.008279 0.999966 -0.0 0.0 0.0 0.0 1.0
RightHand 0.858392 0.410018 -0.308299 0.0 0.347218 -0.021976 0.937527 0.22105 0.377628 -0.911813 -0.161229 -0.0 0.0 0.0 0.0 1.0
RightHandThumb1 0.898564 0.342789 -0.274005 0.024462 -0.326077 0.939394 0.105887 0.024251 0.293696 -0.005799 0.955881 0.019483 0.0 0.0 0.0 1.0
RightHandThumb2 0.987586 -0.126911 -0.092563 -0.002391 0.123392 0.991434 -0.042824 0.031569 0.097205 0.030871 0.994786 0.0 0.0 0.0 0.0 1.0
RightHandThumb3 0.931543 0.330166 0.152375 0.00241 -0.360959 0.890307 0.277599 0.045062 -0.044007 -0.313597 0.948536 0.0 0.0 0.0 0.0 1.0
RightHandIndex1 0.982221 -0.166115 -0.087446 0.0 0.172594 0.982315 0.072589 0.123753 0.073841 -0.086391 0.993521 1.2E-5 0.0 0.0 0.0 1.0
RightHandIndex2 0.999994 -0.002446 0.002414 -0.001174 0.002446 0.999997 8.2E-5 0.035274 -0.002414 -7.6E-5 0.999997 0.0 0.0 0.0 0.0 1.0
RightHandIndex3 0.988568 -0.150385 0.010874 -9.54E-4 0.15039 0.988627 3.42E-4 0.031699 -0.010802 0.001297 0.999941 -0.0 0.0 0.0 0.0 1.0
LeftUpLeg -0.826728 0.436459 -0.354999 0.075562 -0.387322 0.016106 0.921804 -0.050384 0.408048 0.89958 0.155735 0.016543 0.0 0.0 0.0 1.0
LeftLeg 0.988095 -0.133021 0.077295 0.0 -0.012164 0.433291 0.901172 0.453272 -0.153365 -0.891384 0.426514 -0.0 0.0 0.0 0.0 1.0
LeftFoot 0.936741 0.222992 -0.269797 -0.0 -0.339694 0.393299 -0.854356 0.408386 -0.084404 0.891959 0.444169 0.0 0.0 0.0 0.0 1.0
LeftToeBase 0.97432 0.140082 0.176286 0.0 -0.00385 0.793165 -0.608994 0.212811 -0.225133 0.592677 0.773337 0.0 0.0 0.0 0.0 1.0
RightUpLeg -0.86694 -0.168594 -0.469032 -0.075562 -0.159541 -0.797668 0.581611 -0.050384 -0.472188 0.579052 0.664633 0.020546 0.0 0.0 0.0 1.0
RightLeg 0.984836 0.125682 0.119588 0.0 -0.106058 -0.109348 0.988329 0.453812 0.137292 -0.986026 -0.09436 0.0 0.0 0.0 0.0 1.0
RightFoot 0.982806 -0.132428 -0.128669 -0.0 -0.039568 0.529611 -0.847317 0.407804 0.180353 0.837839 0.515265 -0.0 0.0 0.0 0.0 1.0
RightToeBase 0.964352 -0.147868 -0.219454 -0.0 -0.086808 0.606645 -0.790219 0.209222 0.249978 0.7811 0.572183 -0.0 0.0 0.0 0.0 1.0
Time 0.266667
Hips 0.637136 -0.680391 -0.362113 0.050118 0.769766 0.585469 0.254333 0.488643 0.03896 -0.440787 0.896766 -0.437583 0.0 0.0 0.0 1.0
Spine 0.990737 -0.086737 -0.104482 0.0 -0.027866 0.623185 -0.781578 0.090819 0.132903 0.777249 0.614996 0.001036 0.0 0.0 0.0 1.0
Spine1 0.994933 -0.094919 0.033157 0.0 0.10007 0.966826 -0.235019 0.105963 -0.009749 0.237146 0.971425 -0.0 0.0 0.0 0.0 1.0
Spine2 0.995021 -0.079319 0.06034 -0.0 0.091362 0.96786 -0.234308 0.1211 -0.039816 0.238654 0.970288 -0.0 0.0 0.0 0.0 1.0
Neck 0.999197 0.025817 -0.030647 0.0 -0.026932 0.998969 -0.036535 0.136238 0.029672 0.037331 0.998862 -0.0 0.0 0.0 0.0 1.0
Head 0.866646 -0.060879 -0.495195 0.0 0.147824 0.979294 0.138316 0.048508 0.476521 -0.193073 0.857701 0.01342 0.0 0.0 0.0 1.0
LeftShoulder 0.234484 0.779138 -0.581344 0.074603 0.535684 -0.60259 -0.591546 0.120279 -0.811209 -0.172709 -0.55867 2.36E-4 0.0 0.0 0.0 1.0
LeftArm 0.470047 -0.486242 -0.73663 0.0 0.357334 0.867956 -0.344913 0.157184 0.807074 -0.101098 0.581731 -0.0 0.0 0.0 0.0 1.0
LeftForeArm -0.25054 -0.96798 -0.015628 -0.0 0.968003 -0.250717 0.010536 0.243319 -0.014117 -0.012489 0.999822 0.0 0.0 0.0 0.0 1.0
LeftHand 0.963454 -0.267134 -0.019921 0.0 0.240755 0.830908 0.501625 0.221022 -0.117448 -0.488089 0.864856 -0.0 0.0 0.0 0.0 1.0
LeftHandThumb1 0.753766 -0.637895 0.157882 -0.026336 0.644429 0.764563 0.012424 0.025057 -0.128636 0.092379 0.98738 0.022961 0.0 0.0 0.0 1.0
LeftHandThumb2 0.7994 0.576333 -0.169703 0.00104 -0.59417 0.800229 -0.081211 0.034381 0.088997 0.165753 0.982143 0.0 0.0 0.0 0.0 1.0
LeftHandThumb3 0.952181 0.25314 0.171087 -5.62E-4 -0.297325 0.896629 0.328106 0.044143 -0.070344 -0.363285 0.929019 0.0 0.0 0.0 0.0 1.0
LeftHandIndex1 0.995452 0.088157 -0.036104 0.0 -0.09515 0.938559 -0.331743 0.121989 0.00464 0.33367 0.942679 6.0E-6 0.0 0.0 0.0 1.0
LeftHandIndex2 0.99653 0.077195 -0.031142 0.001042 -0.082972 0.891197 -0.445963 0.032932 -0.006673 0.446999 0.894509 0.0 0.0 0.0 0.0 1.0
LeftHandIndex3 0.980259 0.195586 -0.028958 0.001095 -0.193148 0.915966 -0.351712 0.03356 -0.042265 0.350362 0.93566 0.0 0.0 0.0 0.0 1.0
RightShoulder 0.555535 -0.745434 0.368387 -0.074603 -0.053557 -0.474201 -0.878786 0.120277 0.829766 0.468467 -0.303359 1.28E-4 0.0 0.0 0.0 1.0
RightArm 0.731632 -0.024103 0.681274 0.0 0.080394 0.995452 -0.051118 0.157184 -0.676943 0.092169 0.730242 0.0 0.0 0.0 0.0 1.0
RightForeArm 0.757305 0.653042 0.005076 0.0 -0.653061 0.757274 0.006821 0.243323 6.1E-4 -0.008481 0.999964 -0.0 0.0 0.0 0.0 1.0
RightHand 0.917358 0.298131 -0.263767 0.0 0.28394 -0.025675 0.958498 0.22105 0.278985 -0.95418 -0.108205 -0.0 0.0 0.0 0.0 1.0
RightHandThumb1 0.890671 0.342975 -0.29845 0.024462 -0.316853 0.939028 0.133529 0.024251 0.32605 -0.024366 0.945038 0.019483 0.0 0.0 0.0 1.0
RightHandThumb2 0.987485 -0.126895 -0.09365 -0.002391 0.123309 0.99143 -0.043152 0.031569 0.098323 0.031064 0.99467 0.0 0.0 0.0 0.0 1.0
RightHandThumb3 0.947712 0.285522 0.142547 0.00241 -0.316185 0.900614 0.298196 0.045062 -0.043239 -0.327675 0.9438 0.0 0.0 0.0 0.0 1.0
RightHandIndex1 0.982126 -0.162125 -0.095619 0.0 0.17536 0.972718 0.151887 0.123753 0.068386 -0.16594 0.983762 1.2E-5 0.0 0.0 0.0 1.0
RightHandIndex2 0.999994 -0.002446 0.002414 -0.001174 0.002446 0.999997 8.2E-5 0.035274 -0.002414 -7.6E-5 0.999997 0.0 0.0 0.0 0.0 1.0
RightHandIndex3 0.988568 -0.150384 0.010874 -9.54E-4 0.15039 0.988627 3.42E-4 0.031699 -0.010802 0.001297 0.999941 0.0 0.0 0.0 0.0 1.0
LeftUpLeg -0.794903 0.460479 -0.39508 0.075562 -0.425669 0.040764 0.90396 -0.050384 0.43236 0.886734 0.163608 0.016543 0.0 0.0 0.0 1.0
LeftLeg 0.99481 -0.094959 0.036539 0.0 -0.005643 0.307072 0.95167 0.453272 -0.10159 -0.946937 0.304942 -0.0 0.0 0.0 0.0 1.0
LeftFoot 0.922443 0.227999 -0.311633 -0.0 -0.360522 0.21952 -0.906551 0.408386 -0.138283 0.948592 0.284694 0.0 0.0 0.0 0.0 1.0
