Root_Bone_Name Hips
Num_Keyframes 369
Num_Bones 34
Time_Wrapping_Mode LOOP
Time 0.0
Hips 0.993762 0.064487 -0.090983 6.03E-4 -0.058657 0.996136 0.065362 1.030303 0.094847 -0.059617 0.993705 -0.020309 0.0 0.0 0.0 1.0
Spine 0.998547 -0.046359 0.027491 0.0 0.048227 0.996257 -0.07173 0.092381 -0.024063 0.072952 0.997045 0.001307 0.0 0.0 0.0 1.0
Spine1 0.999616 -0.027017 0.006128 0.0 0.027134 0.999432 -0.019995 0.107789 -0.005584 0.020154 0.999781 0.0 0.0 0.0 0.0 1.0
Spine2 0.999614 -0.026974 0.006599 0.0 0.027099 0.99944 -0.019606 0.123187 -0.006066 0.019777 0.999786 0.0 0.0 0.0 0.0 1.0
Neck 0.999966 -0.008096 -0.001347 0.0 0.007955 0.996443 -0.08389 0.138586 0.002021 0.083877 0.996474 -0.0 0.0 0.0 0.0 1.0
Head 0.999711 0.001472 0.023991 0.0 -0.004612 0.991322 0.131373 0.040313 -0.02359 -0.131446 0.991043 0.011037 0.0 0.0 0.0 1.0
LeftShoulder 0.306411 0.857888 -0.412481 0.07447 0.016673 -0.438095 -0.898774 0.122371 -0.951753 0.268516 -0.148541 2.82E-4 0.0 0.0 0.0 1.0
LeftArm 0.93432 -0.065712 0.350324 -0.0 0.32888 0.537858 -0.776239 0.155382 -0.137417 0.84047 0.524143 0.0 0.0 0.0 0.0 1.0
LeftForeArm 0.999673 -0.02535 -0.003461 0.0 0.025351 0.999679 3.13E-4 0.248813 0.003452 -4.01E-4 0.999994 0.0 0.0 0.0 0.0 1.0
LeftHand 0.78993 -0.079785 -0.607985 0.0 0.016352 0.993887 -0.109182 0.225832 0.612979 0.076304 0.786406 0.0 0.0 0.0 0.0 1.0
LeftHandThumb1 0.814981 -0.407864 0.411648 -0.024222 0.526921 0.817209 -0.233502 0.018653 -0.241165 0.407205 0.880922 0.022191 0.0 0.0 0.0 1.0
LeftHandThumb2 0.815049 0.549702 0.183091 5.35E-4 -0.560192 0.828335 0.006808 0.030217 -0.147918 -0.108115 0.983072 0.0 0.0 0.0 0.0 1.0
LeftHandThumb3 0.987461 0.062723 -0.144869 -4.89E-4 -0.0264 0.970368 0.240186 0.043101 0.155641 -0.23335 0.959856 0.0 0.0 0.0 0.0 1.0
LeftHandIndex1 0.999222 -0.038035 -0.010424 0.0 0.036313 0.990449 -0.133009 0.113343 0.015384 0.132527 0.99106 -5.0E-6 0.0 0.0 0.0 1.0
LeftHandIndex2 0.998593 0.050777 -0.015312 0.001041 -0.053034 0.954067 -0.294862 0.032903 -3.63E-4 0.295259 0.955417 -0.0 0.0 0.0 0.0 1.0
LeftHandIndex3 0.987274 0.158579 -0.011909 0.001107 -0.158698 0.977662 -0.137814 0.033648 -0.010212 0.13795 0.990387 0.0 0.0 0.0 0.0 1.0
RightShoulder 0.27049 -0.849253 0.453437 -0.07447 -0.019167 -0.475651 -0.879425 0.12237 0.962532 0.229184 -0.144937 1.76E-4 0.0 0.0 0.0 1.0
RightArm 0.859004 0.049828 -0.509538 0.0 -0.413162 0.655208 -0.632455 0.155382 0.30234 0.753803 0.583414 0.0 0.0 0.0 0.0 1.0
RightForeArm 0.993188 0.116479 0.003062 -0.0 -0.116484 0.993191 0.00157 0.248824 -0.002858 -0.001916 0.999994 0.0 0.0 0.0 0.0 1.0
RightHand 0.924475 0.03381 0.37974 0.0 0.012157 0.992939 -0.118002 0.225701 -0.381049 0.113707 0.917536 -0.0 0.0 0.0 0.0 1.0
RightHandThumb1 0.791526 0.480159 -0.378066 0.023976 -0.581145 0.782784 -0.222531 0.019052 0.189094 0.39585 0.898636 0.017779 0.0 0.0 0.0 1.0
RightHandThumb2 0.734464 -0.662004 -0.149378 -0.001245 0.665769 0.745533 -0.030541 0.028301 0.131585 -0.07702 0.988308 -0.0 0.0 0.0 0.0 1.0
RightHandThumb3 0.988532 -0.031372 0.147717 0.002262 -0.014139 0.954659 0.297367 0.044358 -0.150348 -0.296045 0.943267 0.0 0.0 0.0 0.0 1.0
RightHandIndex1 0.998591 0.052649 -0.006628 0.0 -0.053064 0.991436 -0.119323 0.112301 2.89E-4 0.119506 0.992833 3.4E-5 0.0 0.0 0.0 1.0
RightHandIndex2 0.999489 -0.026614 0.017719 -0.001192 0.030688 0.95406 -0.298038 0.035377 -0.008973 0.29843 0.954389 0.0 0.0 0.0 0.0 1.0
RightHandIndex3 0.983243 -0.181306 0.018997 -0.00124 0.182175 0.973384 -0.139052 0.032704 0.00672 0.140183 0.990103 -0.0 0.0 0.0 0.0 1.0
LeftUpLeg -0.951329 0.170415 0.256773 0.078926 -0.13133 -0.977936 0.162464 -0.051168 0.278794 0.120834 0.952719 0.016768 0.0 0.0 0.0 1.0
LeftLeg 0.996401 -0.073703 -0.041862 -0.0 0.081618 0.967526 0.239232 0.449901 0.022871 -0.241788 0.97006 -0.0 0.0 0.0 0.0 1.0
LeftFoot 0.988848 0.117755 -0.091183 0.0 -0.143621 0.59193 -0.79309 0.403843 -0.039417 0.797341 0.602241 0.0 0.0 0.0 0.0 1.0
LeftToeBase 0.973909 0.140137 0.1785 0.0 0.020527 0.728939 -0.684271 0.212853 -0.226008 0.670082 0.707043 0.0 0.0 0.0 0.0 1.0
RightUpLeg -0.981496 0.06881 -0.178692 -0.078926 -0.062705 -0.997246 -0.039602 -0.051168 -0.180925 -0.027665 0.983108 0.021155 0.0 0.0 0.0 1.0
RightLeg 0.983558 0.050424 0.173409 -0.0 -0.07582 0.986799 0.143104 0.450627 -0.163904 -0.153899 0.974397 0.0 0.0 0.0 0.0 1.0
RightFoot 0.997541 -0.056006 0.042131 0.0 0.065756 0.540001 -0.839092 0.403185 0.024243 0.839799 0.542356 -0.0 0.0 0.0 0.0 1.0
RightToeBase 0.974277 -0.140698 -0.176036 -0.0 -0.030192 0.692614 -0.720676 0.209681 0.223323 0.707453 0.67055 -0.0 0.0 0.0 0.0 1.0
Time 0.033333
Hips 0.994951 0.052187 -0.085726 -0.001727 -0.046778 0.996857 0.063936 1.028878 0.088793 -0.059603 0.994265 -0.018775 0.0 0.0 0.0 1.0
Spine 0.998858 -0.039242 0.027237 0.0 0.041102 0.996595 -0.071474 0.092381 -0.024339 0.072512 0.997071 0.001307 0.0 0.0 0.0 1.0
Spine1 0.999674 -0.024837 0.005943 0.0 0.024951 0.999491 -0.019857 0.107789 -0.005447 0.019998 0.999785 0.0 0.0 0.0 0.0 1.0
Spine2 0.999672 -0.0248 0.00639 -0.0 0.024921 0.9995 -0.019481 0.123187 -0.005904 0.019634 0.99979 0.0 0.0 0.0 0.0 1.0
Neck 0.999973 -0.007356 -2.14E-4 0.0 0.007313 0.996559 -0.082568 0.138586 8.21E-4 0.082564 0.996585 -0.0 0.0 0.0 0.0 1.0
Head 0.999621 0.001911 0.027445 -0.0 -0.005612 0.990772 0.135423 0.040313 -0.026933 -0.135526 0.990408 0.011037 0.0 0.0 0.0 1.0
LeftShoulder 0.306277 0.857861 -0.412637 0.07447 0.016667 -0.438234 -0.898706 0.122371 -0.951796 0.268375 -0.148519 2.82E-4 0.0 0.0 0.0 1.0
LeftArm 0.9409 -0.062319 0.332901 -0.0 0.311133 0.54736 -0.776913 0.155382 -0.1338 0.834574 0.534401 0.0 0.0 0.0 0.0 1.0
LeftForeArm 0.999436 -0.033388 -0.003463 0.0 0.033389 0.999442 4.18E-4 0.248813 0.003447 -5.33E-4 0.999994 0.0 0.0 0.0 0.0 1.0
LeftHand 0.812224 -0.081302 -0.577652 0.0 0.020318 0.993582 -0.111274 0.225832 0.582991 0.078642 0.808663 0.0 0.0 0.0 0.0 1.0
LeftHandThumb1 0.812378 -0.411646 0.413024 -0.024222 0.530525 0.815735 -0.230478 0.018653 -0.242042 0.406355 0.881074 0.022191 0.0 0.0 0.0 1.0
LeftHandThumb2 0.829196 0.530249 0.17683 5.35E-4 -0.539644 0.841872 0.006046 0.030217 -0.145662 -0.100438 0.984223 0.0 0.0 0.0 0.0 1.0
LeftHandThumb3 0.987997 0.060709 -0.142047 -4.89E-4 -0.023797 0.968378 0.24835 0.043101 0.152632 -0.241989 0.958199 0.0 0.0 0.0 0.0 1.0
LeftHandIndex1 0.999123 -0.041031 -0.008293 0.0 0.039789 0.992402 -0.116426 0.113343 0.013007 0.115994 0.993165 -5.0E-6 0.0 0.0 0.0 1.0
LeftHandIndex2 0.998444 0.053254 -0.016537 0.001041 -0.055758 0.949438 -0.308963 0.032903 -7.53E-4 0.309404 0.95093 -0.0 0.0 0.0 0.0 1.0
LeftHandIndex3 0.986334 0.164181 -0.013744 0.001107 -0.164109 0.971654 -0.170165 0.033648 -0.014583 0.170095 0.98532 0.0 0.0 0.0 0.0 1.0
RightShoulder 0.270443 -0.849474 0.45305 -0.07447 -0.019226 -0.475257 -0.879637 0.12237 0.962544 0.229181 -0.144863 1.76E-4 0.0 0.0 0.0 1.0
RightArm 0.86714 0.04667 -0.495873 -0.0 -0.398802 0.661483 -0.635135 0.155382 0.29837 0.748506 0.592211 0.0 0.0 0.0 0.0 1.0
RightForeArm 0.993121 0.11705 0.003063 0.0 -0.117055 0.993124 0.001578 0.248824 -0.002857 -0.001925 0.999994 -0.0 0.0 0.0 0.0 1.0
RightHand 0.935811 0.034057 0.350854 -0.0 0.007477 0.99318 -0.116351 0.225701 -0.352424 0.111506 0.929174 -0.0 0.0 0.0 0.0 1.0
RightHandThumb1 0.791526 0.480159 -0.378066 0.023976 -0.581145 0.782784 -0.222531 0.019052 0.189094 0.39585 0.898636 0.017779 0.0 0.0 0.0 1.0
RightHandThumb2 0.734466 -0.662002 -0.14938 -0.001245 0.665767 0.745534 -0.03054 0.028301 0.131585 -0.077021 0.988308 -0.0 0.0 0.0 0.0 1.0
RightHandThumb3 0.988532 -0.03137 0.147717 0.002262 -0.014141 0.954659 0.297367 0.044358 -0.150348 -0.296046 0.943267 -0.0 0.0 0.0 0.0 1.0
RightHandIndex1 0.99875 0.049548 -0.006581 -0.0 -0.049978 0.987975 -0.146314 0.112301 -7.48E-4 0.14646 0.989216 3.4E-5 0.0 0.0 0.0 1.0
RightHandIndex2 0.999339 -0.030202 0.020245 -0.001192 0.035255 0.94107 -0.336371 0.035377 -0.008893 0.336862 0.941512 0.0 0.0 0.0 0.0 1.0
RightHandIndex3 0.982518 -0.184988 0.020945 -0.00124 0.185744 0.966436 -0.177487 0.032704 0.012591 0.178274 0.9839 -0.0 0.0 0.0 0.0 1.0
LeftUpLeg -0.952602 0.161141 0.258037 0.078926 -0.121181 -0.978989 0.163999 -0.051168 0.279043 0.124957 0.952114 0.016768 0.0 0.0 0.0 1.0
LeftLeg 0.996491 -0.073629 -0.039814 0.0 0.081215 0.965614 0.246967 0.449901 0.020261 -0.249334 0.968206 0.0 0.0 0.0 0.0 1.0
LeftFoot 0.98848 0.12143 -0.090348 0.0 -0.144963 0.587947 -0.795804 0.403843 -0.043515 0.799733 0.598776 0.0 0.0 0.0 0.0 1.0
LeftToeBase 0.973904 0.140147 0.178521 0.0 0.020653 0.728587 -0.684642 0.212853 -0.226019 0.670463 0.706679 0.0 0.0 0.0 0.0 1.0
RightUpLeg -0.982303 0.054852 -0.179084 -0.078926 -0.053173 -0.998485 -0.014165 -0.051168 -0.17959 -0.004392 0.983732 0.021155 0.0 0.0 0.0 1.0
RightLeg 0.983378 0.050636 0.174367 0.0 -0.084705 0.977361 0.193885 0.450627 -0.160602 -0.205432 0.965404 0.0 0.0 0.0 0.0 1.0
RightFoot 0.997375 -0.051178 0.051216 0.0 0.070296 0.515072 -0.854259 0.403185 0.017339 0.855618 0.517318 -0.0 0.0 0.0 0.0 1.0
RightToeBase 0.974261 -0.140728 -0.1761 -0.0 -0.030565 0.691515 -0.721715 0.209681 0.223341 0.708522 0.669415 0.0 0.0 0.0 0.0 1.0
Time 0.066667
Hips 0.995961 0.039879 -0.080445 -0.004057 -0.034878 0.997426 0.062645 1.027453 0.082736 -0.059587 0.994789 -0.017241 0.0 0.0 0.0 1.0
Spine 0.999119 -0.032124 0.026988 0.0 0.033975 0.996882 -0.071217 0.092381 -0.024616 0.072072 0.997096 0.001307 0.0 0.0 0.0 1.0
Spine1 0.999727 -0.022658 0.00576 0.0 0.022767 0.999546 -0.019717 0.107789 -0.00531 0.019843 0.999789 0.0 0.0 0.0 0.0 1.0
Spine2 0.999725 -0.022626 0.006182 0.0 0.022742 0.999554 -0.019356 0.123187 -0.005742 0.019491 0.999794 0.0 0.0 0.0 0.0 1.0
Neck 0.999978 -0.006618 9.21E-4 0.0 0.006671 0.996672 -0.081247 0.138586 -3.8E-4 0.081252 0.996694 -0.0 0.0 0.0 0.0 1.0
Head 0.99952 0.002321 0.030902 -0.0 -0.006612 0.990205 0.139465 0.040313 -0.030275 -0.139602 0.989745 0.011037 0.0 0.0 0.0 1.0
LeftShoulder 0.306143 0.857833 -0.412793 0.07447 0.016661 -0.438374 -0.898638 0.122371 -0.95184 0.268234 -0.148498 2.82E-4 0.0 0.0 0.0 1.0
LeftArm 0.947129 -0.058538 0.315467 0.0 0.293264 0.556812 -0.777147 0.155382 -0.130163 0.828573 0.54454 0.0 0.0 0.0 0.0 1.0
LeftForeArm 0.999136 -0.041423 -0.003467 0.0 0.041425 0.999141 5.15E-4 0.248813 0.003443 -6.59E-4 0.999994 0.0 0.0 0.0 0.0 1.0
LeftHand 0.833376 -0.082627 -0.546496 0.0 0.024215 0.993271 -0.113252 0.225832 0.552176 0.081148 0.829769 0.0 0.0 0.0 0.0 1.0
LeftHandThumb1 0.809759 -0.415431 0.414375 -0.024222 0.534119 0.81424 -0.227443 0.018653 -0.242914 0.4055 0.881228 0.022191 0.0 0.0 0.0 1.0
LeftHandThumb2 0.84282 0.510404 0.170711 5.35E-4 -0.518753 0.854909 0.005072 0.030217 -0.143353 -0.092832 0.985308 0.0 0.0 0.0 0.0 1.0
LeftHandThumb3 0.988516 0.058648 -0.13927 -4.89E-4 -0.021191 0.966309 0.256512 0.043101 0.149622 -0.250615 0.956455 0.0 0.0 0.0 0.0 1.0
LeftHandIndex1 0.999007 -0.044107 -0.006266 0.0 0.043263 0.994067 -0.099798 0.113343 0.010631 0.099428 0.994988 -5.0E-6 0.0 0.0 0.0 1.0
LeftHandIndex2 0.998288 0.055705 -0.017838 0.001041 -0.058481 0.944594 -0.32299 0.032903 -0.001142 0.323481 0.946234 -0.0 0.0 0.0 0.0 1.0
LeftHandIndex3 0.985346 0.169819 -0.015968 0.001107 -0.169512 0.96454 -0.202308 0.033648 -0.018954 0.20205 0.979192 0.0 0.0 0.0 0.0 1.0
RightShoulder 0.270397 -0.849695 0.452663 -0.07447 -0.019286 -0.474863 -0.879848 0.12237 0.962556 0.229178 -0.144788 1.76E-4 0.0 0.0 0.0 1.0
RightArm 0.875018 0.043264 -0.482153 0.0 -0.384299 0.667751 -0.637514 0.155382 0.294377 0.743127 0.60092 0.0 0.0 0.0 0.0 1.0
RightForeArm 0.993054 0.117621 0.003064 0.0 -0.117626 0.993057 0.001585 0.248824 -0.002856 -0.001935 0.999994 -0.0 0.0 0.0 0.0 1.0
RightHand 0.946237 0.034449 0.321634 0.0 0.002748 0.993421 -0.114488 0.225701 -0.323462 0.109217 0.939917 -0.0 0.0 0.0 0.0 1.0
RightHandThumb1 0.791526 0.480159 -0.378066 0.023976 -0.581145 0.782784 -0.222531 0.019052 0.189094 0.39585 0.898636 0.017779 0.0 0.0 0.0 1.0
RightHandThumb2 0.734467 -0.661999 -0.149381 -0.001245 0.665765 0.745536 -0.03054 0.028301 0.131586 -0.077022 0.988308 -0.0 0.0 0.0 0.0 1.0
RightHandThumb3 0.988532 -0.031368 0.147717 0.002262 -0.014143 0.954659 0.297367 0.044358 -0.150347 -0.296046 0.943267 -0.0 0.0 0.0 0.0 1.0
RightHandIndex1 0.998898 0.046491 -0.006372 0.0 -0.046892 0.98377 -0.173198 0.112301 -0.001784 0.173306 0.984866 3.4E-5 0.0 0.0 0.0 1.0
RightHandIndex2 0.999168 -0.033621 0.023088 -0.001192 0.039821 0.926519 -0.374134 0.035377 -0.008812 0.374742 0.927087 0.0 0.0 0.0 0.0 1.0
RightHandIndex3 0.981745 -0.188781 0.023223 -0.00124 0.189306 0.957949 -0.21563 0.032704 0.01846 0.21609 0.976199 0.0 0.0 0.0 0.0 1.0
LeftUpLeg -0.953767 0.151863 0.259358 0.078926 -0.111018 -0.979937 0.165528 -0.051168 0.279292 0.129082 0.95149 0.016768 0.0 0.0 0.0 1.0
LeftLeg 0.996573 -0.073591 -0.037767 -0.0 0.080811 0.963641 0.254686 0.449901 0.017651 -0.256865 0.966286 -0.0 0.0 0.0 0.0 1.0
LeftFoot 0.988093 0.125113 -0.089549 0.0 -0.146306 0.583941 -0.798503 0.403843 -0.047612 0.802097 0.595293 0.0 0.0 0.0 0.0 1.0
LeftToeBase 0.973899 0.140157 0.178542 0.0 0.020779 0.728235 -0.685013 0.212853 -0.22603 0.670843 0.706314 0.0 0.0 0.0 0.0 1.0
RightUpLeg -0.983017 0.040914 -0.178898 -0.078926 -0.043633 -0.998984 0.011289 -0.051168 -0.178254 0.018903 0.983803 0.021155 0.0 0.0 0.0 1.0
RightLeg 0.983106 0.050858 0.175828 0.0 -0.093592 0.965221 0.244109 0.450627 -0.157298 -0.256441 0.953675 0.0 0.0 0.0 0.0 1.0
RightFoot 0.997141 -0.045865 0.060046 0.0 0.074834 0.489716 -0.868665 0.403185 0.010436 0.870675 0.491748 -0.0 0.0 0.0 0.0 1.0
RightToeBase 0.974245 -0.140758 -0.176164 -0.0 -0.030938 0.690414 -0.722752 0.209681 0.223359 0.709588 0.668278 0.0 0.0 0.0 0.0 1.0
Time 0.1
Hips 0.996783 0.026748 -0.075549 -0.006585 -0.022089 0.997841 0.061853 1.025893 0.077041 -0.059985 0.995222 -0.015589 0.0 0.0 0.0 1.0
Spine 0.999341 -0.024352 0.026918 0.0 0.026219 0.997107 -0.071352 0.092381 -0.025103 0.072011 0.997088 0.001307 0.0 0.0 0.0 1.0
Spine1 0.999777 -0.020352 0.0056 -0.0 0.020458 0.9996 -0.019515 0.107789 -0.0052 0.019626 0.999794 0.0 0.0 0.0 0.0 1.0
Spine2 0.999775 -0.020325 0.005995 -0.0 0.020437 0.999607 -0.01917 0.123187 -0.005603 0.019289 0.999798 0.0 0.0 0.0 0.0 1.0
Neck 0.99998 -0.005888 0.002211 0.0 0.006049 0.996616 -0.081978 0.138586 -0.001721 0.081989 0.996632 -0.0 0.0 0.0 0.0 1.0
Head 0.999384 0.002787 0.034988 0.0 -0.007841 0.98938 0.145142 0.040313 -0.034212 -0.145327 0.988792 0.011037 0.0 0.0 0.0 1.0
LeftShoulder 0.305826 0.857861 -0.412971 0.07447 0.016689 -0.438517 -0.898568 0.122371 -0.951941 0.267914 -0.148427 2.82E-4 0.0 0.0 0.0 1.0
LeftArm 0.952789 -0.054752 0.298655 0.0 0.275962 0.566397 -0.776556 0.155382 -0.12664 0.822312 0.554767 0.0 0.0 0.0 0.0 1.0
LeftForeArm 0.998781 -0.049231 -0.003472 0.0 0.049233 0.998787 6.09E-4 0.248813 0.003438 -7.79E-4 0.999994 0.0 0.0 0.0 0.0 1.0
LeftHand 0.853294 -0.084713 -0.514503 0.0 0.029197 0.992929 -0.115064 0.225832 0.520612 0.083161 0.849734 0.0 0.0 0.0 0.0 1.0
LeftHandThumb1 0.807243 -0.419044 0.415646 -0.024222 0.537538 0.812796 -0.224533 0.018653 -0.243747 0.404678 0.881376 0.022191 0.0 0.0 0.0 1.0
LeftHandThumb2 0.856646 0.488622 0.165547 5.35E-4 -0.496053 0.868283 0.004104 0.030217 -0.141736 -0.085636 0.986193 0.0 0.0 0.0 0.0 1.0
LeftHandThumb3 0.989114 0.054943 -0.136513 -4.89E-4 -0.017002 0.96414 0.264849 0.043101 0.146169 -0.259644 0.954578 0.0 0.0 0.0 0.0 1.0
LeftHandIndex1 0.998839 -0.047995 -0.004231 0.0 0.047506 0.995684 -0.079724 0.113343 0.008039 0.07943 0.996808 -5.0E-6 0.0 0.0 0.0 1.0
LeftHandIndex2 0.998149 0.057776 -0.018994 0.001041 -0.0608 0.940293 -0.334891 0.032903 -0.001489 0.335426 0.942065 -0.0 0.0 0.0 0.0 1.0
LeftHandIndex3 0.984389 0.175053 -0.018273 0.001107 -0.174472 0.956877 -0.232262 0.033648 -0.023173 0.231825 0.972482 0.0 0.0 0.0 0.0 1.0
RightShoulder 0.270306 -0.850072 0.452009 -0.07447 -0.019372 -0.474192 -0.880208 0.12237 0.96258 0.229169 -0.144644 1.76E-4 0.0 0.0 0.0 1.0
RightArm 0.88277 0.040636 -0.468045 -0.0 -0.370296 0.673307 -0.639952 0.155382 0.289133 0.738245 0.609423 0.0 0.0 0.0 0.0 1.0
RightForeArm 0.9931 0.11723 0.003063 0.0 -0.117235 0.993103 0.00158 0.248824 -0.002857 -0.001929 0.999994 0.0 0.0 0.0 0.0 1.0
RightHand 0.956024 0.034149 0.291294 0.0 -0.001678 0.993819 -0.110997 0.225701 -0.293284 0.105627 0.950172 -0.0 0.0 0.0 0.0 1.0
RightHandThumb1 0.791527 0.480157 -0.378065 0.023976 -0.581144 0.782784 -0.222532 0.019052 0.189093 0.39585 0.898636 0.017779 0.0 0.0 0.0 1.0
RightHandThumb2 0.734458 -0.66201 -0.149381 -0.001245 0.665775 0.745527 -0.030541 0.028301 0.131586 -0.077023 0.988308 -0.0 0.0 0.0 0.0 1.0
RightHandThumb3 0.988532 -0.031369 0.147719 0.002262 -0.014142 0.954659 0.297365 0.044358 -0.150349 -0.296044 0.943267 0.0 0.0 0.0 0.0 1.0
RightHandIndex1 0.999045 0.043285 -0.005994 -0.0 -0.043604 0.978463 -0.201766 0.112301 -0.002869 0.201835 0.979415 3.4E-5 0.0 0.0 0.0 1.0
RightHandIndex2 0.998973 -0.037006 0.026126 -0.001192 0.044492 0.909968 -0.412285 0.035377 -0.008517 0.413024 0.91068 0.0 0.0 0.0 0.0 1.0
RightHandIndex3 0.980965 -0.192483 0.025669 -0.00124 0.192637 0.947931 -0.253611 0.032704 0.024484 0.253728 0.966966 0.0 0.0 0.0 0.0 1.0
LeftUpLeg -0.954823 0.141922 0.261095 0.078926 -0.100398 -0.980989 0.166075 -0.051168 0.279701 0.132359 0.95092 0.016768 0.0 0.0 0.0 1.0
LeftLeg 0.996658 -0.073622 -0.035392 -0.0 0.080349 0.961643 0.262272 0.449901 0.014726 -0.264239 0.964345 0.0 0.0 0.0 0.0 1.0
LeftFoot 0.987681 0.12861 -0.089134 0.0 -0.147789 0.579513 -0.80145 0.403843 -0.05142 0.804751 0.591382 0.0 0.0 0.0 0.0 1.0
LeftToeBase 0.973897 0.140161 0.178551 0.0 0.020832 0.728088 -0.685167 0.212853 -0.226034 0.671001 0.706163 0.0 0.0 0.0 0.0 1.0
RightUpLeg -0.983861 0.026779 -0.176917 -0.078926 -0.033382 -0.998849 0.034453 -0.051168 -0.175791 0.039803 0.983623 0.021155 0.0 0.0 0.0 1.0
RightLeg 0.982934 0.051018 0.17674 -0.0 -0.101571 0.951558 0.290207 0.450627 -0.153373 -0.303206 0.940501 0.0 0.0 0.0 0.0 1.0
RightFoot 0.996839 -0.039702 0.068818 0.0 0.079395 0.465719 -0.881364 0.403185 0.002942 0.884042 0.467399 0.0 0.0 0.0 0.0 1.0
RightToeBase 0.974229 -0.140789 -0.176229 -0.0 -0.031322 0.689281 -0.723817 0.209681 0.223377 0.710683 0.667107 0.0 0.0 0.0 0.0 1.0
Time 0.133333
Hips 0.997392 0.012133 -0.071153 -0.009386 -0.007735 0.998061 0.061755 1.024129 0.071765 -0.061043 0.995552 -0.013778 0.0 0.0 0.0 1.0
Spine 0.999514 -0.015474 0.027047 0.0 0.017394 0.997237 -0.072222 0.092381 -0.025854 0.072658 0.997022 0.001307 0.0 0.0 0.0 1.0
Spine1 0.999826 -0.017843 0.005469 -0.0 0.017945 0.999654 -0.019209 0.107789 -0.005124 0.019304 0.999801 0.0 0.0 0.0 0.0 1.0
Spine2 0.999824 -0.01782 0.005832 -0.0 0.017927 0.999661 -0.018884 0.123187 -0.005494 0.018985 0.999805 0.0 0.0 0.0 0.0 1.0
Neck 0.999979 -0.005288 0.003718 -0.0 0.005588 0.996295 -0.085825 0.138586 -0.00325 0.085844 0.996303 -0.0 0.0 0.0 0.0 1.0
Head 0.999188 0.003625 0.040131 0.0 -0.009752 0.988092 0.153556 0.040313 -0.039096 -0.153823 0.987325 0.011037 0.0 0.0 0.0 1.0
LeftShoulder 0.305347 0.857831 -0.413387 0.07447 0.016706 -0.438879 -0.898391 0.122371 -0.952095 0.267415 -0.148341 2.82E-4 0.0 0.0 0.0 1.0
LeftArm 0.957706 -0.051957 0.283019 -0.0 0.260198 0.576344 -0.774677 0.155382 -0.122866 0.815554 0.565487 0.0 0.0 0.0 0.0 1.0
LeftForeArm 0.998466 -0.05525 -0.003476 -0.0 0.055253 0.998472 6.78E-4 0.248813 0.003433 -8.69E-4 0.999994 0.0 0.0 0.0 0.0 1.0
LeftHand 0.871726 -0.08877 -0.481886 -0.0 0.036925 0.992557 -0.116047 0.225832 0.488601 0.083368 0.868515 0.0 0.0 0.0 0.0 1.0
LeftHandThumb1 0.804908 -0.422373 0.416802 -0.024222 0.540679 0.811452 -0.221836 0.018653 -0.244518 0.403914 0.881513 0.022191 0.0 0.0 0.0 1.0
LeftHandThumb2 0.871008 0.463831 0.161883 5.35E-4 -0.470519 0.882383 0.003395 0.030217 -0.141268 -0.079126 0.986804 0.0 0.0 0.0 0.0 1.0
LeftHandThumb3 0.989816 0.04854 -0.133819 -4.89E-4 -0.010192 0.96182 0.273493 0.043101 0.141985 -0.269344 0.95252 -0.0 0.0 0.0 0.0 1.0
LeftHandIndex1 0.99858 -0.053227 -0.002248 0.0 0.053028 0.997134 -0.053957 0.113343 0.005113 0.053762 0.998541 -5.0E-6 0.0 0.0 0.0 1.0
LeftHandIndex2 0.998046 0.059247 -0.019827 0.001041 -0.062451 0.937127 -0.343355 0.032903 -0.001763 0.343923 0.938996 -0.0 0.0 0.0 0.0 1.0
LeftHandIndex3 0.983526 0.179612 -0.020379 0.001107 -0.178716 0.949259 -0.258783 0.033648 -0.027136 0.258162 0.96572 0.0 0.0 0.0 0.0 1.0
RightShoulder 0.269958 -0.85084 0.450771 -0.07447 -0.019546 -0.472898 -0.8809 0.12237 0.962674 0.228995 -0.144293 1.76E-4 0.0 0.0 0.0 1.0
RightArm 0.890277 0.040072 -0.453654 -0.0 -0.35786 0.67766 -0.642427 0.155382 0.28168 0.734283 0.617645 0.0 0.0 0.0 0.0 1.0
RightForeArm 0.993408 0.114589 0.003059 0.0 -0.114594 0.993411 0.001546 0.248824 -0.002862 -0.001886 0.999994 0.0 0.0 0.0 0.0 1.0
RightHand 0.965425 0.032569 0.25864 0.0 -0.005232 0.994386 -0.105687 0.225701 -0.26063 0.10068 0.960175 -0.0 0.0 0.0 0.0 1.0
RightHandThumb1 0.791529 0.480155 -0.378065 0.023976 -0.581142 0.782785 -0.222533 0.019052 0.189093 0.395851 0.898636 0.017779 0.0 0.0 0.0 1.0
RightHandThumb2 0.734436 -0.662034 -0.149378 -0.001245 0.6658 0.745505 -0.030544 0.028301 0.131584 -0.077023 0.988308 -0.0 0.0 0.0 0.0 1.0
RightHandThumb3 0.988531 -0.031376 0.147721 0.002262 -0.014135 0.95466 0.297363 0.044358 -0.150353 -0.29604 0.943268 0.0 0.0 0.0 0.0 1.0
RightHandIndex1 0.999193 0.039794 -0.005374 -0.0 -0.039949 0.971554 -0.233423 0.112301 -0.004068 0.23345 0.97236 3.4E-5 0.0 0.0 0.0 1.0
RightHandIndex2 0.99875 -0.040459 0.029351 -0.001192 0.049358 0.890901 -0.451508 0.035377 -0.007882 0.452392 0.891784 0.0 0.0 0.0 0.0 1.0
RightHandIndex3 0.980198 -0.196007 0.028175 -0.00124 0.195618 0.936352 -0.291511 0.032704 0.030756 0.29125 0.956153 -0.0 0.0 0.0 0.0 1.0
LeftUpLeg -0.955842 0.130563 0.263288 0.078926 -0.088797 -0.982328 0.164762 -0.051168 0.280147 0.134107 0.950544 0.016768 0.0 0.0 0.0 1.0
LeftLeg 0.996747 -0.073784 -0.032418 0.0 0.079802 0.959781 0.269171 0.449901 0.011254 -0.270882 0.962547 0.0 0.0 0.0 0.0 1.0
LeftFoot 0.987271 0.131647 -0.089248 -0.0 -0.149352 0.574452 -0.804798 0.403843 -0.05468 0.807883 0.586801 0.0 0.0 0.0 0.0 1.0
LeftToeBase 0.973905 0.140146 0.178518 -0.0 0.020633 0.728643 -0.684583 0.212853 -0.226017 0.670402 0.706737 0.0 0.0 0.0 0.0 1.0
RightUpLeg -0.984997 0.012074 -0.172147 -0.078926 -0.021706 -0.998295 0.05418 -0.051168 -0.1712 0.057103 0.98358 0.021155 0.0 0.0 0.0 1.0
RightLeg 0.982989 0.051207 0.176382 0.0 -0.108163 0.937548 0.330612 0.450627 -0.148437 -0.344066 0.927138 -0.0 0.0 0.0 0.0 1.0
RightFoot 0.996437 -0.032963 0.077626 0.0 0.084181 0.444295 -0.891917 0.403185 -0.005089 0.895274 0.445487 0.0 0.0 0.0 0.0 1.0
RightToeBase 0.974207 -0.14083 -0.176316 -0.0 -0.031832 0.68777 -0.72523 0.209681 0.223399 0.712137 0.665548 -0.0 0.0 0.0 0.0 1.0
Time 0.166667
Hips 0.997735 -0.003314 -0.06719 -0.012386 0.007501 0.998038 0.062155 1.022231 0.066852 -0.062518 0.995802 -0.011849 0.0 0.0 0.0 1.0
Spine 0.999609 -0.005944 0.027327 -0.0 0.007939 0.997264 -0.073495 0.092381 -0.026816 0.073684 0.996921 0.001307 0.0 0.0 0.0 1.0
Spine1 0.99987 -0.015207 0.005363 0.0 0.015305 0.999705 -0.01884 0.107789 -0.005075 0.01892 0.999808 0.0 0.0 0.0 0.0 1.0
Spine2 0.999868 -0.015188 0.005691 -0.0 0.015291 0.999711 -0.018537 0.123187 -0.005408 0.018622 0.999812 0.0 0.0 0.0 0.0 1.0
Neck 0.999975 -0.004674 0.005371 0.0 0.005147 0.995771 -0.091721 0.138586 -0.00492 0.091747 0.99577 -0.0 0.0 0.0 0.0 1.0
Head 0.998935 0.004429 0.045919 0.0 -0.011893 0.986459 0.163575 0.040313 -0.044573 -0.163947 0.985462 0.011037 0.0 0.0 0.0 1.0
LeftShoulder 0.304684 0.857856 -0.413824 0.07447 0.016756 -0.439243 -0.898212 0.122371 -0.952306 0.266737 -0.148205 2.82E-4 0.0 0.0 0.0 1.0
LeftArm 0.962155 -0.049178 0.268029 0.0 0.245043 0.586433 -0.772043 0.155382 -0.119213 0.808503 0.57629 0.0 0.0 0.0 0.0 1.0
LeftForeArm 0.998129 -0.061042 -0.00348 0.0 0.061045 0.998135 7.48E-4 0.248813 0.003428 -9.59E-4 0.999994 0.0 0.0 0.0 0.0 1.0
LeftHand 0.888826 -0.093778 -0.448546 0.0 0.045896 0.992132 -0.116481 0.225832 0.45594 0.082945 0.886137 0.0 0.0 0.0 0.0 1.0
LeftHandThumb1 0.802681 -0.425529 0.417885 -0.024222 0.54365 0.810165 -0.219268 0.018653 -0.245251 0.403185 0.881643 0.022191 0.0 0.0 0.0 1.0
LeftHandThumb2 0.885258 0.437002 0.159207 5.35E-4 -0.443061 0.896487 0.00287 0.030217 -0.141473 -0.073079 0.987241 0.0 0.0 0.0 0.0 1.0
LeftHandThumb3 0.99052 0.040482 -0.131268 -4.89E-4 -0.001789 0.959312 0.282344 0.043101 0.137357 -0.279433 0.95029 0.0 0.0 0.0 0.0 1.0
LeftHandIndex1 0.998237 -0.059347 -5.06E-4 0.0 0.059316 0.997933 -0.024719 0.113343 0.001972 0.024646 0.999694 -5.0E-6 0.0 0.0 0.0 1.0
LeftHandIndex2 0.997967 0.060359 -0.020454 0.001041 -0.0637 0.934674 -0.349752 0.032903 -0.001993 0.350344 0.936619 -0.0 0.0 0.0 0.0 1.0
LeftHandIndex3 0.982715 0.183766 -0.0224 0.001107 -0.182521 0.94154 -0.283178 0.033648 -0.030948 0.282371 0.958806 0.0 0.0 0.0 0.0 1.0
RightShoulder 0.269565 -0.851761 0.449264 -0.07447 -0.019748 -0.471325 -0.881738 0.12237 0.96278 0.228814 -0.143873 1.76E-4 0.0 0.0 0.0 1.0
RightArm 0.897682 0.040368 -0.43879 -0.0 -0.345914 0.681424 -0.644984 0.155382 0.272965 0.730775 0.625666 0.0 0.0 0.0 0.0 1.0
RightForeArm 0.993817 0.110984 0.003054 0.0 -0.110989 0.993821 0.001497 0.248824 -0.002869 -0.001827 0.999994 0.0 0.0 0.0 0.0 1.0
RightHand 0.973917 0.030592 0.224834 0.0 -0.008439 0.995068 -0.098838 0.225701 -0.226749 0.094362 0.969371 -0.0 0.0 0.0 0.0 1.0
RightHandThumb1 0.791531 0.480152 -0.378064 0.023976 -0.581139 0.782787 -0.222536 0.019052 0.189092 0.395852 0.898635 0.017779 0.0 0.0 0.0 1.0
RightHandThumb2 0.734404 -0.662071 -0.149374 -0.001245 0.665836 0.745472 -0.03055 0.028301 0.13158 -0.077023 0.988309 -0.0 0.0 0.0 0.0 1.0
RightHandThumb3 0.988531 -0.031387 0.147723 0.002262 -0.014125 0.954661 0.297358 0.044358 -0.150359 -0.296034 0.943269 0.0 0.0 0.0 0.0 1.0
RightHandIndex1 0.999334 0.036203 -0.004503 -0.0 -0.036093 0.963127 -0.266617 0.112301 -0.005315 0.266602 0.963792 3.4E-5 0.0 0.0 0.0 1.0
RightHandIndex2 0.998498 -0.04385 0.032837 -0.001192 0.054329 0.869564 -0.490823 0.035377 -0.007031 0.49187 0.87064 0.0 0.0 0.0 0.0 1.0
RightHandIndex3 0.979422 -0.199454 0.030828 -0.00124 0.198368 0.923219 -0.329116 0.032704 0.037182 0.328459 0.943786 0.0 0.0 0.0 0.0 1.0
LeftUpLeg -0.956707 0.118528 0.265823 0.078926 -0.07674 -0.983729 0.162444 -0.051168 0.280752 0.135012 0.950237 0.016768 0.0 0.0 0.0 1.0
LeftLeg 0.996831 -0.074026 -0.029119 0.0 0.079196 0.957907 0.275938 0.449901 0.007467 -0.27737 0.960734 0.0 0.0 0.0 0.0 1.0
LeftFoot 0.986843 0.134487 -0.089749 0.0 -0.151056 0.568961 -0.808372 0.403843 -0.057652 0.811293 0.58179 0.0 0.0 0.0 0.0 1.0
LeftToeBase 0.973916 0.140125 0.178473 0.0 0.02036 0.729403 -0.683782 0.212853 -0.225994 0.66958 0.707524 0.0 0.0 0.0 0.0 1.0
RightUpLeg -0.98617 -0.002681 -0.165715 -0.078926 -0.009299 -0.997399 0.071475 -0.051168 -0.165476 0.072027 0.98358 0.021155 0.0 0.0 0.0 1.0
RightLeg 0.983171 0.051556 0.175263 0.0 -0.113848 0.923194 0.367084 0.450627 -0.142877 -0.38086 0.913527 0.0 0.0 0.0 0.0 1.0
RightFoot 0.995938 -0.025468 0.086363 0.0 0.08899 0.424429 -0.901078 0.403185 -0.013706 0.905103 0.424971 -0.0 0.0 0.0 0.0 1.0
RightToeBase 0.974185 -0.140872 -0.176405 -0.0 -0.032353 0.686225 -0.726669 0.209681 0.223421 0.713617 0.663953 -0.0 0.0 0.0 0.0 1.0
Time 0.2
Hips 0.997793 -0.018436 -0.063797 -0.01556 0.022451 0.997774 0.062799 1.020277 0.062497 -0.064093 0.995985 -0.009801 0.0 0.0 0.0 1.0
Spine 0.999606 0.003537 0.027848 0.0 -0.001451 0.997216 -0.074558 0.092381 -0.028035 0.074488 0.996828 0.001307 0.0 0.0 0.0 1.0
Spine1 0.999907 -0.012554 0.005294 -0.0 0.01265 0.999749 -0.018477 0.107789 -0.005061 0.018542 0.999815 0.0 0.0 0.0 0.0 1.0
Spine2 0.999906 -0.01254 0.005587 0.0 0.01264 0.999755 -0.018196 0.123187 -0.005358 0.018265 0.999819 0.0 0.0 0.0 0.0 1.0
Neck 0.999968 -0.003649 0.007115 0.0 0.004332 0.995126 -0.098517 0.138586 -0.006721 0.098545 0.99511 -0.0 0.0 0.0 0.0 1.0
Head 0.998654 0.004207 0.051698 0.0 -0.013131 0.984744 0.173516 0.040313 -0.050179 -0.173961 0.983473 0.011037 0.0 0.0 0.0 1.0
LeftShoulder 0.303586 0.858325 -0.413659 0.07447 0.017007 -0.438962 -0.898345 0.122371 -0.952652 0.26569 -0.14786 2.82E-4 0.0 0.0 0.0 1.0
LeftArm 0.966538 -0.043848 0.252747 -0.0 0.228332 0.596103 -0.769757 0.155382 -0.116911 0.80171 0.586168 0.0 0.0 0.0 0.0 1.0
LeftForeArm 0.997466 -0.071054 -0.003488 0.0 0.071057 0.997472 8.79E-4 0.248813 0.003417 -0.001125 0.999994 0.0 0.0 0.0 0.0 1.0
LeftHand 0.905119 -0.097089 -0.413925 -0.0 0.052405 0.99163 -0.118 0.225832 0.421916 0.085112 0.902631 0.0 0.0 0.0 0.0 1.0
LeftHandThumb1 0.800448 -0.428678 0.418948 -0.024222 0.546604 0.808867 -0.216697 0.018653 -0.24598 0.402454 0.881774 0.022191 0.0 0.0 0.0 1.0
LeftHandThumb2 0.898664 0.409672 0.156758 5.35E-4 -0.415123 0.909763 0.002244 0.030217 -0.141693 -0.06709 0.987634 0.0 0.0 0.0 0.0 1.0
LeftHandThumb3 0.991133 0.032317 -0.128885 -4.89E-4 0.006678 0.956631 0.291224 0.043101 0.132707 -0.289503 0.947933 0.0 0.0 0.0 0.0 1.0
LeftHandIndex1 0.997845 -0.065604 9.36E-4 0.0 0.065599 0.997835 0.004682 0.113343 -0.001242 -0.004611 0.999989 -5.0E-6 0.0 0.0 0.0 1.0
LeftHandIndex2 0.997887 0.061453 -0.021085 0.001041 -0.064932 0.932206 -0.356055 0.032903 -0.002225 0.356672 0.934227 -0.0 0.0 0.0 0.0 1.0
LeftHandIndex3 0.981882 0.18789 -0.024601 0.001107 -0.186275 0.933203 -0.3073 0.033648 -0.034781 0.306315 0.951295 0.0 0.0 0.0 0.0 1.0
RightShoulder 0.269715 -0.852289 0.448171 -0.07447 -0.019824 -0.470235 -0.882318 0.12237 0.962736 0.22909 -0.143725 1.76E-4 0.0 0.0 0.0 1.0
RightArm 0.905453 0.038785 -0.422671 0.0 -0.331855 0.685543 -0.647999 0.155382 0.264626 0.726999 0.633598 0.0 0.0 0.0 0.0 1.0
RightForeArm 0.994002 0.109323 0.003051 0.0 -0.109328 0.994005 0.001474 0.248824 -0.002872 -0.001799 0.999994 -0.0 0.0 0.0 0.0 1.0
RightHand 0.980804 0.029772 0.192711 0.0 -0.01262 0.995895 -0.089629 0.225701 -0.194588 0.085476 0.977154 -0.0 0.0 0.0 0.0 1.0
RightHandThumb1 0.791537 0.480146 -0.378061 0.023976 -0.581132 0.78279 -0.222542 0.019052 0.18909 0.395854 0.898635 0.017779 0.0 0.0 0.0 1.0
RightHandThumb2 0.734353 -0.662127 -0.149375 -0.001245 0.665892 0.745422 -0.030556 0.028301 0.13158 -0.077029 0.988308 -0.0 0.0 0.0 0.0 1.0
RightHandThumb3 0.988529 -0.031393 0.147729 0.002262 -0.014119 0.954664 0.297351 0.044358 -0.150367 -0.296026 0.94327 0.0 0.0 0.0 0.0 1.0
RightHandIndex1 0.999456 0.032788 -0.003491 -0.0 -0.032333 0.953788 -0.298736 0.112301 -0.006465 0.298686 0.954329 3.4E-5 0.0 0.0 0.0 1.0
RightHandIndex2 0.998225 -0.046992 0.036575 -0.001192 0.059232 0.846724 -0.528726 0.035377 -0.006123 0.529954 0.848004 0.0 0.0 0.0 0.0 1.0
RightHandIndex3 0.978615 -0.202914 0.033744 -0.00124 0.201021 0.9086 -0.366111 0.032704 0.043629 0.365064 0.929959 -0.0 0.0 0.0 0.0 1.0
LeftUpLeg -0.957172 0.107416 0.268858 0.078926 -0.065373 -0.984831 0.160731 -0.051168 0.282044 0.136271 0.949674 0.016768 0.0 0.0 0.0 1.0
LeftLeg 0.996903 -0.074225 -0.025987 -0.0 0.078554 0.955568 0.284111 0.449901 0.003745 -0.285273 0.958439 0.0 0.0 0.0 0.0 1.0
LeftFoot 0.986319 0.137744 -0.090566 0.0 -0.153218 0.563266 -0.811946 0.403843 -0.060828 0.814714 0.576664 0.0 0.0 0.0 0.0 1.0
LeftToeBase 0.973912 0.140133 0.178491 0.0 0.020471 0.729093 -0.684108 0.212853 -0.226003 0.669915 0.707204 0.0 0.0 0.0 0.0 1.0
RightUpLeg -0.987035 -0.016395 -0.159664 -0.078926 0.002421 -0.996177 0.087322 -0.051168 -0.160485 0.085804 0.983302 0.021155 0.0 0.0 0.0 1.0
RightLeg 0.983344 0.052113 0.174123 -0.0 -0.119166 0.908224 0.401158 0.450627 -0.137237 -0.415226 0.899307 -0.0 0.0 0.0 0.0 1.0
RightFoot 0.995362 -0.016168 0.094827 0.0 0.093242 0.404563 -0.909744 0.403185 -0.023655 0.914367 0.404194 -0.0 0.0 0.0 0.0 1.0
RightToeBase 0.974177 -0.140888 -0.176439 -0.0 -0.032548 0.685647 -0.727206 0.209681 0.223429 0.71417 0.663355 -0.0 0.0 0.0 0.0 1.0
Time 0.233333
Hips 0.997504 -0.031498 -0.063188 -0.019599 0.035545 0.997318 0.06398 1.018067 0.061003 -0.066066 0.995949 -0.007165 0.0 0.0 0.0 1.0
Spine 0.99948 0.012525 0.029709 0.0 -0.010286 0.99718 -0.074337 0.092381 -0.030556 0.073993 0.996791 0.001307 0.0 0.0 0.0 1.0
Spine1 0.999937 -0.009851 0.005401 -0.0 0.009948 0.999786 -0.018163 0.107789 -0.005221 0.018216 0.99982 -0.0 0.0 0.0 0.0 1.0
Spine2 0.999935 -0.009846 0.005663 -0.0 0.009946 0.99979 -0.01791 0.123187 -0.005486 0.017965 0.999824 0.0 0.0 0.0 0.0 1.0
Neck 0.999957 -5.04E-4 0.009289 -0.0 0.001518 0.993992 -0.109439 0.138586 -0.009178 0.109449 0.99395 -0.0 0.0 0.0 0.0 1.0
Head 0.99837 -9.68E-4 0.057064 -0.0 -0.00949 0.98312 0.182715 0.040313 -0.056278 -0.182959 0.981509 0.011037 0.0 0.0 0.0 1.0
LeftShoulder 0.300228 0.861132 -0.410261 0.07447 0.018317 -0.435228 -0.900134 0.122371 -0.953692 0.262731 -0.146441 2.82E-4 0.0 0.0 0.0 1.0
LeftArm 0.971495 -0.026393 0.235586 -0.0 0.203372 0.603427 -0.771048 0.155382 -0.121809 0.796981 0.591594 0.0 0.0 0.0 0.0 1.0
LeftForeArm 0.994612 -0.103607 -0.003524 -0.0 0.103612 0.994617 0.001282 0.248813 0.003372 -0.00164 0.999993 0.0 0.0 0.0 0.0 1.0
LeftHand 0.922522 -0.090326 -0.375226 0.0 0.04482 0.990723 -0.128297 0.225832 0.383334 0.101539 0.918012 0.0 0.0 0.0 0.0 1.0
LeftHandThumb1 0.798192 -0.431842 0.420003 -0.024222 0.549564 0.807552 -0.2141 0.018653 -0.246717 0.401712 0.881906 0.022191 0.0 0.0 0.0 1.0
LeftHandThumb2 0.91108 0.382188 0.154483 5.35E-4 -0.386983 0.922086 0.001046 0.030217 -0.142047 -0.060735 0.987995 0.0 0.0 0.0 0.0 1.0
LeftHandThumb3 0.991649 0.024336 -0.126651 -4.89E-4 0.014919 0.953796 0.300085 0.043101 0.128102 -0.299468 0.945467 0.0 0.0 0.0 0.0 1.0
LeftHandIndex1 0.997421 -0.071728 0.002365 0.0 0.071608 0.996866 0.033632 0.113343 -0.00477 -0.033376 0.999431 -5.0E-6 0.0 0.0 0.0 1.0
LeftHandIndex2 0.997802 0.062589 -0.021753 0.001041 -0.066215 0.929587 -0.362608 0.032903 -0.002474 0.363251 0.931688 -0.0 0.0 0.0 0.0 1.0
LeftHandIndex3 0.981031 0.191974 -0.026893 0.001107 -0.18993 0.924152 -0.331465 0.033648 -0.03878 0.330285 0.943084 0.0 0.0 0.0 0.0 1.0
RightShoulder 0.272773 -0.850676 0.449383 -0.07447 -0.019222 -0.471822 -0.881484 0.12237 0.961886 0.231807 -0.145052 1.76E-4 0.0 0.0 0.0 1.0
RightArm 0.915877 0.027468 -0.400517 0.0 -0.306875 0.691132 -0.654343 0.155382 0.258836 0.722207 0.641421 0.0 0.0 0.0 0.0 1.0
RightForeArm 0.992967 0.118354 0.003065 0.0 -0.118359 0.99297 0.001596 0.248824 -0.002855 -0.001947 0.999994 0.0 0.0 0.0 0.0 1.0
RightHand 0.984631 0.033688 0.171369 0.0 -0.022175 0.997394 -0.068659 0.225701 -0.173235 0.063804 0.982812 -0.0 0.0 0.0 0.0 1.0
RightHandThumb1 0.791558 0.480118 -0.37805 0.023976 -0.581106 0.782803 -0.222566 0.019052 0.189081 0.395861 0.898634 0.017779 0.0 0.0 0.0 1.0
RightHandThumb2 0.734212 -0.662277 -0.149405 -0.001245 0.666046 0.745285 -0.030566 0.028301 0.131592 -0.077068 0.988304 -0.0 0.0 0.0 0.0 1.0
RightHandThumb3 0.988527 -0.031374 0.14775 0.002262 -0.014141 0.954671 0.297327 0.044358 -0.15038 -0.296005 0.943274 0.0 0.0 0.0 0.0 1.0
RightHandIndex1 0.99955 0.029869 -0.002811 -0.0 -0.029154 0.944942 -0.325936 0.112301 -0.007079 0.325871 0.945388 3.4E-5 0.0 0.0 0.0 1.0
RightHandIndex2 0.997954 -0.049808 0.04009 -0.001192 0.063744 0.823881 -0.563166 0.035377 -0.004979 0.56457 0.82537 0.0 0.0 0.0 0.0 1.0
RightHandIndex3 0.977837 -0.206128 0.036676 -0.00124 0.203272 0.892742 -0.40211 0.032704 0.050144 0.400654 0.914856 0.0 0.0 0.0 0.0 1.0
LeftUpLeg -0.956198 0.101541 0.274544 0.078926 -0.057891 -0.98498 0.162672 -0.051168 0.286939 0.139653 0.947715 0.016768 0.0 0.0 0.0 1.0
LeftLeg 0.996974 -0.073993 -0.023834 0.0 0.077736 0.950811 0.299859 0.449901 4.74E-4 -0.300805 0.953686 -0.0 0.0 0.0 0.0 1.0
LeftFoot 0.985321 0.143283 -0.092806 0.0 -0.157776 0.556731 -0.815572 0.403843 -0.06519 0.818242 0.571165 -0.0 0.0 0.0 0.0 1.0
LeftToeBase 0.973821 0.140301 0.178853 0.0 0.022655 0.722985 -0.690493 0.212853 -0.226185 0.676468 0.700879 0.0 0.0 0.0 0.0 1.0
RightUpLeg -0.987095 -0.025447 -0.158099 -0.078926 0.010119 -0.995232 0.097012 -0.051168 -0.159814 0.09416 0.982646 0.021155 0.0 0.0 0.0 1.0
RightLeg 0.983692 0.053089 0.171848 0.0 -0.122819 0.896274 0.426155 0.450627 -0.131398 -0.440311 0.888178 0.0 0.0 0.0 0.0 1.0
RightFoot 0.994697 0.001026 0.102844 0.0 0.094529 0.384874 -0.918115 0.403185 -0.040524 0.922968 0.382736 0.0 0.0 0.0 0.0 1.0
RightToeBase 0.974242 -0.140763 -0.176175 -0.0 -0.031 0.690232 -0.722924 0.209681 0.223362 0.709764 0.66809 0.0 0.0 0.0 0.0 1.0
Time 0.266667
Hips 0.996717 -0.04597 -0.066655 -0.024024 0.050344 0.996582 0.065493 1.015611 0.063416 -0.068633 0.995624 -0.004243 0.0 0.0 0.0 1.0
Spine 0.999226 0.02428 0.030947 -0.0 -0.021954 0.99706 -0.073411 0.092381 -0.032639 0.072675 0.996821 0.001307 0.0 0.0 0.0 1.0
Spine1 0.999959 -0.007189 0.005433 -0.0 0.007285 0.999816 -0.017773 0.107789 -0.005305 0.017812 0.999827 0.0 0.0 0.0 0.0 1.0
Spine2 0.999958 -0.007191 0.005687 0.0 0.00729 0.999819 -0.017546 0.123187 -0.00556 0.017587 0.99983 0.0 0.0 0.0 0.0 1.0
Neck 0.999902 0.006151 0.012563 0.0 -0.004563 0.992432 -0.122711 0.138586 -0.013222 0.122642 0.992363 -0.0 0.0 0.0 0.0 1.0
Head 0.997791 -0.010168 0.065649 0.0 -0.002514 0.981728 0.190274 0.040313 -0.066384 -0.190019 0.979534 0.011037 0.0 0.0 0.0 1.0
LeftShoulder 0.300391 0.862863 -0.406489 0.07447 0.018867 -0.431463 -0.901933 0.122371 -0.95363 0.263263 -0.145888 2.82E-4 0.0 0.0 0.0 1.0
LeftArm 0.979849 -0.01971 0.198765 -0.0 0.170088 0.604057 -0.778579 0.155382 -0.10472 0.796697 0.595237 0.0 0.0 0.0 0.0 1.0
LeftForeArm 0.994245 -0.107076 -0.003528 0.0 0.107081 0.994249 0.001325 0.248813 0.003366 -0.001695 0.999993 0.0 0.0 0.0 0.0 1.0
LeftHand 0.93704 -0.109777 -0.331518 0.0 0.072114 0.989673 -0.123885 0.225832 0.341694 0.092179 0.93528 0.0 0.0 0.0 0.0 1.0
LeftHandThumb1 0.795869 -0.435081 0.421067 -0.024222 0.552586 0.806192 -0.211431 0.018653 -0.247471 0.400947 0.882043 0.022191 0.0 0.0 0.0 1.0
LeftHandThumb2 0.922344 0.355176 0.152094 5.35E-4 -0.359254 0.93324 -7.15E-4 0.030217 -0.142194 -0.053981 0.988366 0.0 0.0 0.0 0.0 1.0
LeftHandThumb3 0.992067 0.01711 -0.124544 -4.89E-4 0.022375 0.950845 0.308859 0.043101 0.123707 -0.309195 0.942918 0.0 0.0 0.0 0.0 1.0
LeftHandIndex1 0.996988 -0.077468 0.003699 0.0 0.0771 0.995162 0.060896 0.113343 -0.008399 -0.060427 0.998137 -5.0E-6 0.0 0.0 0.0 1.0
LeftHandIndex2 0.997702 0.063891 -0.022533 0.001041 -0.067691 0.926509 -0.370133 0.032903 -0.002771 0.370808 0.928706 -0.0 0.0 0.0 0.0 1.0
LeftHandIndex3 0.980134 0.196148 -0.029385 0.001107 -0.193612 0.914084 -0.356321 0.033648 -0.043032 0.354932 0.933901 0.0 0.0 0.0 0.0 1.0
RightShoulder 0.287584 -0.844697 0.451423 -0.07447 -0.016809 -0.475713 -0.87944 0.12237 0.957608 0.245325 -0.151006 1.76E-4 0.0 0.0 0.0 1.0
RightArm 0.920671 0.006519 -0.390286 0.0 -0.281934 0.702613 -0.653337 0.155382 0.269961 0.711543 0.648713 0.0 0.0 0.0 0.0 1.0
RightForeArm 0.990447 0.137856 0.003099 -0.0 -0.137862 0.99045 0.001858 0.248824 -0.002814 -0.002268 0.999993 0.0 0.0 0.0 0.0 1.0
RightHand 0.991125 0.027127 0.130139 0.0 -0.020604 0.998475 -0.05121 0.225701 -0.13133 0.048074 0.990172 -0.0 0.0 0.0 0.0 1.0
RightHandThumb1 0.791521 0.480166 -0.378069 0.023976 -0.581152 0.78278 -0.222524 0.019052 0.189096 0.395848 0.898636 0.017779 0.0 0.0 0.0 1.0
RightHandThumb2 0.734597 -0.661849 -0.149409 -0.001245 0.665618 0.745668 -0.030514 0.028301 0.131605 -0.077034 0.988305 -0.0 0.0 0.0 0.0 1.0
RightHandThumb3 0.988535 -0.031308 0.147707 0.002262 -0.0142 0.954652 0.297384 0.044358 -0.15032 -0.296072 0.943263 0.0 0.0 0.0 0.0 1.0
RightHandIndex1 0.999617 0.027573 -0.002492 -0.0 -0.026723 0.937393 -0.347246 0.112301 -0.007238 0.347179 0.937771 3.4E-5 0.0 0.0 0.0 1.0
RightHandIndex2 0.997691 -0.052244 0.04339 -0.001192 0.067807 0.801836 -0.593685 0.035377 -0.003776 0.595256 0.803527 0.0 0.0 0.0 0.0 1.0
RightHandIndex3 0.977077 -0.209156 0.039666 -0.00124 0.205223 0.875881 -0.436711 0.032704 0.056598 0.434841 0.898727 -0.0 0.0 0.0 0.0 1.0
LeftUpLeg -0.957862 0.094651 0.271185 0.078926 -0.050352 -0.984858 0.165892 -0.051168 0.28278 0.145247 0.948124 0.016768 0.0 0.0 0.0 1.0
LeftLeg 0.997033 -0.073661 -0.022332 0.0 0.076927 0.94368 0.321792 0.449901 -0.002629 -0.322555 0.946547 0.0 0.0 0.0 0.0 1.0
LeftFoot 0.984443 0.142156 -0.103265 0.0 -0.165428 0.55184 -0.817378 0.403843 -0.05921 0.821745 0.566771 0.0 0.0 0.0 0.0 1.0
