Root_Bone_Name Hips
Num_Keyframes 19
Num_Bones 34
Time_Wrapping_Mode LOOP
Time 0.0
Hips -0.97397 -0.096831 -0.204954 -0.141069 0.141122 -0.966595 -0.213961 0.766198 -0.177389 -0.237315 0.955099 -0.179845 0.0 0.0 0.0 1.0
Spine 0.977691 -0.165778 -0.128989 0.0 0.05625 0.7983 -0.599627 0.090819 0.202377 0.578994 0.789816 0.001036 0.0 0.0 0.0 1.0
Spine1 0.996785 -0.048658 -0.063655 0.0 0.048985 0.998793 0.003581 0.105963 0.063404 -0.006687 0.997966 0.0 0.0 0.0 0.0 1.0
Spine2 0.996704 -0.054712 -0.059893 -0.0 0.054945 0.998487 0.002254 0.1211 0.059679 -0.005537 0.998202 0.0 0.0 0.0 0.0 1.0
Neck 0.997916 -0.050624 0.039999 0.0 0.039396 0.969069 0.243624 0.136238 -0.051095 -0.24154 0.969045 -0.0 0.0 0.0 0.0 1.0
Head 0.940967 0.120813 0.316205 0.0 -0.113902 0.992673 -0.040321 0.048508 -0.31876 0.001924 0.947834 0.01342 0.0 0.0 0.0 1.0
LeftShoulder 0.351106 0.850605 -0.391403 0.074603 0.005494 -0.41988 -0.907563 0.120279 -0.93632 0.3165 -0.152096 2.36E-4 0.0 0.0 0.0 1.0
LeftArm 0.232874 -0.451788 -0.861195 -0.0 -0.024681 0.882511 -0.469644 0.157184 0.972194 0.130623 0.194363 -0.0 0.0 0.0 0.0 1.0
LeftForeArm -0.369157 -0.929213 -0.016919 -0.0 0.929235 -0.36935 0.010114 0.243319 -0.015648 -0.011988 0.999806 0.0 0.0 0.0 0.0 1.0
LeftHand 0.822855 0.030565 0.567428 -0.0 -0.051396 0.998463 0.020749 0.221022 -0.565922 -0.046237 0.823161 0.0 0.0 0.0 0.0 1.0
LeftHandThumb1 0.781155 -0.584142 0.220397 -0.026336 0.624169 0.738848 -0.254 0.025057 -0.014468 0.335979 0.941758 0.022961 0.0 0.0 0.0 1.0
LeftHandThumb2 0.781668 0.602131 -0.162584 0.00104 -0.621729 0.772946 -0.126522 0.034381 0.049485 0.199981 0.978549 0.0 0.0 0.0 0.0 1.0
LeftHandThumb3 0.980235 0.197818 -0.002586 -5.62E-4 -0.193811 0.96284 0.188085 0.044143 0.039697 -0.183866 0.982149 0.0 0.0 0.0 0.0 1.0
LeftHandIndex1 0.984708 -0.174004 -0.008506 0.0 0.174178 0.984304 0.028413 0.121989 0.003428 -0.02946 0.99956 6.0E-6 0.0 0.0 0.0 1.0
LeftHandIndex2 0.993963 0.098216 -0.048893 0.001042 -0.10849 0.81355 -0.571284 0.032932 -0.016333 0.57314 0.819295 0.0 0.0 0.0 0.0 1.0
LeftHandIndex3 0.971223 0.231146 -0.057429 0.001095 -0.221946 0.790862 -0.57033 0.03356 -0.086411 0.566664 0.819405 0.0 0.0 0.0 0.0 1.0
RightShoulder 0.219367 -0.866623 0.448155 -0.074603 -0.008292 -0.460983 -0.88737 0.120277 0.975607 0.190944 -0.10831 1.28E-4 0.0 0.0 0.0 1.0
RightArm 0.425123 0.748663 0.508698 0.0 -0.529446 0.661519 -0.531111 0.157184 -0.734137 -0.043541 0.677604 0.0 0.0 0.0 0.0 1.0
RightForeArm -0.097883 0.995099 0.014008 0.0 -0.995129 -0.098032 0.010394 0.243323 0.011716 -0.012922 0.999848 -0.0 0.0 0.0 0.0 1.0
RightHand 0.946462 0.271762 -0.174229 0.0 -0.223093 0.940732 0.255447 0.22105 0.233323 -0.202901 0.950995 -0.0 0.0 0.0 0.0 1.0
RightHandThumb1 0.696906 0.703471 -0.139461 0.024462 -0.715106 0.666929 -0.209352 0.024251 -0.054262 0.245628 0.967844 0.019483 0.0 0.0 0.0 1.0
RightHandThumb2 0.669533 -0.734207 0.112542 -0.002391 0.741961 0.653946 -0.147815 0.031569 0.03493 0.182469 0.982591 0.0 0.0 0.0 0.0 1.0
RightHandThumb3 0.954599 -0.296157 -0.03213 0.00241 0.297318 0.940476 0.164642 0.045062 -0.018542 -0.16672 0.98583 -0.0 0.0 0.0 0.0 1.0
RightHandIndex1 0.971832 0.235549 -0.007652 0.0 -0.234631 0.970076 0.062463 0.123753 0.022136 -0.058908 0.998018 1.2E-5 0.0 0.0 0.0 1.0
RightHandIndex2 0.997423 -0.061392 0.037127 -0.001174 0.071743 0.858449 -0.507857 0.035274 -6.93E-4 0.509212 0.860641 0.0 0.0 0.0 0.0 1.0
RightHandIndex3 0.976722 -0.209813 0.044632 -9.54E-4 0.203116 0.837712 -0.506934 0.031699 0.068972 0.5042 0.860828 0.0 0.0 0.0 0.0 1.0
LeftUpLeg -0.901262 0.351098 -0.253884 0.075562 -0.314154 -0.125996 0.940974 -0.050384 0.298386 0.927823 0.223854 0.016543 0.0 0.0 0.0 1.0
LeftLeg 0.985687 -0.032838 -0.165358 0.0 0.126625 -0.503344 0.854758 0.453272 -0.1113 -0.863462 -0.491982 -0.0 0.0 0.0 0.0 1.0
LeftFoot 0.985189 0.164684 -0.047775 0.0 -0.111336 0.402447 -0.908648 0.408386 -0.130413 0.900508 0.414822 0.0 0.0 0.0 0.0 1.0
LeftToeBase 0.97381 0.140886 0.178454 0.0 0.009246 0.75969 -0.650219 0.212811 -0.227177 0.63484 0.738491 0.0 0.0 0.0 0.0 1.0
RightUpLeg -0.880962 -0.451437 0.141812 -0.075562 0.346441 -0.411207 0.843142 -0.050384 -0.322311 0.791905 0.518654 0.020546 0.0 0.0 0.0 1.0
RightLeg 0.997658 -0.047506 0.04922 0.0 -0.030889 0.329146 0.943774 0.453812 -0.061035 -0.943083 0.326907 0.0 0.0 0.0 0.0 1.0
RightFoot 0.987956 0.017836 0.153706 0.0 0.096319 0.70654 -0.701088 0.407804 -0.121104 0.707448 0.696312 -0.0 0.0 0.0 0.0 1.0
RightToeBase 0.975092 -0.140185 -0.17188 -0.0 0.001181 0.77821 -0.628003 0.209222 0.221795 0.612158 0.758993 0.0 0.0 0.0 0.0 1.0
Time 0.033333
Hips -0.939299 -0.198596 0.279782 -0.22518 0.138499 -0.965532 -0.220379 0.766749 0.313905 -0.168252 0.934428 -0.154174 0.0 0.0 0.0 1.0
Spine 0.978062 -0.16214 -0.130788 0.0 0.051761 0.797306 -0.601352 0.090819 0.201782 0.58139 0.788207 0.001036 0.0 0.0 0.0 1.0
Spine1 0.996789 -0.048464 -0.063737 0.0 0.048713 0.99881 0.00236 0.105963 0.063547 -0.005457 0.997964 -0.0 0.0 0.0 0.0 1.0
Spine2 0.996711 -0.054439 -0.060034 0.0 0.054601 0.998508 0.001057 0.1211 0.059887 -0.004331 0.998196 0.0 0.0 0.0 0.0 1.0
Neck 0.997916 -0.050624 0.039999 0.0 0.039396 0.969069 0.243624 0.136238 -0.051095 -0.24154 0.969045 -0.0 0.0 0.0 0.0 1.0
Head 0.940967 0.120813 0.316205 0.0 -0.113902 0.992673 -0.040321 0.048508 -0.318759 0.001924 0.947834 0.01342 0.0 0.0 0.0 1.0
LeftShoulder 0.351106 0.850605 -0.391403 0.074603 0.005494 -0.41988 -0.907563 0.120279 -0.93632 0.3165 -0.152096 2.36E-4 0.0 0.0 0.0 1.0
LeftArm 0.229113 -0.452475 -0.861843 0.0 -0.019335 0.883105 -0.468778 0.157184 0.973208 0.124066 0.193582 -0.0 0.0 0.0 0.0 1.0
LeftForeArm -0.367083 -0.930035 -0.016897 0.0 0.930057 -0.367276 0.010123 0.243319 -0.015621 -0.011999 0.999806 0.0 0.0 0.0 0.0 1.0
LeftHand 0.822855 0.030564 0.567428 0.0 -0.051395 0.998463 0.020749 0.221022 -0.565922 -0.046237 0.823161 -0.0 0.0 0.0 0.0 1.0
LeftHandThumb1 0.781155 -0.584142 0.220397 -0.026336 0.624169 0.738848 -0.254 0.025057 -0.014468 0.335979 0.941758 0.022961 0.0 0.0 0.0 1.0
LeftHandThumb2 0.781667 0.602132 -0.162583 0.00104 -0.62173 0.772945 -0.126522 0.034381 0.049485 0.199981 0.978549 0.0 0.0 0.0 0.0 1.0
LeftHandThumb3 0.980235 0.197818 -0.002586 -5.62E-4 -0.193811 0.96284 0.188084 0.044143 0.039697 -0.183866 0.982149 0.0 0.0 0.0 0.0 1.0
LeftHandIndex1 0.984708 -0.174004 -0.008506 0.0 0.174178 0.984304 0.028413 0.121989 0.003429 -0.02946 0.99956 6.0E-6 0.0 0.0 0.0 1.0
LeftHandIndex2 0.993963 0.098216 -0.048892 0.001042 -0.10849 0.81355 -0.571284 0.032932 -0.016333 0.57314 0.819295 0.0 0.0 0.0 0.0 1.0
LeftHandIndex3 0.971223 0.231146 -0.057429 0.001095 -0.221945 0.790862 -0.57033 0.03356 -0.086411 0.566664 0.819405 0.0 0.0 0.0 0.0 1.0
RightShoulder 0.219355 -0.866849 0.447724 -0.074603 -0.00842 -0.460566 -0.887586 0.120277 0.975609 0.190926 -0.108327 1.28E-4 0.0 0.0 0.0 1.0
RightArm 0.420934 0.748087 0.513011 0.0 -0.529454 0.661846 -0.530696 0.157184 -0.736542 -0.048228 0.674671 0.0 0.0 0.0 0.0 1.0
RightForeArm -0.095567 0.995325 0.013984 0.0 -0.995354 -0.095716 0.010396 0.243323 0.011686 -0.012925 0.999848 -0.0 0.0 0.0 0.0 1.0
RightHand 0.946462 0.271762 -0.174229 0.0 -0.223093 0.940732 0.255447 0.22105 0.233323 -0.202901 0.950995 -0.0 0.0 0.0 0.0 1.0
RightHandThumb1 0.696907 0.703471 -0.139461 0.024462 -0.715106 0.666929 -0.209352 0.024251 -0.054262 0.245628 0.967844 0.019483 0.0 0.0 0.0 1.0
RightHandThumb2 0.669533 -0.734207 0.112543 -0.002391 0.741961 0.653946 -0.147815 0.031569 0.03493 0.182469 0.982591 -0.0 0.0 0.0 0.0 1.0
RightHandThumb3 0.954599 -0.296157 -0.03213 0.00241 0.297317 0.940476 0.164642 0.045062 -0.018542 -0.16672 0.98583 0.0 0.0 0.0 0.0 1.0
RightHandIndex1 0.971832 0.235548 -0.007652 0.0 -0.234631 0.970076 0.062463 0.123753 0.022136 -0.058908 0.998018 1.2E-5 0.0 0.0 0.0 1.0
RightHandIndex2 0.997423 -0.061393 0.037127 -0.001174 0.071743 0.858449 -0.507857 0.035274 -6.93E-4 0.509212 0.860641 0.0 0.0 0.0 0.0 1.0
RightHandIndex3 0.976722 -0.209813 0.044632 -9.54E-4 0.203116 0.837712 -0.506934 0.031699 0.068972 0.504199 0.860828 0.0 0.0 0.0 0.0 1.0
LeftUpLeg -0.905366 0.340352 -0.253916 0.075562 -0.300134 -0.089905 0.949651 -0.050384 0.300387 0.93599 0.183548 0.016543 0.0 0.0 0.0 1.0
LeftLeg 0.987489 -0.044919 -0.151153 -0.0 0.118544 -0.420634 0.899452 0.453272 -0.103982 -0.906118 -0.410046 0.0 0.0 0.0 0.0 1.0
LeftFoot 0.985235 0.163746 -0.05 0.0 -0.114427 0.412533 -0.903727 0.408386 -0.127355 0.896105 0.425179 -0.0 0.0 0.0 0.0 1.0
LeftToeBase 0.973858 0.140806 0.178254 0.0 0.008027 0.762892 -0.646477 0.212811 -0.227016 0.631007 0.741818 0.0 0.0 0.0 0.0 1.0
RightUpLeg -0.87188 -0.47021 0.136854 -0.075562 0.323931 -0.344154 0.881264 -0.050384 -0.36728 0.812688 0.452376 0.020546 0.0 0.0 0.0 1.0
RightLeg 0.997279 -0.048433 0.055583 0.0 -0.038736 0.297243 0.954016 0.453812 -0.062728 -0.953573 0.294558 0.0 0.0 0.0 0.0 1.0
RightFoot 0.986767 0.021644 0.160692 0.0 0.098235 0.708651 -0.698687 0.407804 -0.128997 0.705227 0.697147 0.0 0.0 0.0 0.0 1.0
RightToeBase 0.975038 -0.140263 -0.172124 0.0 -2.14E-4 0.774612 -0.632436 0.209222 0.222037 0.616686 0.755247 -0.0 0.0 0.0 0.0 1.0
Time 0.066667
Hips -0.675966 -0.233977 0.698803 -0.293398 0.089629 -0.967321 -0.237184 0.767349 0.731462 -0.097695 0.674847 -0.103693 0.0 0.0 0.0 1.0
Spine 0.978324 -0.158786 -0.132926 0.0 0.047231 0.796082 -0.603343 0.090819 0.201623 0.583986 0.786326 0.001036 0.0 0.0 0.0 1.0
Spine1 0.996795 -0.048232 -0.063816 0.0 0.048394 0.998828 0.001 0.105963 0.063693 -0.004085 0.997961 0.0 0.0 0.0 0.0 1.0
Spine2 0.996719 -0.054119 -0.060178 0.0 0.054201 0.99853 -2.76E-4 0.1211 0.060104 -0.002987 0.998188 0.0 0.0 0.0 0.0 1.0
Neck 0.997916 -0.050624 0.039999 0.0 0.039396 0.969069 0.243624 0.136238 -0.051095 -0.24154 0.969045 -0.0 0.0 0.0 0.0 1.0
Head 0.940967 0.120813 0.316205 0.0 -0.113902 0.992673 -0.040321 0.048508 -0.318759 0.001924 0.947834 0.01342 0.0 0.0 0.0 1.0
LeftShoulder 0.351106 0.850605 -0.391403 0.074603 0.005494 -0.41988 -0.907563 0.120279 -0.93632 0.3165 -0.152096 2.36E-4 0.0 0.0 0.0 1.0
LeftArm 0.221914 -0.453737 -0.863063 0.0 -0.009053 0.884136 -0.467143 0.157184 0.975024 0.111479 0.192094 -0.0 0.0 0.0 0.0 1.0
LeftForeArm -0.363105 -0.931596 -0.016853 -0.0 0.931618 -0.363297 0.01014 0.243319 -0.015569 -0.012019 0.999807 0.0 0.0 0.0 0.0 1.0
LeftHand 0.822855 0.030564 0.567428 0.0 -0.051395 0.998463 0.020749 0.221022 -0.565922 -0.046237 0.823161 0.0 0.0 0.0 0.0 1.0
LeftHandThumb1 0.781155 -0.584142 0.220397 -0.026336 0.624169 0.738848 -0.254 0.025057 -0.014468 0.335979 0.941758 0.022961 0.0 0.0 0.0 1.0
LeftHandThumb2 0.781667 0.602132 -0.162583 0.00104 -0.621729 0.772946 -0.126522 0.034381 0.049485 0.199981 0.978549 0.0 0.0 0.0 0.0 1.0
LeftHandThumb3 0.980235 0.197818 -0.002586 -5.62E-4 -0.193811 0.96284 0.188084 0.044143 0.039697 -0.183866 0.982149 0.0 0.0 0.0 0.0 1.0
LeftHandIndex1 0.984708 -0.174004 -0.008506 0.0 0.174178 0.984304 0.028413 0.121989 0.003429 -0.02946 0.99956 6.0E-6 0.0 0.0 0.0 1.0
LeftHandIndex2 0.993963 0.098216 -0.048893 0.001042 -0.10849 0.81355 -0.571285 0.032932 -0.016333 0.573141 0.819294 0.0 0.0 0.0 0.0 1.0
LeftHandIndex3 0.971223 0.231146 -0.057429 0.001095 -0.221945 0.790863 -0.57033 0.03356 -0.086411 0.566664 0.819405 0.0 0.0 0.0 0.0 1.0
RightShoulder 0.21933 -0.867281 0.446898 -0.074603 -0.008669 -0.459766 -0.887998 0.120277 0.975612 0.19089 -0.108359 1.28E-4 0.0 0.0 0.0 1.0
RightArm 0.412805 0.746949 0.521209 0.0 -0.529508 0.662414 -0.529933 0.157184 -0.741089 -0.057225 0.668963 0.0 0.0 0.0 0.0 1.0
RightForeArm -0.091129 0.995742 0.013937 0.0 -0.995771 -0.091277 0.010401 0.243323 0.011628 -0.012931 0.999849 -0.0 0.0 0.0 0.0 1.0
RightHand 0.946462 0.271762 -0.174229 0.0 -0.223093 0.940732 0.255447 0.22105 0.233323 -0.202901 0.950995 -0.0 0.0 0.0 0.0 1.0
RightHandThumb1 0.696907 0.703471 -0.139461 0.024462 -0.715106 0.666929 -0.209352 0.024251 -0.054262 0.245628 0.967844 0.019483 0.0 0.0 0.0 1.0
RightHandThumb2 0.669533 -0.734207 0.112542 -0.002391 0.741961 0.653946 -0.147815 0.031569 0.03493 0.182469 0.982591 -0.0 0.0 0.0 0.0 1.0
RightHandThumb3 0.954599 -0.296157 -0.03213 0.00241 0.297317 0.940476 0.164642 0.045062 -0.018542 -0.16672 0.98583 -0.0 0.0 0.0 0.0 1.0
RightHandIndex1 0.971832 0.235548 -0.007652 0.0 -0.234631 0.970076 0.062463 0.123753 0.022136 -0.058909 0.998018 1.2E-5 0.0 0.0 0.0 1.0
RightHandIndex2 0.997423 -0.061393 0.037127 -0.001174 0.071743 0.858449 -0.507857 0.035274 -6.93E-4 0.509212 0.860641 0.0 0.0 0.0 0.0 1.0
RightHandIndex3 0.976722 -0.209813 0.044632 -9.54E-4 0.203116 0.837712 -0.506934 0.031699 0.068972 0.5042 0.860828 -0.0 0.0 0.0 0.0 1.0
LeftUpLeg -0.908484 0.333473 -0.251898 0.075562 -0.287063 -0.059877 0.956039 -0.050384 0.30373 0.940856 0.150125 0.016543 0.0 0.0 0.0 1.0
LeftLeg 0.988819 -0.056373 -0.138058 0.0 0.112127 -0.329292 0.937547 0.453272 -0.098313 -0.942544 -0.319289 0.0 0.0 0.0 0.0 1.0
LeftFoot 0.985491 0.160502 -0.055203 0.0 -0.119161 0.422651 -0.898425 0.408386 -0.120867 0.891967 0.435644 -0.0 0.0 0.0 0.0 1.0
LeftToeBase 0.97389 0.140754 0.178122 0.0 0.007212 0.765023 -0.643962 0.212811 -0.226908 0.628433 0.744033 0.0 0.0 0.0 0.0 1.0
RightUpLeg -0.861845 -0.48834 0.136922 -0.075562 0.301971 -0.277188 0.91213 -0.050384 -0.407477 0.82746 0.386357 0.020546 0.0 0.0 0.0 1.0
RightLeg 0.996913 -0.04856 0.061698 -0.0 -0.046841 0.262817 0.963708 0.453812 -0.063013 -0.963623 0.259731 0.0 0.0 0.0 0.0 1.0
RightFoot 0.985594 0.024957 0.167274 -0.0 0.100061 0.711332 -0.695697 0.407804 -0.13635 0.702413 0.698588 0.0 0.0 0.0 0.0 1.0
RightToeBase 0.974988 -0.140337 -0.172349 -0.0 -0.001493 0.771292 -0.636479 0.209222 0.222253 0.620817 0.751791 0.0 0.0 0.0 0.0 1.0
Time 0.1
Hips -0.188692 -0.256559 0.947931 -0.323426 0.207598 -0.953877 -0.216845 0.768028 0.959843 0.155871 0.23325 -0.019963 0.0 0.0 0.0 1.0
Spine 0.978428 -0.156083 -0.135339 0.0 0.04294 0.79446 -0.605796 0.090819 0.202076 0.586916 0.784025 0.001036 0.0 0.0 0.0 1.0
Spine1 0.996805 -0.047939 -0.063885 0.0 0.048 0.998847 -5.75E-4 0.105963 0.063839 -0.002493 0.997957 0.0 0.0 0.0 0.0 1.0
Spine2 0.996732 -0.053725 -0.060323 -0.0 0.053713 0.998555 -0.001819 0.1211 0.060334 -0.001427 0.998177 0.0 0.0 0.0 0.0 1.0
Neck 0.997916 -0.050624 0.039998 0.0 0.039396 0.969069 0.243624 0.136238 -0.051094 -0.24154 0.969045 -0.0 0.0 0.0 0.0 1.0
Head 0.940967 0.120813 0.316205 0.0 -0.113902 0.992673 -0.040321 0.048508 -0.31876 0.001924 0.947834 0.01342 0.0 0.0 0.0 1.0
LeftShoulder 0.351106 0.850605 -0.391403 0.074603 0.005494 -0.41988 -0.907563 0.120279 -0.93632 0.3165 -0.152096 2.36E-4 0.0 0.0 0.0 1.0
LeftArm 0.20928 -0.455765 -0.865147 0.0 0.008987 0.885598 -0.464365 0.157184 0.977814 0.089407 0.189434 -0.0 0.0 0.0 0.0 1.0
LeftForeArm -0.356134 -0.934284 -0.016777 0.0 0.934307 -0.356325 0.01017 0.243319 -0.01548 -0.012054 0.999808 0.0 0.0 0.0 0.0 1.0
LeftHand 0.822855 0.030564 0.567428 -0.0 -0.051395 0.998463 0.020749 0.221022 -0.565922 -0.046237 0.823161 0.0 0.0 0.0 0.0 1.0
LeftHandThumb1 0.781155 -0.584142 0.220397 -0.026336 0.624169 0.738848 -0.254 0.025057 -0.014468 0.335979 0.941759 0.022961 0.0 0.0 0.0 1.0
LeftHandThumb2 0.781667 0.602132 -0.162583 0.00104 -0.621729 0.772946 -0.126522 0.034381 0.049485 0.199981 0.978549 0.0 0.0 0.0 0.0 1.0
LeftHandThumb3 0.980235 0.197818 -0.002586 -5.62E-4 -0.193811 0.96284 0.188084 0.044143 0.039696 -0.183866 0.982149 0.0 0.0 0.0 0.0 1.0
LeftHandIndex1 0.984708 -0.174004 -0.008506 0.0 0.174178 0.984304 0.028413 0.121989 0.003428 -0.02946 0.99956 6.0E-6 0.0 0.0 0.0 1.0
LeftHandIndex2 0.993963 0.098216 -0.048893 0.001042 -0.10849 0.81355 -0.571285 0.032932 -0.016333 0.573141 0.819294 0.0 0.0 0.0 0.0 1.0
LeftHandIndex3 0.971222 0.231147 -0.057429 0.001095 -0.221946 0.790863 -0.57033 0.03356 -0.086411 0.566664 0.819406 0.0 0.0 0.0 0.0 1.0
RightShoulder 0.219282 -0.868036 0.445453 -0.074603 -0.009104 -0.458365 -0.888717 0.120277 0.975619 0.190825 -0.108413 1.28E-4 0.0 0.0 0.0 1.0
RightArm 0.398312 0.744819 0.535342 -0.0 -0.529669 0.663265 -0.528706 0.157184 -0.748864 -0.072964 0.658694 0.0 0.0 0.0 0.0 1.0
RightForeArm -0.083364 0.996423 0.013856 0.0 -0.996452 -0.083511 0.010408 0.243323 0.011528 -0.012939 0.99985 -0.0 0.0 0.0 0.0 1.0
RightHand 0.946462 0.271762 -0.174229 0.0 -0.223093 0.940732 0.255447 0.22105 0.233323 -0.202901 0.950995 -0.0 0.0 0.0 0.0 1.0
RightHandThumb1 0.696907 0.703471 -0.139461 0.024462 -0.715106 0.666929 -0.209352 0.024251 -0.054262 0.245628 0.967844 0.019483 0.0 0.0 0.0 1.0
RightHandThumb2 0.669533 -0.734207 0.112542 -0.002391 0.741961 0.653946 -0.147815 0.031569 0.03493 0.182469 0.982591 0.0 0.0 0.0 0.0 1.0
RightHandThumb3 0.954599 -0.296157 -0.03213 0.00241 0.297317 0.940476 0.164642 0.045062 -0.018542 -0.16672 0.98583 0.0 0.0 0.0 0.0 1.0
RightHandIndex1 0.971832 0.235548 -0.007652 -0.0 -0.234631 0.970076 0.062463 0.123753 0.022136 -0.058909 0.998018 1.2E-5 0.0 0.0 0.0 1.0
RightHandIndex2 0.997423 -0.061393 0.037127 -0.001174 0.071743 0.858449 -0.507857 0.035274 -6.93E-4 0.509212 0.860641 -0.0 0.0 0.0 0.0 1.0
RightHandIndex3 0.976722 -0.209813 0.044632 -9.54E-4 0.203116 0.837712 -0.506934 0.031699 0.068972 0.5042 0.860828 0.0 0.0 0.0 0.0 1.0
LeftUpLeg -0.91024 0.332276 -0.247095 0.075562 -0.27583 -0.041481 0.960311 -0.050384 0.308838 0.94227 0.12941 0.016543 0.0 0.0 0.0 1.0
LeftLeg 0.989469 -0.067954 -0.127804 0.0 0.108971 -0.231452 0.966724 0.453272 -0.095274 -0.97047 -0.22161 0.0 0.0 0.0 0.0 1.0
LeftFoot 0.985973 0.154009 -0.064338 0.0 -0.125793 0.432315 -0.892905 0.408386 -0.109701 0.888473 0.445624 0.0 0.0 0.0 0.0 1.0
LeftToeBase 0.973897 0.140741 0.178089 0.0 0.007014 0.765538 -0.643353 0.212811 -0.22688 0.627809 0.744568 0.0 0.0 0.0 0.0 1.0
RightUpLeg -0.85272 -0.502688 0.142034 -0.075562 0.282117 -0.21434 0.93513 -0.050384 -0.439635 0.837474 0.324589 0.020546 0.0 0.0 0.0 1.0
RightLeg 0.996622 -0.047245 0.067175 0.0 -0.054846 0.225931 0.972598 0.453812 -0.061127 -0.972997 0.222576 0.0 0.0 0.0 0.0 1.0
RightFoot 0.984536 0.027328 0.17304 0.0 0.10177 0.714767 -0.691918 0.407804 -0.142593 0.698828 0.700933 0.0 0.0 0.0 0.0 1.0
RightToeBase 0.974947 -0.140398 -0.172532 0.0 -0.002542 0.768555 -0.639779 0.209222 0.222424 0.624189 0.748943 0.0 0.0 0.0 0.0 1.0
Time 0.133333
Hips 0.251377 -0.19117 0.948822 -0.314019 0.126924 -0.965324 -0.228121 0.768731 0.959531 0.177773 -0.218396 0.069379 0.0 0.0 0.0 1.0
Spine 0.978449 -0.154012 -0.137542 -0.0 0.039205 0.792546 -0.60855 0.090819 0.202733 0.590043 0.781504 0.001036 0.0 0.0 0.0 1.0
Spine1 0.996817 -0.047612 -0.06395 0.0 0.047565 0.998866 -0.002261 0.105963 0.063985 -7.88E-4 0.997951 0.0 0.0 0.0 0.0 1.0
Spine2 0.996747 -0.05329 -0.060467 0.0 0.053177 0.998579 -0.003471 0.1211 0.060566 2.44E-4 0.998164 0.0 0.0 0.0 0.0 1.0
Neck 0.997916 -0.050624 0.039999 0.0 0.039396 0.969069 0.243624 0.136238 -0.051095 -0.24154 0.969045 -0.0 0.0 0.0 0.0 1.0
Head 0.940967 0.120813 0.316205 0.0 -0.113902 0.992673 -0.040321 0.048508 -0.318759 0.001924 0.947834 0.01342 0.0 0.0 0.0 1.0
LeftShoulder 0.351106 0.850605 -0.391403 0.074603 0.005494 -0.41988 -0.907563 0.120279 -0.93632 0.3165 -0.152096 2.36E-4 0.0 0.0 0.0 1.0
LeftArm 0.193544 -0.457941 -0.867658 0.0 0.030977 0.886792 -0.461129 0.157184 0.980602 0.062371 0.18582 -0.0 0.0 0.0 0.0 1.0
LeftForeArm -0.347568 -0.937506 -0.016684 0.0 0.937529 -0.347758 0.010205 0.243319 -0.015369 -0.012095 0.999809 0.0 0.0 0.0 0.0 1.0
LeftHand 0.822855 0.030564 0.567428 -0.0 -0.051395 0.998463 0.020749 0.221022 -0.565922 -0.046237 0.823161 0.0 0.0 0.0 0.0 1.0
LeftHandThumb1 0.781155 -0.584142 0.220398 -0.026336 0.624169 0.738848 -0.254 0.025057 -0.014468 0.335979 0.941758 0.022961 0.0 0.0 0.0 1.0
LeftHandThumb2 0.781667 0.602132 -0.162583 0.00104 -0.621729 0.772946 -0.126522 0.034381 0.049485 0.199981 0.978549 0.0 0.0 0.0 0.0 1.0
LeftHandThumb3 0.980235 0.197818 -0.002586 -5.62E-4 -0.193811 0.96284 0.188085 0.044143 0.039696 -0.183866 0.982149 0.0 0.0 0.0 0.0 1.0
LeftHandIndex1 0.984708 -0.174004 -0.008506 0.0 0.174178 0.984304 0.028413 0.121989 0.003428 -0.02946 0.99956 6.0E-6 0.0 0.0 0.0 1.0
LeftHandIndex2 0.993963 0.098216 -0.048893 0.001042 -0.10849 0.81355 -0.571284 0.032932 -0.016333 0.57314 0.819295 0.0 0.0 0.0 0.0 1.0
LeftHandIndex3 0.971223 0.231146 -0.057429 0.001095 -0.221945 0.790862 -0.57033 0.03356 -0.086411 0.566664 0.819405 0.0 0.0 0.0 0.0 1.0
RightShoulder 0.219221 -0.868959 0.443681 -0.074603 -0.009631 -0.456647 -0.889596 0.120277 0.975628 0.190746 -0.108476 1.28E-4 0.0 0.0 0.0 1.0
RightArm 0.380165 0.741915 0.552302 0.0 -0.529871 0.664133 -0.527414 0.157184 -0.758097 -0.092144 0.645599 0.0 0.0 0.0 0.0 1.0
RightForeArm -0.073847 0.997175 0.013757 0.0 -0.997204 -0.073993 0.010416 0.243323 0.011404 -0.012949 0.999851 -0.0 0.0 0.0 0.0 1.0
RightHand 0.946462 0.271762 -0.174229 0.0 -0.223093 0.940732 0.255447 0.22105 0.233323 -0.202901 0.950995 -0.0 0.0 0.0 0.0 1.0
RightHandThumb1 0.696906 0.703472 -0.139461 0.024462 -0.715106 0.666929 -0.209352 0.024251 -0.054262 0.245628 0.967844 0.019483 0.0 0.0 0.0 1.0
RightHandThumb2 0.669533 -0.734207 0.112542 -0.002391 0.741961 0.653946 -0.147815 0.031569 0.03493 0.182469 0.982591 -0.0 0.0 0.0 0.0 1.0
RightHandThumb3 0.954599 -0.296157 -0.03213 0.00241 0.297317 0.940476 0.164642 0.045062 -0.018542 -0.16672 0.98583 0.0 0.0 0.0 0.0 1.0
RightHandIndex1 0.971832 0.235548 -0.007652 -0.0 -0.234631 0.970076 0.062463 0.123753 0.022136 -0.058908 0.998018 1.2E-5 0.0 0.0 0.0 1.0
RightHandIndex2 0.997423 -0.061392 0.037127 -0.001174 0.071742 0.858449 -0.507857 0.035274 -6.93E-4 0.509212 0.860641 -0.0 0.0 0.0 0.0 1.0
RightHandIndex3 0.976722 -0.209812 0.044632 -9.54E-4 0.203116 0.837712 -0.506934 0.031699 0.068972 0.5042 0.860828 -0.0 0.0 0.0 0.0 1.0
LeftUpLeg -0.911244 0.334247 -0.240654 0.075562 -0.266153 -0.031966 0.9634 -0.050384 0.31432 0.941943 0.11809 0.016543 0.0 0.0 0.0 1.0
LeftLeg 0.989706 -0.078231 -0.119837 0.0 0.108349 -0.137464 0.984563 0.453272 -0.093497 -0.987413 -0.127573 0.0 0.0 0.0 0.0 1.0
LeftFoot 0.98642 0.146489 -0.074276 -0.0 -0.13231 0.44079 -0.887805 0.408386 -0.097313 0.885576 0.454186 0.0 0.0 0.0 0.0 1.0
LeftToeBase 0.973893 0.140749 0.178106 0.0 0.007119 0.765264 -0.643678 0.212811 -0.226895 0.628141 0.744283 0.0 0.0 0.0 0.0 1.0
RightUpLeg -0.844349 -0.514301 0.150228 -0.075562 0.26542 -0.157932 0.95111 -0.050384 -0.465431 0.842942 0.269856 0.020546 0.0 0.0 0.0 1.0
RightLeg 0.996382 -0.045489 0.071794 0.0 -0.06193 0.18995 0.979839 0.453812 -0.058209 -0.980739 0.186446 0.0 0.0 0.0 0.0 1.0
RightFoot 0.983595 0.028865 0.178067 -0.0 0.10347 0.718315 -0.687981 0.407804 -0.147767 0.695119 0.703544 -0.0 0.0 0.0 0.0 1.0
RightToeBase 0.974913 -0.140448 -0.172679 0.0 -0.003388 0.766338 -0.642428 0.209222 0.222559 0.626897 0.746638 0.0 0.0 0.0 0.0 1.0
Time 0.166667
Hips 0.68193 -0.086645 0.726267 -0.261433 0.124972 -0.964554 -0.232416 0.76936 0.720662 0.249255 -0.64693 0.143482 0.0 0.0 0.0 1.0
Spine 0.978422 -0.152635 -0.13926 -0.0 0.036247 0.790346 -0.611587 0.090819 0.203413 0.593343 0.778825 0.001036 0.0 0.0 0.0 1.0
Spine1 0.99683 -0.047258 -0.064008 -0.0 0.047096 0.998882 -0.00403 0.105963 0.064127 0.001003 0.997941 -0.0 0.0 0.0 0.0 1.0
Spine2 0.996763 -0.052822 -0.060609 0.0 0.052603 0.998602 -0.005203 0.1211 0.060799 0.001998 0.998148 0.0 0.0 0.0 0.0 1.0
Neck 0.997916 -0.050624 0.039999 0.0 0.039396 0.969069 0.243624 0.136238 -0.051095 -0.24154 0.969045 -0.0 0.0 0.0 0.0 1.0
Head 0.940967 0.120813 0.316205 0.0 -0.113902 0.992673 -0.040321 0.048508 -0.31876 0.001924 0.947834 0.01342 0.0 0.0 0.0 1.0
LeftShoulder 0.351106 0.850605 -0.391403 0.074603 0.005494 -0.41988 -0.907563 0.120279 -0.93632 0.3165 -0.152096 2.36E-4 0.0 0.0 0.0 1.0
LeftArm 0.175444 -0.460002 -0.870412 -0.0 0.056148 0.887362 -0.457643 0.157184 0.982887 0.031419 0.18151 -0.0 0.0 0.0 0.0 1.0
LeftForeArm -0.337753 -0.941089 -0.016577 0.0 0.941112 -0.337941 0.010244 0.243319 -0.015242 -0.012141 0.99981 0.0 0.0 0.0 0.0 1.0
LeftHand 0.822856 0.030564 0.567428 0.0 -0.051395 0.998463 0.020749 0.221022 -0.565922 -0.046237 0.823161 -0.0 0.0 0.0 0.0 1.0
LeftHandThumb1 0.781155 -0.584141 0.220397 -0.026336 0.624169 0.738848 -0.254 0.025057 -0.014468 0.335979 0.941758 0.022961 0.0 0.0 0.0 1.0
LeftHandThumb2 0.781667 0.602132 -0.162584 0.00104 -0.621729 0.772946 -0.126522 0.034381 0.049485 0.199981 0.978549 0.0 0.0 0.0 0.0 1.0
LeftHandThumb3 0.980235 0.197818 -0.002586 -5.62E-4 -0.193811 0.96284 0.188085 0.044143 0.039697 -0.183866 0.982149 0.0 0.0 0.0 0.0 1.0
LeftHandIndex1 0.984708 -0.174004 -0.008506 0.0 0.174178 0.984304 0.028412 0.121989 0.003429 -0.029459 0.99956 6.0E-6 0.0 0.0 0.0 1.0
LeftHandIndex2 0.993963 0.098216 -0.048893 0.001042 -0.10849 0.81355 -0.571284 0.032932 -0.016333 0.57314 0.819295 0.0 0.0 0.0 0.0 1.0
LeftHandIndex3 0.971223 0.231146 -0.057429 0.001095 -0.221945 0.790862 -0.57033 0.03356 -0.086411 0.566664 0.819405 -0.0 0.0 0.0 0.0 1.0
RightShoulder 0.219157 -0.870006 0.441655 -0.074603 -0.010234 -0.454684 -0.890594 0.120277 0.975636 0.19066 -0.108551 1.28E-4 0.0 0.0 0.0 1.0
RightArm 0.358818 0.738262 0.571156 -0.0 -0.530224 0.664806 -0.526209 0.157184 -0.768187 -0.114028 0.629989 0.0 0.0 0.0 0.0 1.0
RightForeArm -0.062973 0.997922 0.013643 0.0 -0.997952 -0.063117 0.010423 0.243323 0.011263 -0.012959 0.999853 -0.0 0.0 0.0 0.0 1.0
RightHand 0.946462 0.271762 -0.174229 0.0 -0.223093 0.940732 0.255447 0.22105 0.233323 -0.202901 0.950995 -0.0 0.0 0.0 0.0 1.0
RightHandThumb1 0.696907 0.703471 -0.139461 0.024462 -0.715106 0.666929 -0.209352 0.024251 -0.054262 0.245628 0.967844 0.019483 0.0 0.0 0.0 1.0
RightHandThumb2 0.669533 -0.734207 0.112542 -0.002391 0.741961 0.653946 -0.147815 0.031569 0.03493 0.182469 0.982591 -0.0 0.0 0.0 0.0 1.0
RightHandThumb3 0.954599 -0.296157 -0.03213 0.00241 0.297317 0.940476 0.164642 0.045062 -0.018542 -0.16672 0.98583 -0.0 0.0 0.0 0.0 1.0
RightHandIndex1 0.971832 0.235548 -0.007652 -0.0 -0.234631 0.970076 0.062463 0.123753 0.022136 -0.058909 0.998018 1.2E-5 0.0 0.0 0.0 1.0
RightHandIndex2 0.997423 -0.061393 0.037127 -0.001174 0.071743 0.858449 -0.507857 0.035274 -6.93E-4 0.509212 0.860641 0.0 0.0 0.0 0.0 1.0
RightHandIndex3 0.976722 -0.209812 0.044632 -9.54E-4 0.203116 0.837712 -0.506934 0.031699 0.068972 0.504199 0.860829 -0.0 0.0 0.0 0.0 1.0
LeftUpLeg -0.911614 0.338776 -0.23279 0.075562 -0.258673 -0.03268 0.965412 -0.050384 0.319451 0.940299 0.117424 0.016543 0.0 0.0 0.0 1.0
LeftLeg 0.989651 -0.0863 -0.114646 -0.0 0.109939 -0.057461 0.992276 0.453272 -0.092221 -0.994611 -0.047379 -0.0 0.0 0.0 0.0 1.0
LeftFoot 0.986787 0.139029 -0.083204 0.0 -0.137524 0.447167 -0.883815 0.408386 -0.08567 0.883579 0.460378 0.0 0.0 0.0 0.0 1.0
LeftToeBase 0.973881 0.140768 0.178157 0.0 0.00743 0.764453 -0.644636 0.212811 -0.226937 0.629123 0.743441 0.0 0.0 0.0 0.0 1.0
RightUpLeg -0.837499 -0.522342 0.160481 -0.075562 0.254043 -0.112172 0.960666 -0.050384 -0.483795 0.845326 0.226641 0.020546 0.0 0.0 0.0 1.0
RightLeg 0.996231 -0.04361 0.074983 0.0 -0.067247 0.157739 0.985188 0.453812 -0.054791 -0.986517 0.154212 0.0 0.0 0.0 0.0 1.0
RightFoot 0.982843 0.029358 0.182095 -0.0 0.105222 0.7216 -0.684267 0.407804 -0.151489 0.691687 0.70613 0.0 0.0 0.0 0.0 1.0
RightToeBase 0.97489 -0.140483 -0.17278 -0.0 -0.003971 0.764805 -0.64425 0.209222 0.22265 0.628759 0.745043 -0.0 0.0 0.0 0.0 1.0
Time 0.2
Hips 0.968788 -0.06273 0.239823 -0.165251 0.0272 -0.934711 -0.354367 0.769823 0.246394 0.34983 -0.90383 0.191696 0.0 0.0 0.0 1.0
Spine 0.978382 -0.151836 -0.140409 0.0 0.034027 0.787877 -0.614892 0.090819 0.203987 0.596822 0.776011 0.001036 0.0 0.0 0.0 1.0
Spine1 0.996845 -0.04688 -0.064048 0.0 0.046599 0.998896 -0.005877 0.105963 0.064253 0.002874 0.99793 -0.0 0.0 0.0 0.0 1.0
Spine2 0.99678 -0.052326 -0.060751 0.0 0.051995 0.998623 -0.007012 0.1211 0.061034 0.003831 0.998128 -0.0 0.0 0.0 0.0 1.0
Neck 0.997916 -0.050624 0.039999 0.0 0.039396 0.969069 0.243624 0.136238 -0.051095 -0.24154 0.969045 -0.0 0.0 0.0 0.0 1.0
Head 0.940967 0.120813 0.316205 0.0 -0.113902 0.992673 -0.040321 0.048508 -0.31876 0.001924 0.947834 0.01342 0.0 0.0 0.0 1.0
LeftShoulder 0.351106 0.850605 -0.391403 0.074603 0.005494 -0.41988 -0.907563 0.120279 -0.93632 0.3165 -0.152096 2.36E-4 0.0 0.0 0.0 1.0
LeftArm 0.15353 -0.461804 -0.873593 0.0 0.082713 0.886978 -0.454343 0.157184 0.984676 -0.002502 0.174375 -0.0 0.0 0.0 0.0 1.0
LeftForeArm -0.32677 -0.944961 -0.016458 0.0 0.944983 -0.326957 0.010284 0.243319 -0.015099 -0.012192 0.999812 0.0 0.0 0.0 0.0 1.0
LeftHand 0.822855 0.030564 0.567428 0.0 -0.051395 0.998463 0.02075 0.221022 -0.565922 -0.046237 0.823161 -0.0 0.0 0.0 0.0 1.0
LeftHandThumb1 0.781155 -0.584141 0.220397 -0.026336 0.624169 0.738848 -0.254 0.025057 -0.014468 0.335979 0.941758 0.022961 0.0 0.0 0.0 1.0
LeftHandThumb2 0.781668 0.602132 -0.162583 0.00104 -0.621729 0.772946 -0.126522 0.034381 0.049485 0.199981 0.978549 0.0 0.0 0.0 0.0 1.0
LeftHandThumb3 0.980235 0.197818 -0.002586 -5.62E-4 -0.193811 0.96284 0.188085 0.044143 0.039696 -0.183866 0.982149 0.0 0.0 0.0 0.0 1.0
LeftHandIndex1 0.984708 -0.174004 -0.008506 0.0 0.174178 0.984304 0.028412 0.121989 0.003429 -0.029459 0.99956 6.0E-6 0.0 0.0 0.0 1.0
LeftHandIndex2 0.993963 0.098216 -0.048893 0.001042 -0.10849 0.81355 -0.571285 0.032932 -0.016333 0.57314 0.819294 0.0 0.0 0.0 0.0 1.0
LeftHandIndex3 0.971223 0.231146 -0.057429 0.001095 -0.221946 0.790863 -0.57033 0.03356 -0.086411 0.566664 0.819405 0.0 0.0 0.0 0.0 1.0
RightShoulder 0.219093 -0.871166 0.439394 -0.074603 -0.010907 -0.452494 -0.891701 0.120277 0.975643 0.190573 -0.10864 1.28E-4 0.0 0.0 0.0 1.0
RightArm 0.334422 0.73367 0.591515 -0.0 -0.530497 0.665318 -0.525285 0.157184 -0.778932 -0.13813 0.611707 -0.0 0.0 0.0 0.0 1.0
RightForeArm -0.050845 0.998615 0.013517 0.0 -0.998645 -0.050987 0.010428 0.243323 0.011103 -0.012968 0.999854 -0.0 0.0 0.0 0.0 1.0
RightHand 0.946462 0.271762 -0.174229 0.0 -0.223093 0.940732 0.255447 0.22105 0.233324 -0.202901 0.950995 -0.0 0.0 0.0 0.0 1.0
RightHandThumb1 0.696906 0.703471 -0.139461 0.024462 -0.715106 0.666929 -0.209352 0.024251 -0.054262 0.245628 0.967844 0.019483 0.0 0.0 0.0 1.0
RightHandThumb2 0.669533 -0.734207 0.112542 -0.002391 0.741961 0.653946 -0.147815 0.031569 0.03493 0.182469 0.982591 -0.0 0.0 0.0 0.0 1.0
RightHandThumb3 0.954599 -0.296157 -0.03213 0.00241 0.297317 0.940476 0.164642 0.045062 -0.018542 -0.16672 0.98583 0.0 0.0 0.0 0.0 1.0
RightHandIndex1 0.971832 0.235548 -0.007652 0.0 -0.234631 0.970076 0.062463 0.123753 0.022136 -0.058909 0.998018 1.2E-5 0.0 0.0 0.0 1.0
RightHandIndex2 0.997423 -0.061393 0.037127 -0.001174 0.071743 0.858449 -0.507857 0.035274 -6.93E-4 0.509212 0.860641 0.0 0.0 0.0 0.0 1.0
RightHandIndex3 0.976722 -0.209812 0.044632 -9.54E-4 0.203116 0.837712 -0.506934 0.031699 0.068972 0.5042 0.860828 -0.0 0.0 0.0 0.0 1.0
LeftUpLeg -0.911545 0.345102 -0.223587 0.075562 -0.253442 -0.043332 0.96638 -0.050384 0.323811 0.937564 0.126962 0.016543 0.0 0.0 0.0 1.0
LeftLeg 0.98948 -0.091756 -0.111847 0.0 0.112732 0.004504 0.993615 0.453272 -0.090667 -0.995771 0.014801 0.0 0.0 0.0 0.0 1.0
LeftFoot 0.987102 0.132492 -0.08986 -0.0 -0.140778 0.451118 -0.881291 0.408386 -0.076226 0.882575 0.463951 -0.0 0.0 0.0 0.0 1.0
LeftToeBase 0.973865 0.140794 0.178222 0.0 0.007827 0.763415 -0.645861 0.212811 -0.226991 0.630376 0.742362 -0.0 0.0 0.0 0.0 1.0
RightUpLeg -0.832202 -0.527037 0.172256 -0.075562 0.248874 -0.077434 0.965436 -0.050384 -0.495481 0.846307 0.195606 0.020546 0.0 0.0 0.0 1.0
RightLeg 0.996189 -0.041904 0.076501 -0.0 -0.07047 0.130206 0.988979 0.453812 -0.051403 -0.990601 0.126757 0.0 0.0 0.0 0.0 1.0
RightFoot 0.982282 0.028776 0.185187 0.0 0.10716 0.724425 -0.680974 0.407804 -0.153749 0.688753 0.708506 0.0 0.0 0.0 0.0 1.0
RightToeBase 0.974878 -0.140503 -0.172837 -0.0 -0.004299 0.763943 -0.645269 0.209222 0.2227 0.629801 0.744147 0.0 0.0 0.0 0.0 1.0
Time 0.233333
Hips 0.936551 0.347198 -0.048228 -0.116436 0.346989 -0.93778 -0.012901 0.769904 -0.049707 -0.004652 -0.998753 0.162118 0.0 0.0 0.0 1.0
Spine 0.978382 -0.15183 -0.140416 0.0 0.033188 0.785443 -0.618043 0.090819 0.204126 0.600022 0.773502 0.001036 0.0 0.0 0.0 1.0
Spine1 0.99686 -0.046528 -0.064077 0.0 0.046139 0.998907 -0.007537 0.105963 0.064357 0.004556 0.997917 -0.0 0.0 0.0 0.0 1.0
Spine2 0.996797 -0.051868 -0.060866 -0.0 0.051436 0.998639 -0.008637 0.1211 0.061231 0.005479 0.998109 0.0 0.0 0.0 0.0 1.0
Neck 0.997916 -0.050624 0.039999 -0.0 0.039396 0.969069 0.243624 0.136238 -0.051095 -0.24154 0.969045 -0.0 0.0 0.0 0.0 1.0
Head 0.940967 0.120813 0.316205 0.0 -0.113902 0.992673 -0.040321 0.048508 -0.31876 0.001924 0.947834 0.01342 0.0 0.0 0.0 1.0
LeftShoulder 0.351106 0.850605 -0.391403 0.074603 0.005494 -0.41988 -0.907563 0.120279 -0.93632 0.3165 -0.152096 2.36E-4 0.0 0.0 0.0 1.0
LeftArm 0.141799 -0.462767 -0.875066 0.0 0.110043 0.885888 -0.450658 0.157184 0.98376 -0.032392 0.176543 -0.0 0.0 0.0 0.0 1.0
LeftForeArm -0.317966 -0.947961 -0.016362 0.0 0.947983 -0.318152 0.010325 0.243319 -0.014993 -0.012228 0.999813 0.0 0.0 0.0 0.0 1.0
LeftHand 0.822855 0.030564 0.567428 0.0 -0.051395 0.998463 0.02075 0.221022 -0.565922 -0.046237 0.823161 -0.0 0.0 0.0 0.0 1.0
LeftHandThumb1 0.781155 -0.584142 0.220397 -0.026336 0.624169 0.738848 -0.254 0.025057 -0.014468 0.335979 0.941758 0.022961 0.0 0.0 0.0 1.0
LeftHandThumb2 0.781668 0.602131 -0.162583 0.00104 -0.621729 0.772946 -0.126522 0.034381 0.049485 0.199981 0.978549 0.0 0.0 0.0 0.0 1.0
LeftHandThumb3 0.980235 0.197818 -0.002586 -5.62E-4 -0.193811 0.96284 0.188085 0.044143 0.039696 -0.183866 0.982149 -0.0 0.0 0.0 0.0 1.0
LeftHandIndex1 0.984708 -0.174004 -0.008506 0.0 0.174178 0.984304 0.028412 0.121989 0.003429 -0.02946 0.99956 6.0E-6 0.0 0.0 0.0 1.0
LeftHandIndex2 0.993963 0.098216 -0.048893 0.001042 -0.10849 0.81355 -0.571285 0.032932 -0.016333 0.57314 0.819294 0.0 0.0 0.0 0.0 1.0
LeftHandIndex3 0.971223 0.231146 -0.057429 0.001095 -0.221946 0.790862 -0.57033 0.03356 -0.086411 0.566664 0.819405 0.0 0.0 0.0 0.0 1.0
RightShoulder 0.219039 -0.872089 0.437587 -0.074603 -0.011428 -0.45074 -0.892582 0.120277 0.975649 0.19051 -0.108696 1.28E-4 0.0 0.0 0.0 1.0
RightArm 0.313776 0.730007 0.607153 0.0 -0.531767 0.664863 -0.524577 0.157184 -0.786618 -0.158265 0.596812 -0.0 0.0 0.0 0.0 1.0
RightForeArm -0.041153 0.999063 0.013415 -0.0 -0.999092 -0.041295 0.010442 0.243323 0.010986 -0.012973 0.999855 -0.0 0.0 0.0 0.0 1.0
RightHand 0.946462 0.271762 -0.174229 0.0 -0.223093 0.940732 0.255447 0.22105 0.233324 -0.202901 0.950995 -0.0 0.0 0.0 0.0 1.0
RightHandThumb1 0.696906 0.703471 -0.139461 0.024462 -0.715106 0.666929 -0.209352 0.024251 -0.054262 0.245628 0.967844 0.019483 0.0 0.0 0.0 1.0
RightHandThumb2 0.669533 -0.734207 0.112542 -0.002391 0.741961 0.653946 -0.147815 0.031569 0.03493 0.182469 0.982591 0.0 0.0 0.0 0.0 1.0
RightHandThumb3 0.954599 -0.296157 -0.03213 0.00241 0.297317 0.940476 0.164642 0.045062 -0.018542 -0.16672 0.98583 0.0 0.0 0.0 0.0 1.0
RightHandIndex1 0.971832 0.235548 -0.007652 0.0 -0.234631 0.970076 0.062463 0.123753 0.022136 -0.058909 0.998018 1.2E-5 0.0 0.0 0.0 1.0
RightHandIndex2 0.997423 -0.061393 0.037127 -0.001174 0.071743 0.858449 -0.507857 0.035274 -6.93E-4 0.509212 0.860641 0.0 0.0 0.0 0.0 1.0
RightHandIndex3 0.976722 -0.209812 0.044632 -9.54E-4 0.203116 0.837712 -0.506934 0.031699 0.068972 0.5042 0.860828 -0.0 0.0 0.0 0.0 1.0
LeftUpLeg -0.911322 0.350514 -0.215946 0.075562 -0.252966 -0.062917 0.965427 -0.050384 0.32481 0.934442 0.146006 0.016543 0.0 0.0 0.0 1.0
LeftLeg 0.989376 -0.091713 -0.1128 0.0 0.11485 0.017365 0.993231 0.453272 -0.089133 -0.995634 0.027714 0.0 0.0 0.0 0.0 1.0
LeftFoot 0.987376 0.130625 -0.089587 0.0 -0.139578 0.450167 -0.881968 0.408386 -0.074878 0.883338 0.462717 0.0 0.0 0.0 0.0 1.0
LeftToeBase 0.973857 0.140807 0.178256 -0.0 0.008035 0.762871 -0.646501 0.212811 -0.227018 0.631032 0.741796 -0.0 0.0 0.0 0.0 1.0
RightUpLeg -0.830878 -0.52597 0.181651 -0.075562 0.254364 -0.068659 0.964668 -0.050384 -0.494915 0.847727 0.190835 0.020546 0.0 0.0 0.0 1.0
RightLeg 0.996322 -0.041437 0.075009 0.0 -0.069607 0.119223 0.990425 0.453812 -0.049983 -0.992002 0.1159 0.0 0.0 0.0 0.0 1.0
RightFoot 0.982162 0.026929 0.186097 0.0 0.108867 0.725505 -0.679552 0.407804 -0.153314 0.68769 0.709631 0.0 0.0 0.0 0.0 1.0
RightToeBase 0.974882 -0.140496 -0.172818 -0.0 -0.004191 0.764228 -0.644933 0.209222 0.222683 0.629458 0.744443 0.0 0.0 0.0 0.0 1.0
Time 0.266667
Hips 0.609739 0.568058 -0.552746 -0.090486 0.756116 -0.626037 0.1907 0.769831 -0.237711 -0.534217 -0.811237 0.099829 0.0 0.0 0.0 1.0
Spine 0.9784 -0.152122 -0.139971 0.0 0.032889 0.783029 -0.621115 0.090819 0.204087 0.603095 0.771119 0.001036 0.0 0.0 0.0 1.0
Spine1 0.996874 -0.046189 -0.064102 0.0 0.045697 0.998914 -0.009115 0.105963 0.064454 0.006157 0.997902 0.0 0.0 0.0 0.0 1.0
Spine2 0.996814 -0.051426 -0.06097 0.0 0.050899 0.998652 -0.010182 0.1211 0.061411 0.007047 0.998088 0.0 0.0 0.0 0.0 1.0
Neck 0.997916 -0.050624 0.039999 0.0 0.039396 0.969069 0.243624 0.136238 -0.051095 -0.24154 0.969045 -0.0 0.0 0.0 0.0 1.0
Head 0.940967 0.120813 0.316205 0.0 -0.113902 0.992673 -0.040321 0.048508 -0.31876 0.001924 0.947834 0.01342 0.0 0.0 0.0 1.0
LeftShoulder 0.351106 0.850605 -0.391403 0.074603 0.005495 -0.41988 -0.907563 0.120279 -0.93632 0.3165 -0.152096 2.36E-4 0.0 0.0 0.0 1.0
LeftArm 0.131102 -0.463509 -0.87634 0.0 0.135638 0.884043 -0.447291 0.157184 0.982046 -0.060225 0.178769 -0.0 0.0 0.0 0.0 1.0
LeftForeArm -0.310103 -0.950564 -0.016276 -0.0 0.950586 -0.310288 0.010363 0.243319 -0.014901 -0.012258 0.999814 0.0 0.0 0.0 0.0 1.0
LeftHand 0.822855 0.030564 0.567428 0.0 -0.051395 0.998463 0.02075 0.221022 -0.565922 -0.046237 0.823161 0.0 0.0 0.0 0.0 1.0
LeftHandThumb1 0.781155 -0.584142 0.220397 -0.026336 0.624169 0.738848 -0.254 0.025057 -0.014468 0.335979 0.941758 0.022961 0.0 0.0 0.0 1.0
LeftHandThumb2 0.781668 0.602131 -0.162583 0.00104 -0.621729 0.772946 -0.126522 0.034381 0.049485 0.199981 0.978549 0.0 0.0 0.0 0.0 1.0
LeftHandThumb3 0.980235 0.197818 -0.002586 -5.62E-4 -0.193811 0.96284 0.188085 0.044143 0.039696 -0.183866 0.982149 -0.0 0.0 0.0 0.0 1.0
LeftHandIndex1 0.984708 -0.174004 -0.008506 0.0 0.174178 0.984304 0.028412 0.121989 0.003429 -0.02946 0.99956 6.0E-6 0.0 0.0 0.0 1.0
LeftHandIndex2 0.993963 0.098216 -0.048893 0.001042 -0.10849 0.81355 -0.571285 0.032932 -0.016333 0.57314 0.819294 0.0 0.0 0.0 0.0 1.0
LeftHandIndex3 0.971223 0.231146 -0.057429 0.001095 -0.221946 0.790863 -0.57033 0.03356 -0.086411 0.566664 0.819405 0.0 0.0 0.0 0.0 1.0
RightShoulder 0.218989 -0.872908 0.435976 -0.074603 -0.011882 -0.449174 -0.893365 0.120277 0.975655 0.190457 -0.108737 1.28E-4 0.0 0.0 0.0 1.0
RightArm 0.294851 0.726532 0.620656 -0.0 -0.533106 0.664123 -0.524155 0.157184 -0.793008 -0.176328 0.583136 -0.0 0.0 0.0 0.0 1.0
RightForeArm -0.03252 0.999382 0.013325 0.0 -0.999412 -0.03266 0.010457 0.243323 0.010885 -0.012977 0.999857 -0.0 0.0 0.0 0.0 1.0
RightHand 0.946462 0.271762 -0.174229 0.0 -0.223093 0.940732 0.255447 0.22105 0.233324 -0.202901 0.950995 -0.0 0.0 0.0 0.0 1.0
RightHandThumb1 0.696906 0.703471 -0.139461 0.024462 -0.715106 0.666929 -0.209352 0.024251 -0.054262 0.245628 0.967844 0.019483 0.0 0.0 0.0 1.0
RightHandThumb2 0.669533 -0.734207 0.112542 -0.002391 0.741961 0.653946 -0.147815 0.031569 0.03493 0.182469 0.982591 -0.0 0.0 0.0 0.0 1.0
RightHandThumb3 0.954599 -0.296157 -0.03213 0.00241 0.297317 0.940476 0.164642 0.045062 -0.018542 -0.16672 0.98583 -0.0 0.0 0.0 0.0 1.0
RightHandIndex1 0.971832 0.235548 -0.007652 0.0 -0.234631 0.970076 0.062463 0.123753 0.022136 -0.058909 0.998018 1.2E-5 0.0 0.0 0.0 1.0
RightHandIndex2 0.997423 -0.061393 0.037127 -0.001174 0.071743 0.858449 -0.507857 0.035274 -6.93E-4 0.509212 0.860641 0.0 0.0 0.0 0.0 1.0
RightHandIndex3 0.976722 -0.209812 0.044632 -9.54E-4 0.203116 0.837712 -0.506934 0.031699 0.068972 0.5042 0.860828 0.0 0.0 0.0 0.0 1.0
LeftUpLeg -0.911073 0.355366 -0.208955 0.075562 -0.254383 -0.085761 0.963293 -0.050384 0.324401 0.930785 0.168534 0.016543 0.0 0.0 0.0 1.0
LeftLeg 0.989311 -0.089404 -0.115199 0.0 0.116574 0.010299 0.993129 0.453272 -0.087604 -0.995942 0.020611 -0.0 0.0 0.0 0.0 1.0
LeftFoot 0.987642 0.130748 -0.086425 0.0 -0.136557 0.447248 -0.883924 0.408386 -0.076918 0.884802 0.459575 0.0 0.0 0.0 0.0 1.0
