Root_Bone_Name Hips
Num_Keyframes 26
Num_Bones 34
Time_Wrapping_Mode CLAMP
Time 0.0
Hips 0.730799 0.054744 -0.680394 0.012382 -0.002373 0.996977 0.077667 0.97679 0.682588 -0.055144 0.72872 -0.022357 0.0 0.0 0.0 1.0
Spine 0.996765 0.01754 0.078439 0.0 -0.008635 0.993619 -0.112458 0.090819 -0.079911 0.111417 0.990556 0.001036 0.0 0.0 0.0 1.0
Spine1 0.986175 0.054844 0.156366 0.0 -0.022293 0.978973 -0.202768 0.105963 -0.164198 0.196479 0.966662 0.0 0.0 0.0 0.0 1.0
Spine2 0.986175 0.054844 0.156366 0.0 -0.022293 0.978973 -0.202768 0.1211 -0.164198 0.196479 0.966662 0.0 0.0 0.0 0.0 1.0
Neck 0.999743 -0.003438 -0.022414 0.0 0.005362 0.996248 0.086378 0.136238 0.022033 -0.086476 0.99601 -0.0 0.0 0.0 0.0 1.0
Head 0.937031 0.006188 0.34919 0.0 -0.044709 0.993742 0.102364 0.048508 -0.346371 -0.11153 0.931444 0.01342 0.0 0.0 0.0 1.0
LeftShoulder 0.017059 0.931314 -0.363816 0.074603 0.02346 -0.364142 -0.931048 0.120279 -0.999579 0.007348 -0.028061 2.36E-4 0.0 0.0 0.0 1.0
LeftArm 0.967281 -0.210053 -0.142286 0.0 0.025928 0.639734 -0.768159 0.157184 0.252379 0.739336 0.624249 -0.0 0.0 0.0 0.0 1.0
LeftForeArm 0.665769 -0.74072 0.089922 0.0 0.73677 0.671658 0.077756 0.243319 -0.117992 0.014485 0.992909 0.0 0.0 0.0 0.0 1.0
LeftHand 0.978493 -0.071728 0.193408 0.0 0.005647 0.946561 0.322475 0.221022 -0.206203 -0.314447 0.926609 0.0 0.0 0.0 0.0 1.0
LeftHandThumb1 0.836354 -0.281953 0.470121 -0.026336 0.498106 0.748982 -0.43694 0.025057 -0.228916 0.599607 0.766857 0.022961 0.0 0.0 0.0 1.0
LeftHandThumb2 0.998953 0.045655 0.002899 0.00104 -0.045692 0.998852 0.014418 0.034381 -0.002237 -0.014536 0.999892 0.0 0.0 0.0 0.0 1.0
LeftHandThumb3 0.999997 0.001874 0.001479 -5.62E-4 -0.001874 0.999998 2.1E-5 0.044143 -0.001479 -2.4E-5 0.999999 0.0 0.0 0.0 0.0 1.0
LeftHandIndex1 0.9888 -0.147785 -0.020854 -0.0 0.145835 0.986419 -0.075557 0.121989 0.031737 0.071669 0.996923 6.0E-6 0.0 0.0 0.0 1.0
LeftHandIndex2 0.999372 0.032981 -0.012939 0.001042 -0.035286 0.959265 -0.280295 0.032932 0.003168 0.280576 0.959827 0.0 0.0 0.0 0.0 1.0
LeftHandIndex3 0.990977 0.133912 -0.005644 0.001095 -0.133913 0.990993 1.85E-4 0.03356 0.005618 5.73E-4 0.999984 0.0 0.0 0.0 0.0 1.0
RightShoulder 0.168177 -0.906353 0.387609 -0.074603 -0.023612 -0.3968 -0.917601 0.120277 0.985474 0.145167 -0.088133 1.28E-4 0.0 0.0 0.0 1.0
RightArm 0.915274 -0.211849 0.342627 0.0 0.395097 0.637968 -0.66098 0.157184 -0.078557 0.740349 0.667617 -0.0 0.0 0.0 0.0 1.0
RightForeArm 0.738912 0.673247 0.027327 0.0 -0.668342 0.737474 -0.097213 0.243323 -0.085601 0.053568 0.994888 -0.0 0.0 0.0 0.0 1.0
RightHand 0.977475 0.188154 -0.095605 0.0 -0.204409 0.956758 -0.206957 0.22105 0.052531 0.221838 0.973668 -0.0 0.0 0.0 0.0 1.0
RightHandThumb1 0.84488 0.491093 -0.212144 0.024462 -0.534955 0.774665 -0.33722 0.024251 -0.001266 0.398398 0.917212 0.019483 0.0 0.0 0.0 1.0
RightHandThumb2 0.881203 -0.472469 0.015931 -0.002391 0.472548 0.879396 -0.057982 0.031569 0.013385 0.058622 0.99819 0.0 0.0 0.0 0.0 1.0
RightHandThumb3 0.998578 0.05314 -0.004321 0.00241 -0.053139 0.998587 2.31E-4 0.045062 0.004328 -1.0E-6 0.999991 -0.0 0.0 0.0 0.0 1.0
RightHandIndex1 0.999756 0.010833 0.019235 -0.0 -0.009303 0.996918 -0.077902 0.123753 -0.020019 0.077704 0.996775 1.2E-5 0.0 0.0 0.0 1.0
RightHandIndex2 0.999306 -0.03277 0.017694 -0.001174 0.036493 0.956463 -0.289564 0.035274 -0.007435 0.290009 0.956995 0.0 0.0 0.0 0.0 1.0
RightHandIndex3 0.988568 -0.150384 0.010874 -9.54E-4 0.15039 0.988627 3.42E-4 0.031699 -0.010802 0.001297 0.999941 0.0 0.0 0.0 0.0 1.0
LeftUpLeg -0.966512 0.22943 0.114959 0.075562 -0.164662 -0.898053 0.407907 -0.050384 0.196826 0.375318 0.905757 0.016543 0.0 0.0 0.0 1.0
LeftLeg 0.969377 -0.014171 0.245168 -0.0 -0.13426 0.805345 0.577402 0.453272 -0.205627 -0.592637 0.778781 0.0 0.0 0.0 0.0 1.0
LeftFoot 0.989698 0.110262 -0.091327 0.0 -0.133084 0.473295 -0.870793 0.408386 -0.052791 0.873976 0.483094 -0.0 0.0 0.0 0.0 1.0
LeftToeBase 0.961762 0.195857 0.191452 0.0 -0.022698 0.753612 -0.656928 0.212811 -0.272945 0.627462 0.729241 -0.0 0.0 0.0 0.0 1.0
RightUpLeg -0.938936 -0.238248 -0.248267 -0.075562 0.229875 -0.971203 0.062631 -0.050384 -0.256039 0.001736 0.966665 0.020546 0.0 0.0 0.0 1.0
RightLeg 0.987369 -0.004879 0.158365 -0.0 -0.087996 0.814306 0.573726 0.453812 -0.131757 -0.580415 0.803591 0.0 0.0 0.0 0.0 1.0
RightFoot 0.956846 -0.163858 0.23999 0.0 0.272918 0.223088 -0.935814 0.407804 0.099802 0.960928 0.258181 0.0 0.0 0.0 0.0 1.0
RightToeBase 0.976631 -0.134528 -0.16761 -0.0 -0.00834 0.75556 -0.655026 0.209222 0.214759 0.641117 0.736782 0.0 0.0 0.0 0.0 1.0
Time 0.033333
Hips 0.729747 0.043593 -0.682326 0.018537 -0.004864 0.998271 0.058577 0.975402 0.6837 -0.039427 0.728697 -0.024088 0.0 0.0 0.0 1.0
Spine 0.997253 0.016965 0.072105 0.0 -0.008726 0.993547 -0.113083 0.090819 -0.073558 0.112143 0.990966 0.001036 0.0 0.0 0.0 1.0
Spine1 0.988199 0.053579 0.143496 0.0 -0.023455 0.978709 -0.203909 0.105963 -0.151366 0.198137 0.968416 0.0 0.0 0.0 0.0 1.0
Spine2 0.9882 0.053579 0.143496 0.0 -0.023455 0.978709 -0.203909 0.1211 -0.151366 0.198137 0.968416 0.0 0.0 0.0 0.0 1.0
Neck 0.999907 -0.006807 -0.011851 -0.0 0.007961 0.994928 0.100274 0.136238 0.011108 -0.100359 0.994889 -0.0 0.0 0.0 0.0 1.0
Head 0.933586 0.014533 0.358059 0.0 -0.049792 0.994746 0.089451 0.048508 -0.354878 -0.101338 0.929404 0.01342 0.0 0.0 0.0 1.0
LeftShoulder 0.006364 0.929521 -0.368715 0.074603 0.022658 -0.368762 -0.929248 0.120279 -0.999723 -0.002441 -0.023408 2.36E-4 0.0 0.0 0.0 1.0
LeftArm 0.968854 -0.187793 -0.161419 -0.0 0.002091 0.658027 -0.752991 0.157184 0.247625 0.729201 0.637925 -0.0 0.0 0.0 0.0 1.0
LeftForeArm 0.631244 -0.772674 0.067125 -0.0 0.76778 0.634794 0.086895 0.243319 -0.109752 -0.003315 0.993953 0.0 0.0 0.0 0.0 1.0
LeftHand 0.980219 -0.057505 0.18938 0.0 -0.001245 0.95505 0.296443 0.221022 -0.197914 -0.290815 0.936086 0.0 0.0 0.0 0.0 1.0
LeftHandThumb1 0.833178 -0.308005 0.459291 -0.026336 0.512604 0.741769 -0.432454 0.025057 -0.207489 0.595745 0.77591 0.022961 0.0 0.0 0.0 1.0
LeftHandThumb2 0.998828 0.048325 0.00283 0.00104 -0.048361 0.998725 0.014446 0.034381 -0.002129 -0.014566 0.999892 0.0 0.0 0.0 0.0 1.0
LeftHandThumb3 0.999997 0.001874 0.001479 -5.62E-4 -0.001874 0.999998 2.1E-5 0.044143 -0.001479 -2.4E-5 0.999999 0.0 0.0 0.0 0.0 1.0
LeftHandIndex1 0.989252 -0.144622 -0.021584 0.0 0.142352 0.986251 -0.083932 0.121989 0.033426 0.079957 0.996238 6.0E-6 0.0 0.0 0.0 1.0
LeftHandIndex2 0.999377 0.032722 -0.013246 0.001042 -0.03514 0.957982 -0.284667 0.032932 0.003375 0.284955 0.958535 0.0 0.0 0.0 0.0 1.0
LeftHandIndex3 0.990977 0.133912 -0.005645 0.001095 -0.133913 0.990993 1.85E-4 0.03356 0.005618 5.73E-4 0.999984 0.0 0.0 0.0 0.0 1.0
RightShoulder 0.153525 -0.908025 0.38977 -0.074603 -0.022976 -0.39762 -0.917263 0.120277 0.987878 0.131868 -0.081907 1.28E-4 0.0 0.0 0.0 1.0
RightArm 0.93054 -0.192224 0.311681 0.0 0.355784 0.676052 -0.645268 0.157184 -0.086677 0.711339 0.697484 0.0 0.0 0.0 0.0 1.0
RightForeArm 0.721052 0.692859 -0.005528 0.0 -0.690251 0.717599 -0.092763 0.243323 -0.060305 0.070702 0.995673 -0.0 0.0 0.0 0.0 1.0
RightHand 0.98157 0.174327 -0.078299 0.0 -0.186775 0.961825 -0.200019 0.22105 0.040441 0.210957 0.976658 -0.0 0.0 0.0 0.0 1.0
RightHandThumb1 0.83716 0.504979 -0.210139 0.024462 -0.546938 0.769612 -0.32948 0.024251 -0.004655 0.39076 0.920481 0.019483 0.0 0.0 0.0 1.0
RightHandThumb2 0.889343 -0.457022 0.014184 -0.002391 0.457079 0.88777 -0.054251 0.031569 0.012202 0.054731 0.998427 -0.0 0.0 0.0 0.0 1.0
RightHandThumb3 0.998578 0.05314 -0.004321 0.00241 -0.053139 0.998587 2.31E-4 0.045062 0.004328 -1.0E-6 0.999991 0.0 0.0 0.0 0.0 1.0
RightHandIndex1 0.999653 0.01666 0.020405 0.0 -0.014883 0.996329 -0.0843 0.123753 -0.021735 0.083967 0.996231 1.2E-5 0.0 0.0 0.0 1.0
RightHandIndex2 0.999309 -0.032593 0.017856 -0.001174 0.036388 0.955739 -0.291957 0.035274 -0.00755 0.292405 0.956265 -0.0 0.0 0.0 0.0 1.0
RightHandIndex3 0.988568 -0.150384 0.010874 -9.54E-4 0.15039 0.988627 3.42E-4 0.031699 -0.010802 0.001297 0.999941 -0.0 0.0 0.0 0.0 1.0
LeftUpLeg -0.970385 0.221313 0.096821 0.075562 -0.159034 -0.886984 0.433551 -0.050384 0.18183 0.405314 0.895912 0.016543 0.0 0.0 0.0 1.0
LeftLeg 0.973913 -0.019087 0.226118 0.0 -0.121115 0.798935 0.589096 0.453272 -0.191898 -0.601114 0.775781 0.0 0.0 0.0 0.0 1.0
LeftFoot 0.989221 0.111562 -0.094842 0.0 -0.136835 0.473722 -0.869979 0.408386 -0.052128 0.87358 0.483882 -0.0 0.0 0.0 0.0 1.0
LeftToeBase 0.963616 0.19347 0.184429 -0.0 -0.026153 0.754926 -0.655289 0.212811 -0.266009 0.626623 0.732518 0.0 0.0 0.0 0.0 1.0
RightUpLeg -0.942736 -0.239688 -0.231944 -0.075562 0.223435 -0.970139 0.094375 -0.050384 -0.247639 0.037147 0.96814 0.020546 0.0 0.0 0.0 1.0
RightLeg 0.985639 -0.00704 0.16872 0.0 -0.094943 0.803157 0.588154 0.453812 -0.13965 -0.595726 0.790954 -0.0 0.0 0.0 0.0 1.0
RightFoot 0.955546 -0.164687 0.244562 0.0 0.277445 0.22151 -0.934857 0.407804 0.099786 0.961151 0.257355 0.0 0.0 0.0 0.0 1.0
RightToeBase 0.976305 -0.136819 -0.167661 0.0 -0.005791 0.757972 -0.652261 0.209222 0.216324 0.637776 0.73922 0.0 0.0 0.0 0.0 1.0
Time 0.066667
Hips 0.721564 0.019075 -0.692084 0.030851 -0.005893 0.999753 0.021411 0.970073 0.692322 -0.011371 0.721499 -0.027822 0.0 0.0 0.0 1.0
Spine 0.997729 0.015756 0.065495 0.0 -0.008171 0.99339 -0.114493 0.090819 -0.066866 0.113698 0.991263 0.001036 0.0 0.0 0.0 1.0
Spine1 0.99019 0.051534 0.129878 -0.0 -0.023811 0.978139 -0.206584 0.105963 -0.137685 0.201464 0.969771 0.0 0.0 0.0 0.0 1.0
Spine2 0.99019 0.051534 0.129878 -0.0 -0.023811 0.978139 -0.206584 0.1211 -0.137685 0.201464 0.969771 0.0 0.0 0.0 0.0 1.0
Neck 0.99993 -0.010785 0.004818 0.0 0.010077 0.991665 0.128447 0.136238 -0.006163 -0.12839 0.991705 -0.0 0.0 0.0 0.0 1.0
Head 0.92665 0.038323 0.373966 -0.0 -0.073956 0.993934 0.0814 0.048508 -0.368578 -0.103087 0.923863 0.01342 0.0 0.0 0.0 1.0
LeftShoulder -0.003161 0.925989 -0.377538 0.074603 0.020874 -0.377397 -0.925816 0.120279 -0.999777 -0.010807 -0.018137 2.36E-4 0.0 0.0 0.0 1.0
LeftArm 0.969185 -0.156043 -0.190607 0.0 -0.03503 0.678606 -0.733667 0.157184 0.243831 0.717736 0.652228 -0.0 0.0 0.0 0.0 1.0
LeftForeArm 0.566716 -0.823759 0.015918 0.0 0.818795 0.565241 0.10039 0.243319 -0.091695 -0.043859 0.994821 0.0 0.0 0.0 0.0 1.0
LeftHand 0.982392 -0.04687 0.180857 -0.0 -0.003879 0.962695 0.270559 0.221022 -0.186791 -0.266497 0.945562 0.0 0.0 0.0 0.0 1.0
LeftHandThumb1 0.825578 -0.352977 0.440259 -0.026336 0.53842 0.726266 -0.427366 0.025057 -0.168895 0.589868 0.789639 0.022961 0.0 0.0 0.0 1.0
LeftHandThumb2 0.998637 0.052114 0.002737 0.00104 -0.052149 0.998532 0.014635 0.034381 -0.00197 -0.014758 0.999889 0.0 0.0 0.0 0.0 1.0
LeftHandThumb3 0.999997 0.001874 0.001479 -5.62E-4 -0.001874 0.999998 2.1E-5 0.044143 -0.001479 -2.4E-5 0.999999 0.0 0.0 0.0 0.0 1.0
LeftHandIndex1 0.989901 -0.13987 -0.023071 0.0 0.136978 0.985671 -0.09844 0.121989 0.036509 0.094286 0.994876 6.0E-6 0.0 0.0 0.0 1.0
LeftHandIndex2 0.999384 0.032282 -0.013787 0.001042 -0.034903 0.955627 -0.292503 0.032932 0.003733 0.292804 0.956165 0.0 0.0 0.0 0.0 1.0
LeftHandIndex3 0.990977 0.133912 -0.005644 0.001095 -0.133913 0.990993 1.85E-4 0.03356 0.005618 5.72E-4 0.999984 0.0 0.0 0.0 0.0 1.0
RightShoulder 0.130626 -0.911944 0.388965 -0.074603 -0.022243 -0.394924 -0.918445 0.120277 0.991182 0.111321 -0.071872 1.28E-4 0.0 0.0 0.0 1.0
RightArm 0.942607 -0.176996 0.283134 0.0 0.319866 0.721942 -0.613584 0.157184 -0.095805 0.668933 0.737122 0.0 0.0 0.0 0.0 1.0
RightForeArm 0.660617 0.749793 -0.037359 -0.0 -0.750371 0.657963 -0.063473 0.243323 -0.023011 0.069964 0.997284 -0.0 0.0 0.0 0.0 1.0
RightHand 0.986611 0.146468 -0.071729 -0.0 -0.157681 0.969004 -0.190181 0.22105 0.04165 0.198944 0.979125 -0.0 0.0 0.0 0.0 1.0
RightHandThumb1 0.823154 0.52931 -0.205544 0.024462 -0.567697 0.759697 -0.317144 0.024251 -0.011716 0.377745 0.925835 0.019483 0.0 0.0 0.0 1.0
RightHandThumb2 0.902542 -0.430451 0.011425 -0.002391 0.430482 0.901343 -0.047598 0.031569 0.010191 0.047878 0.998801 -0.0 0.0 0.0 0.0 1.0
RightHandThumb3 0.998578 0.05314 -0.004321 0.00241 -0.053139 0.998587 2.31E-4 0.045062 0.004328 -1.0E-6 0.999991 0.0 0.0 0.0 0.0 1.0
RightHandIndex1 0.999385 0.026989 0.022401 -0.0 -0.024738 0.995141 -0.095304 0.123753 -0.024864 0.094691 0.995196 1.2E-5 0.0 0.0 0.0 1.0
RightHandIndex2 0.999314 -0.032276 0.018139 -0.001174 0.036203 0.954446 -0.296179 0.035274 -0.007753 0.296633 0.95496 0.0 0.0 0.0 0.0 1.0
RightHandIndex3 0.988568 -0.150384 0.010874 -9.54E-4 0.15039 0.988627 3.42E-4 0.031699 -0.010802 0.001297 0.999941 0.0 0.0 0.0 0.0 1.0
LeftUpLeg -0.972096 0.219803 0.081957 0.075562 -0.151806 -0.855782 0.494563 -0.050384 0.178844 0.468321 0.865269 0.016543 0.0 0.0 0.0 1.0
LeftLeg 0.977936 -0.012511 0.208532 0.0 -0.12322 0.771533 0.624143 0.453272 -0.168698 -0.636066 0.752968 -0.0 0.0 0.0 0.0 1.0
LeftFoot 0.990291 0.106867 -0.088894 -0.0 -0.129004 0.46836 -0.874069 0.408386 -0.051775 0.877051 0.477599 0.0 0.0 0.0 0.0 1.0
LeftToeBase 0.966761 0.189152 0.172031 0.0 -0.032384 0.757998 -0.651452 0.212811 -0.253622 0.624227 0.738929 0.0 0.0 0.0 0.0 1.0
RightUpLeg -0.945553 -0.252759 -0.205041 -0.075562 0.219023 -0.960156 0.173578 -0.050384 -0.240745 0.119218 0.963239 0.020546 0.0 0.0 0.0 1.0
RightLeg 0.985767 -0.01224 0.167669 -0.0 -0.099015 0.763738 0.637888 0.453812 -0.135862 -0.645411 0.751656 0.0 0.0 0.0 0.0 1.0
RightFoot 0.954459 -0.163952 0.249253 0.0 0.280145 0.205219 -0.937765 0.407804 0.102597 0.964886 0.241803 0.0 0.0 0.0 0.0 1.0
RightToeBase 0.976288 -0.136054 -0.168377 0.0 -0.006387 0.759368 -0.65063 0.209222 0.216381 0.636278 0.740493 -0.0 0.0 0.0 0.0 1.0
Time 0.1
Hips 0.697367 -0.022823 -0.71635 0.053913 -0.023089 0.998259 -0.054282 0.936977 0.716342 0.054394 0.695626 -0.03467 0.0 0.0 0.0 1.0
Spine 0.998133 0.01103 0.060079 0.0 -0.003805 0.992877 -0.119082 0.090819 -0.060965 0.118631 0.991065 0.001036 0.0 0.0 0.0 1.0
Spine1 0.992459 0.045777 0.113705 0.0 -0.020356 0.976317 -0.215386 0.105963 -0.120872 0.211447 0.969887 0.0 0.0 0.0 0.0 1.0
Spine2 0.992459 0.045777 0.113705 -0.0 -0.020356 0.976317 -0.215385 0.1211 -0.120872 0.211447 0.969887 0.0 0.0 0.0 0.0 1.0
Neck 0.999434 -0.003122 0.033495 0.0 -0.00232 0.98692 0.161193 0.136238 -0.03356 -0.16118 0.986354 -0.0 0.0 0.0 0.0 1.0
Head 0.917607 0.064046 0.392295 0.0 -0.120976 0.985112 0.122141 0.048508 -0.378633 -0.159536 0.911694 0.01342 0.0 0.0 0.0 1.0
LeftShoulder -0.012197 0.911672 -0.410739 0.074603 0.019413 -0.410476 -0.911665 0.120279 -0.999737 -0.019094 -0.012692 2.36E-4 0.0 0.0 0.0 1.0
LeftArm 0.969508 -0.094778 -0.225991 0.0 -0.102646 0.680333 -0.725679 0.157184 0.222528 0.726749 0.649859 -0.0 0.0 0.0 0.0 1.0
LeftForeArm 0.449508 -0.892024 -0.047282 0.0 0.889809 0.442476 0.111606 0.243319 -0.078634 -0.09224 0.992627 0.0 0.0 0.0 0.0 1.0
LeftHand 0.979323 -0.11698 0.165054 0.0 0.059086 0.945685 0.319669 0.221022 -0.193484 -0.303307 0.933043 0.0 0.0 0.0 0.0 1.0
LeftHandThumb1 0.797953 -0.432915 0.419352 -0.026336 0.593022 0.688236 -0.417919 0.025057 -0.107689 0.582164 0.805908 0.022961 0.0 0.0 0.0 1.0
LeftHandThumb2 0.998375 0.056917 0.002641 0.00104 -0.056951 0.99826 0.015307 0.034381 -0.001765 -0.015433 0.999879 0.0 0.0 0.0 0.0 1.0
LeftHandThumb3 0.999997 0.001874 0.001479 -5.62E-4 -0.001874 0.999998 2.1E-5 0.044143 -0.001479 -2.4E-5 0.999999 -0.0 0.0 0.0 0.0 1.0
LeftHandIndex1 0.990828 -0.13249 -0.026589 0.0 0.128215 0.983878 -0.124676 0.121989 0.042678 0.120123 0.991841 6.0E-6 0.0 0.0 0.0 1.0
LeftHandIndex2 0.999396 0.03147 -0.01476 0.001042 -0.034484 0.950997 -0.307272 0.032932 0.004367 0.307595 0.951507 0.0 0.0 0.0 0.0 1.0
LeftHandIndex3 0.990977 0.133912 -0.005644 0.001095 -0.133913 0.990993 1.85E-4 0.03356 0.005618 5.72E-4 0.999984 0.0 0.0 0.0 0.0 1.0
RightShoulder 0.090497 -0.914409 0.394546 -0.074603 -0.020753 -0.397817 -0.91723 0.120277 0.99568 0.074818 -0.054978 1.28E-4 0.0 0.0 0.0 1.0
RightArm 0.947688 -0.182833 0.261649 0.0 0.308082 0.738367 -0.599917 0.157184 -0.083508 0.649143 0.756069 0.0 0.0 0.0 0.0 1.0
RightForeArm 0.536907 0.841495 -0.060142 0.0 -0.843472 0.536861 -0.01831 0.243323 0.01688 0.060558 0.998022 -0.0 0.0 0.0 0.0 1.0
RightHand 0.977039 0.184754 -0.106114 -0.0 -0.193092 0.978348 -0.074496 0.22105 0.090053 0.093275 0.991559 -0.0 0.0 0.0 0.0 1.0
RightHandThumb1 0.795463 0.57207 -0.199934 0.024462 -0.605533 0.737372 -0.299353 0.024251 -0.023825 0.359191 0.93296 0.019483 0.0 0.0 0.0 1.0
RightHandThumb2 0.923785 -0.382858 0.006425 -0.002391 0.382826 0.923091 -0.036716 0.031569 0.008126 0.036377 0.999305 -0.0 0.0 0.0 0.0 1.0
RightHandThumb3 0.998578 0.05314 -0.004321 0.00241 -0.053139 0.998587 2.31E-4 0.045062 0.004328 -1.0E-6 0.999991 -0.0 0.0 0.0 0.0 1.0
RightHandIndex1 0.998583 0.045866 0.02699 -0.0 -0.04248 0.992468 -0.114901 0.123753 -0.032057 0.113591 0.99301 1.2E-5 0.0 0.0 0.0 1.0
RightHandIndex2 0.999324 -0.031676 0.018661 -0.001174 0.035854 0.951947 -0.304156 0.035274 -0.008129 0.30462 0.952439 0.0 0.0 0.0 0.0 1.0
RightHandIndex3 0.988568 -0.150384 0.010874 -9.54E-4 0.15039 0.988627 3.42E-4 0.031699 -0.010802 0.001297 0.999941 -0.0 0.0 0.0 0.0 1.0
LeftUpLeg -0.967608 0.244114 0.064368 0.075562 -0.146862 -0.751668 0.642982 -0.050384 0.205345 0.612702 0.763171 0.016543 0.0 0.0 0.0 1.0
LeftLeg 0.982353 -0.008075 0.186861 -0.0 -0.133706 0.668288 0.731788 0.453272 -0.130786 -0.743858 0.655416 0.0 0.0 0.0 0.0 1.0
LeftFoot 0.992245 0.096853 -0.077908 0.0 -0.112721 0.436991 -0.892375 0.408386 -0.052385 0.894236 0.44452 -0.0 0.0 0.0 0.0 1.0
LeftToeBase 0.969512 0.180203 0.166052 0.0 -0.031424 0.763479 -0.645068 0.212811 -0.243021 0.620183 0.745865 0.0 0.0 0.0 0.0 1.0
RightUpLeg -0.948311 -0.279027 -0.151165 -0.075562 0.212278 -0.911836 0.351417 -0.050384 -0.235892 0.301163 0.923935 0.020546 0.0 0.0 0.0 1.0
RightLeg 0.989803 -0.038095 0.137258 0.0 -0.080507 0.645316 0.759661 0.453812 -0.117514 -0.762965 0.635669 -0.0 0.0 0.0 0.0 1.0
RightFoot 0.954847 -0.155531 0.253134 0.0 0.276535 0.153803 -0.948616 0.407804 0.108606 0.975784 0.189868 0.0 0.0 0.0 0.0 1.0
RightToeBase 0.977002 -0.130913 -0.168314 -0.0 -0.009955 0.760481 -0.649283 0.209222 0.213 0.636027 0.741688 0.0 0.0 0.0 0.0 1.0
Time 0.133333
Hips 0.665862 -0.071279 -0.742662 0.0795 -0.050229 0.988884 -0.139945 0.889749 0.744382 0.130487 0.65488 -0.042114 0.0 0.0 0.0 1.0
Spine 0.998429 0.004381 0.055866 -0.0 0.002641 0.992152 -0.125012 0.090819 -0.055976 0.124963 0.990581 0.001036 0.0 0.0 0.0 1.0
Spine1 0.994571 0.037872 0.096928 0.0 -0.014979 0.973826 -0.226801 0.105963 -0.10298 0.224118 0.969106 0.0 0.0 0.0 0.0 1.0
Spine2 0.994571 0.037872 0.096928 0.0 -0.014979 0.973826 -0.226801 0.1211 -0.102981 0.224117 0.969106 0.0 0.0 0.0 0.0 1.0
Neck 0.997723 0.011074 0.066531 0.0 -0.023338 0.982178 0.186499 0.136238 -0.06328 -0.187627 0.9802 -0.0 0.0 0.0 0.0 1.0
Head 0.907755 0.078944 0.412006 0.0 -0.169478 0.967429 0.188036 0.048508 -0.383743 -0.240517 0.891568 0.01342 0.0 0.0 0.0 1.0
LeftShoulder -0.02188 0.890078 -0.455282 0.074603 0.018762 -0.454946 -0.890322 0.120279 -0.999585 -0.028022 -0.006746 2.36E-4 0.0 0.0 0.0 1.0
LeftArm 0.964924 -0.021014 -0.261687 0.0 -0.182784 0.661729 -0.727121 0.157184 0.188445 0.749449 0.634677 -0.0 0.0 0.0 0.0 1.0
LeftForeArm 0.309533 -0.945546 -0.100652 0.0 0.947883 0.298411 0.111666 0.243319 -0.07555 -0.129971 0.988635 0.0 0.0 0.0 0.0 1.0
LeftHand 0.96304 -0.234252 0.132966 -0.0 0.160297 0.895127 0.415996 0.221022 -0.216469 -0.379307 0.899593 0.0 0.0 0.0 0.0 1.0
LeftHandThumb1 0.755655 -0.518315 0.40042 -0.026336 0.653538 0.637084 -0.40867 0.025057 -0.043281 0.570503 0.820154 0.022961 0.0 0.0 0.0 1.0
LeftHandThumb2 0.99809 0.061719 0.002562 0.00104 -0.061753 0.997961 0.016152 0.034381 -0.00156 -0.01628 0.999866 0.0 0.0 0.0 0.0 1.0
LeftHandThumb3 0.999997 0.001874 0.001479 -5.62E-4 -0.001874 0.999998 2.1E-5 0.044143 -0.001479 -2.4E-5 0.999999 0.0 0.0 0.0 0.0 1.0
LeftHandIndex1 0.991702 -0.124718 -0.031176 0.0 0.118527 0.980949 -0.153915 0.121989 0.049778 0.148942 0.987592 6.0E-6 0.0 0.0 0.0 1.0
LeftHandIndex2 0.999409 0.030534 -0.015818 0.001042 -0.034013 0.94548 -0.323898 0.032932 0.005066 0.324244 0.94596 0.0 0.0 0.0 0.0 1.0
LeftHandIndex3 0.990977 0.133912 -0.005644 0.001095 -0.133913 0.990993 1.85E-4 0.03356 0.005618 5.72E-4 0.999984 0.0 0.0 0.0 0.0 1.0
RightShoulder 0.044758 -0.913363 0.404678 -0.074603 -0.018807 -0.405782 -0.913776 0.120277 0.998821 0.033288 -0.035339 1.28E-4 0.0 0.0 0.0 1.0
RightArm 0.949263 -0.200189 0.242536 0.0 0.309473 0.731749 -0.607265 0.157184 -0.055907 0.651512 0.756575 0.0 0.0 0.0 0.0 1.0
RightForeArm 0.391982 0.916929 -0.074777 0.0 -0.918652 0.394478 0.021577 0.243323 0.049282 0.060236 0.996967 -0.0 0.0 0.0 0.0 1.0
RightHand 0.948139 0.288699 -0.132985 -0.0 -0.274596 0.954687 0.114762 0.22105 0.16009 -0.072293 0.984452 -0.0 0.0 0.0 0.0 1.0
RightHandThumb1 0.761869 0.618108 -0.193642 0.024462 -0.646693 0.708946 -0.281397 0.024251 -0.036652 0.339615 0.93985 0.019483 0.0 0.0 0.0 1.0
RightHandThumb2 0.944447 -0.32866 0.001703 -0.002391 0.328603 0.944159 -0.02415 0.031569 0.006329 0.023368 0.999707 0.0 0.0 0.0 0.0 1.0
RightHandThumb3 0.998578 0.05314 -0.004321 0.00241 -0.053139 0.998587 2.31E-4 0.045062 0.004328 -1.0E-6 0.999991 0.0 0.0 0.0 0.0 1.0
RightHandIndex1 0.997231 0.067154 0.031956 -0.0 -0.062188 0.988632 -0.136889 0.123753 -0.040786 0.134523 0.990071 1.2E-5 0.0 0.0 0.0 1.0
RightHandIndex2 0.999335 -0.030991 0.019237 -0.001174 0.03546 0.949031 -0.313182 0.035274 -0.008551 0.313656 0.949498 0.0 0.0 0.0 0.0 1.0
RightHandIndex3 0.988568 -0.150384 0.010874 -9.54E-4 0.15039 0.988627 3.42E-4 0.031699 -0.010802 0.001297 0.999941 -0.0 0.0 0.0 0.0 1.0
LeftUpLeg -0.959268 0.280581 0.032856 0.075562 -0.144704 -0.587918 0.795872 -0.050384 0.242624 0.7587 0.604572 0.016543 0.0 0.0 0.0 1.0
LeftLeg 0.986224 -0.005685 0.165319 -0.0 -0.138933 0.513957 0.84649 0.453272 -0.089779 -0.857797 0.506087 0.0 0.0 0.0 0.0 1.0
LeftFoot 0.993663 0.088206 -0.069663 0.0 -0.098927 0.392122 -0.914578 0.408386 -0.053355 0.915675 0.398363 0.0 0.0 0.0 0.0 1.0
LeftToeBase 0.971134 0.169527 0.167809 0.0 -0.023945 0.769225 -0.638529 0.212811 -0.23733 0.616079 0.75108 -0.0 0.0 0.0 0.0 1.0
RightUpLeg -0.951908 -0.293898 -0.086571 -0.075562 0.201697 -0.813813 0.545002 -0.050384 -0.230627 0.501331 0.833954 0.020546 0.0 0.0 0.0 1.0
RightLeg 0.993952 -0.062635 0.090205 0.0 -0.04939 0.478684 0.876597 0.453812 -0.098085 -0.87575 0.472695 0.0 0.0 0.0 0.0 1.0
RightFoot 0.956038 -0.143449 0.255759 0.0 0.270006 0.090367 -0.958609 0.407804 0.1144 0.985523 0.125126 -0.0 0.0 0.0 0.0 1.0
RightToeBase 0.977819 -0.125314 -0.16783 0.0 -0.013321 0.762451 -0.646909 0.209222 0.209029 0.634796 0.743869 0.0 0.0 0.0 0.0 1.0
Time 0.166667
Hips 0.631303 -0.126802 -0.7651 0.105636 -0.076027 0.971672 -0.22377 0.838891 0.771801 0.199434 0.603779 -0.049672 0.0 0.0 0.0 1.0
Spine 0.998655 -0.002607 0.05178 0.0 0.009402 0.99128 -0.131433 0.090819 -0.050985 0.131744 0.989972 0.001036 0.0 0.0 0.0 1.0
Spine1 0.996383 0.029141 0.079824 -0.0 -0.009232 0.970922 -0.239216 0.105963 -0.084474 0.237614 0.96768 -0.0 0.0 0.0 0.0 1.0
Spine2 0.996383 0.029141 0.079824 0.0 -0.009232 0.970922 -0.239216 0.1211 -0.084474 0.237614 0.96768 -0.0 0.0 0.0 0.0 1.0
Neck 0.994585 0.025542 0.100741 0.0 -0.046193 0.976963 0.208351 0.136238 -0.093099 -0.211877 0.972852 -0.0 0.0 0.0 0.0 1.0
Head 0.896131 0.088162 0.434944 0.0 -0.217395 0.941631 0.257042 0.048508 -0.386895 -0.324898 0.862991 0.01342 0.0 0.0 0.0 1.0
LeftShoulder -0.031539 0.864607 -0.501458 0.074603 0.018349 -0.501122 -0.865182 0.120279 -0.999334 -0.036489 -6.0E-5 2.36E-4 0.0 0.0 0.0 1.0
LeftArm 0.952787 0.050727 -0.299371 -0.0 -0.262776 0.631753 -0.729272 0.157184 0.152134 0.773508 0.615256 -0.0 0.0 0.0 0.0 1.0
LeftForeArm 0.164158 -0.974917 -0.150295 0.0 0.983956 0.151041 0.094959 0.243319 -0.069877 -0.163472 0.98407 0.0 0.0 0.0 0.0 1.0
LeftHand 0.93396 -0.349168 0.076158 0.0 0.263574 0.81691 0.513017 0.221022 -0.241344 -0.459064 0.854993 -0.0 0.0 0.0 0.0 1.0
LeftHandThumb1 0.704042 -0.599782 0.380245 -0.026336 0.70981 0.57755 -0.403244 0.025057 0.022248 0.553803 0.832351 0.022961 0.0 0.0 0.0 1.0
LeftHandThumb2 0.997791 0.066385 0.002498 0.00104 -0.066418 0.997646 0.017061 0.034381 -0.001359 -0.01719 0.999851 0.0 0.0 0.0 0.0 1.0
LeftHandThumb3 0.999997 0.001874 0.001479 -5.62E-4 -0.001874 0.999998 2.1E-5 0.044143 -0.001479 -2.4E-5 0.999999 0.0 0.0 0.0 0.0 1.0
LeftHandIndex1 0.99243 -0.117286 -0.036426 0.0 0.108718 0.976963 -0.183638 0.121989 0.057126 0.178288 0.982319 6.0E-6 0.0 0.0 0.0 1.0
LeftHandIndex2 0.999421 0.029545 -0.016874 0.001042 -0.033529 0.939504 -0.340893 0.032932 0.005782 0.341261 0.939951 0.0 0.0 0.0 0.0 1.0
LeftHandIndex3 0.990977 0.133912 -0.005644 0.001095 -0.133913 0.990993 1.85E-4 0.03356 0.005618 5.72E-4 0.999984 0.0 0.0 0.0 0.0 1.0
RightShoulder -0.001949 -0.909805 0.415032 -0.074603 -0.016858 -0.414944 -0.909691 0.120277 0.999856 -0.00877 -0.014529 1.28E-4 0.0 0.0 0.0 1.0
RightArm 0.94952 -0.218696 0.224907 -0.0 0.312614 0.719395 -0.620277 0.157184 -0.026144 0.659275 0.751447 -0.0 0.0 0.0 0.0 1.0
RightForeArm 0.237422 0.968245 -0.078308 0.0 -0.96842 0.242239 0.059024 0.243323 0.076119 0.061821 0.99518 -0.0 0.0 0.0 0.0 1.0
RightHand 0.904175 0.410346 -0.118675 -0.0 -0.357668 0.879165 0.31487 0.22105 0.23354 -0.242251 0.941686 -0.0 0.0 0.0 0.0 1.0
RightHandThumb1 0.724982 0.663458 -0.185 0.024462 -0.686949 0.676987 -0.264177 0.024251 -0.050028 0.318609 0.946565 0.019483 0.0 0.0 0.0 1.0
RightHandThumb2 0.962266 -0.272106 -0.00165 -0.002391 0.272076 0.962222 -0.010172 0.031569 0.004355 0.009339 0.999947 0.0 0.0 0.0 0.0 1.0
RightHandThumb3 0.998578 0.05314 -0.004321 0.00241 -0.053139 0.998587 2.31E-4 0.045062 0.004327 -1.0E-6 0.999991 -0.0 0.0 0.0 0.0 1.0
RightHandIndex1 0.995357 0.089163 0.036251 0.0 -0.082314 0.983756 -0.159527 0.123753 -0.049886 0.155803 0.986528 1.2E-5 0.0 0.0 0.0 1.0
RightHandIndex2 0.999345 -0.030277 0.019819 -0.001174 0.035054 0.945939 -0.322446 0.035274 -0.008985 0.322929 0.946381 0.0 0.0 0.0 0.0 1.0
RightHandIndex3 0.988568 -0.150384 0.010874 -9.54E-4 0.150389 0.988627 3.42E-4 0.031699 -0.010802 0.001297 0.999941 0.0 0.0 0.0 0.0 1.0
LeftUpLeg -0.94904 0.314785 -0.015304 0.075562 -0.142535 -0.385404 0.911673 -0.050384 0.281083 0.867395 0.410632 0.016543 0.0 0.0 0.0 1.0
LeftLeg 0.988585 0.001766 0.150657 -0.0 -0.142747 0.330914 0.932802 0.453272 -0.048207 -0.943659 0.327388 0.0 0.0 0.0 0.0 1.0
LeftFoot 0.994828 0.080801 -0.061551 0.0 -0.085768 0.343585 -0.935197 0.408386 -0.054417 0.935639 0.348738 0.0 0.0 0.0 0.0 1.0
LeftToeBase 0.972454 0.158473 0.170936 0.0 -0.015194 0.774873 -0.631934 0.212811 -0.232598 0.611929 0.755937 0.0 0.0 0.0 0.0 1.0
RightUpLeg -0.955189 -0.295251 -0.021004 -0.075562 0.191205 -0.669636 0.717654 -0.050384 -0.225953 0.681479 0.696082 0.020546 0.0 0.0 0.0 1.0
RightLeg 0.996808 -0.070644 0.037181 0.0 -0.015632 0.284 0.958697 0.453812 -0.078285 -0.956218 0.28199 -0.0 0.0 0.0 0.0 1.0
RightFoot 0.957241 -0.131076 0.257894 -0.0 0.263032 0.02323 -0.964507 0.407804 0.120433 0.9911 0.056714 0.0 0.0 0.0 0.0 1.0
RightToeBase 0.978756 -0.119414 -0.166665 0.0 -0.016557 0.764196 -0.644771 0.209222 0.20436 0.633833 0.745984 0.0 0.0 0.0 0.0 1.0
Time 0.2
Hips 0.59714 -0.186365 -0.780187 0.131271 -0.0966 0.948849 -0.300589 0.786671 0.796299 0.25486 0.548593 -0.057017 0.0 0.0 0.0 1.0
Spine 0.998845 -0.009242 0.047161 0.0 0.015693 0.990264 -0.138317 0.090819 -0.045423 0.138898 0.989264 0.001036 0.0 0.0 0.0 1.0
Spine1 0.997883 0.020012 0.061885 0.0 -0.003742 0.967578 -0.252545 0.105963 -0.064933 0.251779 0.965604 0.0 0.0 0.0 0.0 1.0
Spine2 0.997883 0.020012 0.061885 0.0 -0.003742 0.967578 -0.252545 0.1211 -0.064932 0.251779 0.965604 0.0 0.0 0.0 0.0 1.0
Neck 0.990217 0.039217 0.133915 -0.0 -0.069051 0.971669 0.226032 0.136238 -0.121257 -0.233068 0.964871 -0.0 0.0 0.0 0.0 1.0
Head 0.884077 0.091704 0.458255 0.0 -0.262047 0.909181 0.323606 0.048508 -0.386961 -0.406177 0.827817 0.01342 0.0 0.0 0.0 1.0
LeftShoulder -0.040807 0.83628 -0.546782 0.074603 0.018203 -0.546525 -0.837245 0.120279 -0.999001 -0.044118 0.007079 2.36E-4 0.0 0.0 0.0 1.0
LeftArm 0.935321 0.112297 -0.335506 -0.0 -0.333474 0.596614 -0.729964 0.157184 0.118194 0.794633 0.595474 -0.0 0.0 0.0 0.0 1.0
LeftForeArm 0.032978 -0.981231 -0.189996 -0.0 0.997882 0.021661 0.061338 0.243319 -0.056071 -0.191617 0.979867 0.0 0.0 0.0 0.0 1.0
LeftHand 0.897996 -0.440004 -1.01E-4 -0.0 0.355263 0.724914 0.590159 0.221022 -0.259599 -0.529997 0.807287 -0.0 0.0 0.0 0.0 1.0
LeftHandThumb1 0.645928 -0.673077 0.360201 -0.026336 0.758497 0.512464 -0.402572 0.025057 0.086372 0.533243 0.841541 0.022961 0.0 0.0 0.0 1.0
LeftHandThumb2 0.997505 0.070551 0.002458 0.00104 -0.070584 0.997343 0.018028 0.034381 -0.001179 -0.018156 0.999834 0.0 0.0 0.0 0.0 1.0
LeftHandThumb3 0.999997 0.001874 0.001479 -5.62E-4 -0.001874 0.999998 2.1E-5 0.044143 -0.001479 -2.4E-5 0.999999 0.0 0.0 0.0 0.0 1.0
LeftHandIndex1 0.992962 -0.110681 -0.042141 0.0 0.099326 0.972062 -0.212675 0.121989 0.064503 0.206992 0.976214 6.0E-6 0.0 0.0 0.0 1.0
LeftHandIndex2 0.999433 0.028533 -0.017895 0.001042 -0.033048 0.933269 -0.357654 0.032932 0.006496 0.358042 0.933683 0.0 0.0 0.0 0.0 1.0
LeftHandIndex3 0.990977 0.133912 -0.005644 0.001095 -0.133913 0.990993 1.85E-4 0.03356 0.005618 5.72E-4 0.999984 0.0 0.0 0.0 0.0 1.0
RightShoulder -0.046999 -0.903662 0.42566 -0.074603 -0.015163 -0.425437 -0.904861 0.120277 0.99878 -0.048982 0.006293 1.28E-4 0.0 0.0 0.0 1.0
RightArm 0.949882 -0.231862 0.209679 0.0 0.31261 0.70434 -0.637322 0.157184 8.6E-5 0.670928 0.741522 0.0 0.0 0.0 0.0 1.0
RightForeArm 0.09112 0.993337 -0.070565 0.0 -0.991206 0.097296 0.089691 0.243323 0.095959 0.061771 0.993467 -0.0 0.0 0.0 0.0 1.0
RightHand 0.851822 0.520264 -0.061033 -0.0 -0.428056 0.758497 0.491376 0.22105 0.301939 -0.39244 0.868806 -0.0 0.0 0.0 0.0 1.0
RightHandThumb1 0.686225 0.706253 -0.174073 0.024462 -0.724584 0.642716 -0.248787 0.024251 -0.063827 0.296854 0.952787 0.019483 0.0 0.0 0.0 1.0
RightHandThumb2 0.976451 -0.215715 -0.003324 -0.002391 0.215728 0.976443 0.00459 0.031569 0.002256 -0.005199 0.999984 0.0 0.0 0.0 0.0 1.0
RightHandThumb3 0.998578 0.05314 -0.004321 0.00241 -0.053139 0.998587 2.31E-4 0.045062 0.004327 -1.0E-6 0.999991 -0.0 0.0 0.0 0.0 1.0
RightHandIndex1 0.993021 0.111071 0.03966 0.0 -0.102126 0.978001 -0.181892 0.123753 -0.05899 0.176573 0.982518 1.2E-5 0.0 0.0 0.0 1.0
RightHandIndex2 0.999355 -0.029559 0.020388 -0.001174 0.034651 0.942772 -0.331632 0.035274 -0.009419 0.332124 0.943189 0.0 0.0 0.0 0.0 1.0
RightHandIndex3 0.988568 -0.150384 0.010874 -9.54E-4 0.150389 0.988627 3.43E-4 0.031699 -0.010802 0.001297 0.999941 -0.0 0.0 0.0 0.0 1.0
LeftUpLeg -0.938609 0.336305 -0.076897 0.075562 -0.13902 -0.164721 0.976494 -0.050384 0.315733 0.927236 0.201361 0.016543 0.0 0.0 0.0 1.0
LeftLeg 0.989428 0.011747 0.144551 -0.0 -0.144807 0.134975 0.980211 0.453272 -0.007996 -0.990779 0.135249 0.0 0.0 0.0 0.0 1.0
LeftFoot 0.995721 0.075027 -0.053953 0.0 -0.07387 0.295406 -0.952512 0.408386 -0.055526 0.952421 0.299685 0.0 0.0 0.0 0.0 1.0
LeftToeBase 0.973635 0.147712 0.173828 0.0 -0.006662 0.780118 -0.625597 0.212811 -0.228014 0.607945 0.760534 0.0 0.0 0.0 0.0 1.0
RightUpLeg -0.957349 -0.285993 0.041119 -0.075562 0.183459 -0.491741 0.851195 -0.050384 -0.223216 0.822435 0.523236 0.020546 0.0 0.0 0.0 1.0
RightLeg 0.998104 -0.06025 -0.012563 0.0 0.017203 0.077126 0.996873 0.453812 -0.059093 -0.995199 0.078016 0.0 0.0 0.0 0.0 1.0
RightFoot 0.958063 -0.119611 0.2604 0.0 0.256818 -0.044718 -0.965425 0.407804 0.12712 0.991813 -0.012125 0.0 0.0 0.0 0.0 1.0
RightToeBase 0.979992 -0.113157 -0.163742 -0.0 -0.01928 0.764833 -0.64394 0.209222 0.198102 0.634212 0.747349 0.0 0.0 0.0 0.0 1.0
Time 0.233333
Hips 0.591391 -0.225034 -0.774349 0.150092 -0.081556 0.938657 -0.335071 0.714389 0.80225 0.261311 0.53676 -0.060687 0.0 0.0 0.0 1.0
Spine 0.999292 -0.010633 0.036077 -0.0 0.015965 0.988422 -0.150888 0.090819 -0.034055 0.151357 0.987892 0.001036 0.0 0.0 0.0 1.0
Spine1 0.999339 0.011482 0.034496 0.0 -0.001496 0.961005 -0.276527 0.105963 -0.036325 0.276292 0.960387 0.0 0.0 0.0 0.0 1.0
Spine2 0.999339 0.011482 0.034495 0.0 -0.001496 0.961005 -0.276527 0.1211 -0.036325 0.276293 0.960387 0.0 0.0 0.0 0.0 1.0
Neck 0.987517 0.061797 0.144882 0.0 -0.091709 0.973413 0.209896 0.136238 -0.128059 -0.220563 0.96693 -0.0 0.0 0.0 0.0 1.0
Head 0.897171 0.077389 0.43485 0.0 -0.272957 0.871168 0.408118 0.048508 -0.347244 -0.484847 0.802711 0.01342 0.0 0.0 0.0 1.0
LeftShoulder -0.040929 0.801771 -0.596228 0.074603 0.020726 -0.595919 -0.802777 0.120279 -0.998947 -0.045214 0.007773 2.36E-4 0.0 0.0 0.0 1.0
LeftArm 0.952448 0.075062 -0.29531 -0.0 -0.276837 0.61807 -0.735765 0.157184 0.127295 0.782531 0.60946 -0.0 0.0 0.0 0.0 1.0
LeftForeArm 0.188325 -0.971931 -0.141012 0.0 0.981444 0.191524 -0.00934 0.243319 0.036085 -0.136636 0.989964 0.0 0.0 0.0 0.0 1.0
LeftHand 0.913917 -0.396603 -0.086378 0.0 0.375289 0.744562 0.552074 0.221022 -0.154641 -0.536966 0.829309 0.0 0.0 0.0 0.0 1.0
LeftHandThumb1 0.586523 -0.721733 0.367548 -0.026336 0.799308 0.442533 -0.406536 0.025057 0.130758 0.532226 0.836443 0.022961 0.0 0.0 0.0 1.0
LeftHandThumb2 0.997726 0.067358 0.002603 0.00104 -0.067396 0.997529 0.019828 0.034381 -0.001261 -0.019958 0.9998 0.0 0.0 0.0 0.0 1.0
LeftHandThumb3 0.999997 0.001874 0.001479 -5.62E-4 -0.001874 0.999998 2.1E-5 0.044143 -0.001479 -2.4E-5 0.999999 -0.0 0.0 0.0 0.0 1.0
LeftHandIndex1 0.992719 -0.110396 -0.048176 0.0 0.096091 0.96702 -0.235878 0.121989 0.072628 0.229532 0.970588 6.0E-6 0.0 0.0 0.0 1.0
LeftHandIndex2 0.999442 0.027571 -0.018837 0.001042 -0.032609 0.927284 -0.372937 0.032932 0.007185 0.373343 0.927666 0.0 0.0 0.0 0.0 1.0
LeftHandIndex3 0.990977 0.133912 -0.005644 0.001095 -0.133913 0.990993 1.85E-4 0.03356 0.005618 5.72E-4 0.999984 -0.0 0.0 0.0 0.0 1.0
RightShoulder -0.064883 -0.886031 0.459064 -0.074603 -0.016523 -0.459017 -0.888274 0.120277 0.997756 -0.065219 0.015142 1.28E-4 0.0 0.0 0.0 1.0
RightArm 0.960697 -0.168129 0.220892 0.0 0.276286 0.656369 -0.70203 0.157184 -0.026955 0.735467 0.677024 -0.0 0.0 0.0 0.0 1.0
RightForeArm 0.158373 0.986897 -0.030852 0.0 -0.985934 0.159754 0.049114 0.243323 0.053399 0.02264 0.998317 -0.0 0.0 0.0 0.0 1.0
RightHand 0.845729 0.533154 0.022107 0.0 -0.453173 0.69575 0.557284 0.22105 0.281737 -0.481329 0.830028 -0.0 0.0 0.0 0.0 1.0
RightHandThumb1 0.650859 0.740744 -0.166375 0.024462 -0.754762 0.607672 -0.24712 0.024251 -0.081951 0.286414 0.954595 0.019483 0.0 0.0 0.0 1.0
RightHandThumb2 0.984603 -0.174748 -0.004555 -0.002391 0.174796 0.984498 0.014465 0.031569 0.001956 -0.015038 0.999885 0.0 0.0 0.0 0.0 1.0
RightHandThumb3 0.998578 0.05314 -0.004321 0.00241 -0.053139 0.998587 2.31E-4 0.045062 0.004328 -1.0E-6 0.999991 0.0 0.0 0.0 0.0 1.0
RightHandIndex1 0.990575 0.1298 0.043742 0.0 -0.118687 0.972801 -0.198928 0.123753 -0.068373 0.191861 0.979038 1.2E-5 0.0 0.0 0.0 1.0
RightHandIndex2 0.999364 -0.028872 0.02094 -0.001174 0.03428 0.939675 -0.340347 0.035274 -0.009851 0.340848 0.940067 -0.0 0.0 0.0 0.0 1.0
RightHandIndex3 0.988568 -0.150384 0.010874 -9.54E-4 0.15039 0.988627 3.42E-4 0.031699 -0.010802 0.001297 0.999941 -0.0 0.0 0.0 0.0 1.0
LeftUpLeg -0.944063 0.307613 -0.118825 0.075562 -0.117681 0.022337 0.9928 -0.050384 0.308052 0.951249 0.015113 0.016543 0.0 0.0 0.0 1.0
LeftLeg 0.991487 0.010081 0.129812 0.0 -0.128984 -0.060022 0.989829 0.453272 0.01777 -0.998146 -0.058211 -0.0 0.0 0.0 0.0 1.0
LeftFoot 0.995514 0.07518 -0.057451 0.0 -0.075311 0.262013 -0.962121 0.408386 -0.05728 0.962131 0.2665 -0.0 0.0 0.0 0.0 1.0
LeftToeBase 0.973941 0.142102 0.176762 -0.0 -0.001063 0.78223 -0.622989 0.212811 -0.226797 0.606567 0.761997 -0.0 0.0 0.0 0.0 1.0
RightUpLeg -0.941682 -0.316975 0.11297 -0.075562 0.218256 -0.319802 0.922004 -0.050384 -0.256124 0.892891 0.370333 0.020546 0.0 0.0 0.0 1.0
RightLeg 0.997819 -0.041353 -0.05145 0.0 0.045152 -0.140985 0.988982 0.453812 -0.048151 -0.989148 -0.13881 0.0 0.0 0.0 0.0 1.0
RightFoot 0.956088 -0.114175 0.269927 -0.0 0.256602 -0.118888 -0.959177 0.407804 0.141605 0.986321 -0.08437 0.0 0.0 0.0 0.0 1.0
RightToeBase 0.983447 -0.104725 -0.147867 0.0 -0.017847 0.756109 -0.654202 0.209222 0.180314 0.646012 0.741725 0.0 0.0 0.0 0.0 1.0
Time 0.266667
Hips 0.589515 -0.247452 -0.768921 0.161151 -0.046423 0.939968 -0.338089 0.651453 0.806422 0.235005 0.542638 -0.060376 0.0 0.0 0.0 1.0
Spine 0.999551 -0.009225 0.028507 0.0 0.013708 0.986813 -0.161285 0.090819 -0.026643 0.161603 0.986496 0.001036 0.0 0.0 0.0 1.0
Spine1 0.999801 0.007744 0.018407 0.0 -0.00194 0.955046 -0.296451 0.105963 -0.019876 0.296356 0.954871 -0.0 0.0 0.0 0.0 1.0
Spine2 0.999801 0.007744 0.018407 0.0 -0.00194 0.955046 -0.296451 0.1211 -0.019876 0.296356 0.954871 0.0 0.0 0.0 0.0 1.0
Neck 0.987448 0.068898 0.142122 -0.0 -0.09654 0.975465 0.197861 0.136238 -0.125002 -0.209098 0.969872 -0.0 0.0 0.0 0.0 1.0
Head 0.91251 0.071519 0.402754 0.0 -0.268517 0.847494 0.457878 0.048508 -0.308584 -0.525965 0.792551 0.01342 0.0 0.0 0.0 1.0
LeftShoulder -0.027451 0.781871 -0.622836 0.074603 0.02026 -0.622508 -0.782351 0.120279 -0.999418 -0.034095 0.001248 2.36E-4 0.0 0.0 0.0 1.0
LeftArm 0.977644 -0.057168 -0.202347 0.0 -0.107975 0.689266 -0.716417 0.157184 0.180427 0.722249 0.667684 -0.0 0.0 0.0 0.0 1.0
LeftForeArm 0.549734 -0.831409 -0.080948 0.0 0.825236 0.555555 -0.101708 0.243319 0.129532 -0.010889 0.991515 0.0 0.0 0.0 0.0 1.0
LeftHand 0.931465 -0.31782 -0.177097 0.0 0.363745 0.824007 0.434398 0.221022 0.007869 -0.469045 0.883139 0.0 0.0 0.0 0.0 1.0
LeftHandThumb1 0.538495 -0.749764 0.384548 -0.026336 0.826285 0.380405 -0.415386 0.025057 0.165158 0.54143 0.824365 0.022961 0.0 0.0 0.0 1.0
LeftHandThumb2 0.998179 0.060268 0.0027 0.00104 -0.060313 0.997939 0.021925 0.034381 -0.001373 -0.022048 0.999756 0.0 0.0 0.0 0.0 1.0
LeftHandThumb3 0.999997 0.001874 0.001479 -5.62E-4 -0.001874 0.999998 2.1E-5 0.044143 -0.001479 -2.3E-5 0.999999 -0.0 0.0 0.0 0.0 1.0
LeftHandIndex1 0.992032 -0.114119 -0.05338 0.0 0.097124 0.962599 -0.252923 0.121989 0.080247 0.245724 0.966013 6.0E-6 0.0 0.0 0.0 1.0
LeftHandIndex2 0.999449 0.026767 -0.019624 0.001042 -0.032266 0.922141 -0.385506 0.032932 0.007777 0.385927 0.922497 0.0 0.0 0.0 0.0 1.0
LeftHandIndex3 0.990977 0.133912 -0.005645 0.001095 -0.133913 0.990993 1.85E-4 0.03356 0.005618 5.72E-4 0.999984 0.0 0.0 0.0 0.0 1.0
RightShoulder -0.056285 -0.87109 0.487887 -0.074603 -0.017322 -0.487736 -0.872819 0.120277 0.998264 -0.057577 0.012363 1.28E-4 0.0 0.0 0.0 1.0
RightArm 0.972579 -0.064131 0.223556 0.0 0.212543 0.635339 -0.742408 0.157184 -0.094423 0.769566 0.631548 0.0 0.0 0.0 0.0 1.0
RightForeArm 0.333401 0.941831 0.0424 0.0 -0.941648 0.33487 -0.034069 0.243323 -0.046286 -0.028568 0.99852 -0.0 0.0 0.0 0.0 1.0
RightHand 0.893208 0.433574 0.119136 0.0 -0.428552 0.740685 0.517426 0.22105 0.1361 -0.513225 0.847394 -0.0 0.0 0.0 0.0 1.0
RightHandThumb1 0.621767 0.766866 -0.15913 0.024462 -0.776491 0.577039 -0.253154 0.024251 -0.102311 0.280966 0.954249 0.019483 0.0 0.0 0.0 1.0
RightHandThumb2 0.988984 -0.147935 -0.005097 -0.002391 0.148011 0.988764 0.020948 0.031569 0.001941 -0.021471 0.999768 -0.0 0.0 0.0 0.0 1.0
RightHandThumb3 0.998578 0.05314 -0.004321 0.00241 -0.053139 0.998587 2.31E-4 0.045062 0.004328 -1.0E-6 0.999991 0.0 0.0 0.0 0.0 1.0
RightHandIndex1 0.988369 0.144581 0.047154 0.0 -0.131632 0.968613 -0.210858 0.123753 -0.076161 0.202199 0.976379 1.2E-5 0.0 0.0 0.0 1.0
RightHandIndex2 0.999371 -0.028286 0.021404 -0.001174 0.033968 0.936986 -0.347712 0.035274 -0.01022 0.34822 0.937357 0.0 0.0 0.0 0.0 1.0
RightHandIndex3 0.988568 -0.150384 0.010874 -9.54E-4 0.15039 0.988627 3.42E-4 0.031699 -0.010802 0.001297 0.999941 0.0 0.0 0.0 0.0 1.0
LeftUpLeg -0.951673 0.278724 -0.128959 0.075562 -0.091446 0.143684 0.98539 -0.050384 0.293181 0.949562 -0.111252 0.016543 0.0 0.0 0.0 1.0
LeftLeg 0.992224 0.014203 0.123652 0.0 -0.117711 -0.215742 0.969329 0.453272 0.040444 -0.976347 -0.212393 0.0 0.0 0.0 0.0 1.0
LeftFoot 0.995506 0.074573 -0.058363 0.0 -0.074492 0.236176 -0.968851 0.408386 -0.058466 0.968845 0.240669 0.0 0.0 0.0 0.0 1.0
LeftToeBase 0.974101 0.141024 0.176747 0.0 -5.01E-4 0.783017 -0.622 0.212811 -0.226113 0.605802 0.762808 -0.0 0.0 0.0 0.0 1.0
