Root_Bone_Name Hips
Num_Keyframes 247
Num_Bones 34
Time_Wrapping_Mode LOOP
Time 0.0
Hips 0.974187 -0.016827 -0.225114 0.005887 0.050715 0.98804 0.145618 0.949933 0.219971 -0.153276 0.963389 0.002526 0.0 0.0 0.0 1.0
Spine 0.997634 0.06064 0.032381 -0.0 -0.060646 0.998159 -7.96E-4 0.092381 -0.032369 -0.00117 0.999475 0.001307 0.0 0.0 0.0 1.0
Spine1 0.999857 0.016884 0.001205 0.0 -0.016505 0.988257 -0.151906 0.107789 -0.003755 0.151864 0.988394 0.0 0.0 0.0 0.0 1.0
Spine2 0.999859 0.016606 0.002351 0.0 -0.016056 0.988255 -0.15197 0.123187 -0.004847 0.151911 0.988382 0.0 0.0 0.0 0.0 1.0
Neck 0.999525 -0.009307 0.029383 0.0 0.00803 0.999031 0.043281 0.138586 -0.029757 -0.043024 0.998631 -0.0 0.0 0.0 0.0 1.0
Head 0.978857 0.079932 0.18828 0.0 -0.13551 0.942919 0.304206 0.040313 -0.153217 -0.323289 0.933814 0.011037 0.0 0.0 0.0 1.0
LeftShoulder 0.090613 0.995879 -0.003669 0.07447 0.017167 -0.005246 -0.999839 0.122371 -0.995738 0.090536 -0.017572 2.82E-4 0.0 0.0 0.0 1.0
LeftArm 0.261429 0.581358 0.770505 0.0 0.400705 0.66086 -0.634586 0.155382 -0.878118 0.474644 -0.060185 0.0 0.0 0.0 0.0 1.0
LeftForeArm -0.304165 -0.952418 -0.019601 0.0 0.952464 -0.304423 0.01179 0.248813 -0.017196 -0.015083 0.999738 0.0 0.0 0.0 0.0 1.0
LeftHand 0.992214 -0.090058 -0.086023 0.0 0.123188 0.608166 0.784193 0.225832 -0.018306 -0.788685 0.614525 0.0 0.0 0.0 0.0 1.0
LeftHandThumb1 0.924125 -0.184065 0.334832 -0.024222 0.263578 0.941528 -0.209886 0.018653 -0.276621 0.282215 0.918605 0.022191 0.0 0.0 0.0 1.0
LeftHandThumb2 0.984377 0.176033 -0.00378 5.35E-4 -0.17602 0.983329 -0.045606 0.030217 -0.004311 0.045559 0.998952 0.0 0.0 0.0 0.0 1.0
LeftHandThumb3 0.999652 0.026354 9.74E-4 -4.89E-4 -0.026372 0.998969 0.036955 0.043101 1.0E-6 -0.036968 0.999316 0.0 0.0 0.0 0.0 1.0
LeftHandIndex1 0.999247 -0.036723 -0.012517 0.0 0.037122 0.998757 0.033267 0.113343 0.01128 -0.033707 0.999368 -5.0E-6 0.0 0.0 0.0 1.0
LeftHandIndex2 0.998912 0.045265 -0.011239 0.001041 -0.04664 0.970046 -0.238402 0.032903 1.12E-4 0.238666 0.971102 -0.0 0.0 0.0 0.0 1.0
LeftHandIndex3 0.983404 0.180406 -0.019245 0.001107 -0.179762 0.954521 -0.237855 0.033648 -0.024541 0.237367 0.97111 0.0 0.0 0.0 0.0 1.0
RightShoulder 0.099687 -0.965133 0.242033 -0.07447 -0.013072 -0.244494 -0.969563 0.12237 0.994933 0.093489 -0.036989 1.76E-4 0.0 0.0 0.0 1.0
RightArm 0.336574 -0.79621 -0.502761 0.0 0.19412 0.58111 -0.790335 0.155382 0.921431 0.16841 0.350146 0.0 0.0 0.0 0.0 1.0
RightForeArm -0.568372 0.822418 0.024106 0.0 -0.822455 -0.568722 0.011084 0.248824 0.022826 -0.013526 0.999648 0.0 0.0 0.0 0.0 1.0
RightHand 0.955744 -0.078879 -0.283428 0.0 0.105697 0.991128 0.080586 0.225701 0.274557 -0.106977 0.955602 -0.0 0.0 0.0 0.0 1.0
RightHandThumb1 0.95191 0.124863 -0.27978 0.023976 -0.203478 0.940355 -0.272632 0.019052 0.229051 0.31645 0.92054 0.017779 0.0 0.0 0.0 1.0
RightHandThumb2 0.968074 -0.250509 0.008878 -0.001245 0.25057 0.966113 -0.061975 0.028301 0.006948 0.062221 0.998038 -0.0 0.0 0.0 0.0 1.0
RightHandThumb3 0.997421 0.071768 -6.2E-5 0.002262 -0.0717 0.996519 0.042522 0.044358 0.003113 -0.042408 0.999096 0.0 0.0 0.0 0.0 1.0
RightHandIndex1 0.99959 0.028419 -0.003429 -0.0 -0.028527 0.99891 -0.036951 0.112301 0.002375 0.037033 0.999311 3.4E-5 0.0 0.0 0.0 1.0
RightHandIndex2 0.999895 -0.012474 0.007342 -0.001192 0.013188 0.994177 -0.10695 0.035377 -0.005966 0.107036 0.994237 0.0 0.0 0.0 0.0 1.0
RightHandIndex3 0.983084 -0.182309 0.017597 -0.00124 0.183143 0.977317 -0.106353 0.032704 0.002192 0.107777 0.994173 -0.0 0.0 0.0 0.0 1.0
LeftUpLeg -0.999215 0.024418 0.031183 0.078926 -0.020717 -0.993273 0.113931 -0.051168 0.033755 0.113196 0.992999 0.016768 0.0 0.0 0.0 1.0
LeftLeg 0.983598 -0.073564 -0.164694 -0.0 0.170705 0.674598 0.718177 0.449901 0.05827 -0.734511 0.67609 0.0 0.0 0.0 0.0 1.0
LeftFoot 0.963131 0.033218 -0.266973 0.0 -0.268985 0.137431 -0.953289 0.403843 0.005024 0.989954 0.1413 0.0 0.0 0.0 0.0 1.0
LeftToeBase 0.974747 0.13872 0.175002 0.0 1.0E-6 0.783658 -0.621192 0.212853 -0.223313 0.605505 0.763868 0.0 0.0 0.0 0.0 1.0
RightUpLeg -0.987535 -0.152049 -0.04069 -0.078926 0.143969 -0.977059 0.156933 -0.051168 -0.063618 0.149119 0.986771 0.021155 0.0 0.0 0.0 1.0
RightLeg 0.987424 0.127538 0.093422 0.0 -0.154372 0.650359 0.743776 0.450627 0.034102 -0.748844 0.661868 0.0 0.0 0.0 0.0 1.0
RightFoot 0.967163 -0.140738 0.211635 0.0 0.229497 0.125778 -0.965148 0.403185 0.109214 0.982025 0.153946 -0.0 0.0 0.0 0.0 1.0
RightToeBase 0.975432 -0.138748 -0.171116 0.0 -0.002349 0.77015 -0.637858 0.209681 0.220287 0.622589 0.750904 -0.0 0.0 0.0 0.0 1.0
Time 0.033333
Hips 0.975419 0.00685 -0.220253 0.007474 0.034842 0.982149 0.184847 0.937807 0.217588 -0.187978 0.957768 -0.001062 0.0 0.0 0.0 1.0
Spine 0.997905 0.05288 0.037282 0.0 -0.051431 0.997922 -0.038816 0.092381 -0.039257 0.036818 0.998551 0.001307 0.0 0.0 0.0 1.0
Spine1 0.999973 0.006686 0.00314 0.0 -0.006087 0.986664 -0.162655 0.107789 -0.004185 0.162632 0.986678 -0.0 0.0 0.0 0.0 1.0
Spine2 0.999971 0.006289 0.004308 0.0 -0.005504 0.986668 -0.162655 0.123187 -0.005274 0.162626 0.986674 0.0 0.0 0.0 0.0 1.0
Neck 0.999576 -0.006099 0.028464 0.0 0.004511 0.998447 0.055522 0.138586 -0.028758 -0.05537 0.998052 -0.0 0.0 0.0 0.0 1.0
Head 0.980349 0.079106 0.180716 -0.0 -0.135277 0.936342 0.323981 0.040313 -0.143583 -0.342061 0.928643 0.011037 0.0 0.0 0.0 1.0
LeftShoulder 0.084873 0.996359 -0.008067 0.07447 0.016276 -0.009482 -0.999823 0.122371 -0.996259 0.084727 -0.017021 2.82E-4 0.0 0.0 0.0 1.0
LeftArm 0.279039 0.543589 0.791611 0.0 0.406954 0.679729 -0.610211 0.155382 -0.869785 0.492422 -0.031545 0.0 0.0 0.0 0.0 1.0
LeftForeArm -0.303916 -0.952497 -0.019598 0.0 0.952544 -0.304173 0.011791 0.248813 -0.017192 -0.015084 0.999738 0.0 0.0 0.0 0.0 1.0
LeftHand 0.988848 -0.127031 -0.077736 0.0 0.139159 0.60219 0.786131 0.225832 -0.053051 -0.788182 0.613152 0.0 0.0 0.0 0.0 1.0
LeftHandThumb1 0.924125 -0.184066 0.334832 -0.024222 0.263578 0.941528 -0.209886 0.018653 -0.276621 0.282215 0.918605 0.022191 0.0 0.0 0.0 1.0
LeftHandThumb2 0.984377 0.176033 -0.00378 5.35E-4 -0.17602 0.983329 -0.045606 0.030217 -0.004311 0.045559 0.998952 0.0 0.0 0.0 0.0 1.0
LeftHandThumb3 0.999652 0.026354 9.73E-4 -4.89E-4 -0.026372 0.998969 0.036956 0.043101 2.0E-6 -0.036968 0.999316 0.0 0.0 0.0 0.0 1.0
LeftHandIndex1 0.999254 -0.036532 -0.012511 0.0 0.036919 0.998797 0.032265 0.113343 0.011317 -0.032702 0.999401 -5.0E-6 0.0 0.0 0.0 1.0
LeftHandIndex2 0.998908 0.045337 -0.011269 0.001041 -0.046717 0.969952 -0.23877 0.032903 1.05E-4 0.239035 0.971011 -0.0 0.0 0.0 0.0 1.0
LeftHandIndex3 0.983391 0.180476 -0.019275 0.001107 -0.179828 0.954417 -0.238223 0.033648 -0.024597 0.237733 0.971019 0.0 0.0 0.0 0.0 1.0
RightShoulder 0.10575 -0.962894 0.248296 -0.07447 -0.013195 -0.251033 -0.967889 0.12237 0.994305 0.099078 -0.039252 1.76E-4 0.0 0.0 0.0 1.0
RightArm 0.297355 -0.842945 -0.448356 0.0 0.284397 0.52648 -0.80121 0.155382 0.911426 0.110733 0.396283 0.0 0.0 0.0 0.0 1.0
RightForeArm -0.640865 0.767244 0.025083 0.0 -0.767278 -0.641231 0.010341 0.248824 0.024018 -0.012619 0.999632 -0.0 0.0 0.0 0.0 1.0
RightHand 0.954583 -0.092277 -0.283296 0.0 0.106353 0.993723 0.034682 0.225701 0.278318 -0.063237 0.958405 -0.0 0.0 0.0 0.0 1.0
RightHandThumb1 0.95191 0.124863 -0.27978 0.023976 -0.203478 0.940355 -0.272632 0.019052 0.229051 0.316451 0.92054 0.017779 0.0 0.0 0.0 1.0
RightHandThumb2 0.968074 -0.250509 0.008878 -0.001245 0.25057 0.966113 -0.061975 0.028301 0.006948 0.062221 0.998038 -0.0 0.0 0.0 0.0 1.0
RightHandThumb3 0.997421 0.071768 -6.2E-5 0.002262 -0.0717 0.996519 0.042522 0.044358 0.003113 -0.042408 0.999096 0.0 0.0 0.0 0.0 1.0
RightHandIndex1 0.999607 0.027814 -0.003405 0.0 -0.02793 0.998767 -0.041048 0.112301 0.002259 0.041127 0.999151 3.4E-5 0.0 0.0 0.0 1.0
RightHandIndex2 0.999891 -0.012761 0.007443 -0.001192 0.013496 0.993952 -0.108985 0.035377 -0.006008 0.109073 0.994016 0.0 0.0 0.0 0.0 1.0
RightHandIndex3 0.983029 -0.182595 0.017703 -0.00124 0.183435 0.977039 -0.108384 0.032704 0.002494 0.109792 0.993951 0.0 0.0 0.0 0.0 1.0
LeftUpLeg -0.99768 0.048506 0.047774 0.078926 -0.042995 -0.992966 0.110314 -0.051168 0.052789 0.108004 0.992748 0.016768 0.0 0.0 0.0 1.0
LeftLeg 0.981438 -0.079603 -0.17448 0.0 0.18574 0.62108 0.76142 0.449901 0.047754 -0.779694 0.624337 0.0 0.0 0.0 0.0 1.0
LeftFoot 0.962614 0.060068 -0.264133 -0.0 -0.269094 0.100353 -0.957871 0.403843 -0.031031 0.993137 0.112765 0.0 0.0 0.0 0.0 1.0
LeftToeBase 0.974747 0.13872 0.175002 0.0 0.0 0.783659 -0.621191 0.212853 -0.223313 0.605504 0.763869 0.0 0.0 0.0 0.0 1.0
RightUpLeg -0.990449 -0.132137 -0.03938 -0.078926 0.125396 -0.982005 0.141216 -0.051168 -0.057331 0.13493 0.989195 0.021155 0.0 0.0 0.0 1.0
RightLeg 0.985066 0.13686 0.10447 -0.0 -0.166834 0.608732 0.775636 0.450627 0.042559 -0.781482 0.622474 0.0 0.0 0.0 0.0 1.0
RightFoot 0.964473 -0.140052 0.224004 0.0 0.238751 0.099095 -0.966011 0.403185 0.113094 0.985173 0.129012 0.0 0.0 0.0 0.0 1.0
RightToeBase 0.975419 -0.138767 -0.171177 0.0 -0.00268 0.769281 -0.638904 0.209681 0.220342 0.623658 0.75 -0.0 0.0 0.0 0.0 1.0
Time 0.066667
Hips 0.974318 0.034387 -0.222535 0.010696 0.019869 0.971288 0.237077 0.927383 0.224298 -0.23541 0.94566 -0.005641 0.0 0.0 0.0 1.0
Spine 0.99801 0.052269 0.035262 -0.0 -0.048777 0.994423 -0.093512 0.092381 -0.039953 0.091606 0.994994 0.001307 0.0 0.0 0.0 1.0
Spine1 0.999979 -0.004977 0.00416 0.0 0.005631 0.984391 -0.175905 0.107789 -0.003219 0.175924 0.984398 0.0 0.0 0.0 0.0 1.0
Spine2 0.99997 -0.005332 0.00557 -0.0 0.006228 0.984397 -0.17585 0.123187 -0.004545 0.17588 0.984401 0.0 0.0 0.0 0.0 1.0
Neck 0.999629 -0.009686 0.02547 0.0 0.007921 0.997618 0.068521 0.138586 -0.026073 -0.068294 0.997324 -0.0 0.0 0.0 0.0 1.0
Head 0.982624 0.075511 0.16955 0.0 -0.131733 0.927254 0.350495 0.040313 -0.13075 -0.36674 0.92109 0.011037 0.0 0.0 0.0 1.0
LeftShoulder 0.080325 0.996756 -0.004988 0.07447 0.015614 -0.006262 -0.999858 0.122371 -0.996646 0.080236 -0.016066 2.82E-4 0.0 0.0 0.0 1.0
LeftArm 0.301324 0.495514 0.814659 0.0 0.415057 0.70102 -0.579913 0.155382 -0.858447 0.512872 0.005567 0.0 0.0 0.0 0.0 1.0
LeftForeArm -0.297888 -0.954401 -0.019523 -0.0 0.954448 -0.298144 0.011815 0.248813 -0.017096 -0.015114 0.99974 0.0 0.0 0.0 0.0 1.0
LeftHand 0.982407 -0.167744 -0.082086 0.0 0.166905 0.591461 0.788871 0.225832 -0.083778 -0.788693 0.609053 0.0 0.0 0.0 0.0 1.0
LeftHandThumb1 0.924125 -0.184065 0.334832 -0.024222 0.263578 0.941528 -0.209886 0.018653 -0.276621 0.282215 0.918605 0.022191 0.0 0.0 0.0 1.0
LeftHandThumb2 0.984377 0.176033 -0.00378 5.35E-4 -0.176021 0.983329 -0.045606 0.030217 -0.004311 0.045559 0.998952 0.0 0.0 0.0 0.0 1.0
LeftHandThumb3 0.999652 0.026354 9.73E-4 -4.89E-4 -0.026372 0.998969 0.036956 0.043101 2.0E-6 -0.036968 0.999316 0.0 0.0 0.0 0.0 1.0
LeftHandIndex1 0.999254 -0.036529 -0.012511 0.0 0.036916 0.998798 0.032251 0.113343 0.011318 -0.032689 0.999401 -5.0E-6 0.0 0.0 0.0 1.0
LeftHandIndex2 0.998908 0.045332 -0.011266 0.001041 -0.046711 0.969958 -0.238744 0.032903 1.05E-4 0.23901 0.971017 -0.0 0.0 0.0 0.0 1.0
LeftHandIndex3 0.983391 0.180471 -0.019273 0.001107 -0.179824 0.954424 -0.238198 0.033648 -0.024593 0.237708 0.971025 0.0 0.0 0.0 0.0 1.0
RightShoulder 0.109011 -0.960908 0.254505 -0.07447 -0.013311 -0.257419 -0.966208 0.12237 0.993951 0.101939 -0.040852 1.76E-4 0.0 0.0 0.0 1.0
RightArm 0.279312 -0.882621 -0.378106 0.0 0.379978 0.463235 -0.800644 0.155382 0.881817 0.079957 0.464764 0.0 0.0 0.0 0.0 1.0
RightForeArm -0.693946 0.719565 0.025799 0.0 -0.719597 -0.694324 0.009698 0.248824 0.024891 -0.011835 0.99962 0.0 0.0 0.0 0.0 1.0
RightHand 0.94588 -0.11619 -0.303004 0.0 0.106064 0.993115 -0.049724 0.225701 0.306696 0.014895 0.951691 -0.0 0.0 0.0 0.0 1.0
RightHandThumb1 0.95191 0.124863 -0.27978 0.023976 -0.203478 0.940355 -0.272632 0.019052 0.229051 0.31645 0.92054 0.017779 0.0 0.0 0.0 1.0
RightHandThumb2 0.968074 -0.250509 0.008878 -0.001245 0.25057 0.966113 -0.061975 0.028301 0.006948 0.062221 0.998038 -0.0 0.0 0.0 0.0 1.0
RightHandThumb3 0.997421 0.071768 -6.2E-5 0.002262 -0.0717 0.996519 0.042522 0.044358 0.003113 -0.042408 0.999096 0.0 0.0 0.0 0.0 1.0
RightHandIndex1 0.999682 0.02502 -0.003263 -0.0 -0.025171 0.997884 -0.059957 0.112301 0.001756 0.06002 0.998196 3.4E-5 0.0 0.0 0.0 1.0
RightHandIndex2 0.99987 -0.014081 0.007917 -0.001192 0.01492 0.992857 -0.118374 0.035377 -0.006194 0.118477 0.992937 0.0 0.0 0.0 0.0 1.0
RightHandIndex3 0.982773 -0.183916 0.018206 -0.00124 0.184774 0.975701 -0.117753 0.032704 0.003893 0.119089 0.992876 0.0 0.0 0.0 0.0 1.0
LeftUpLeg -0.993274 0.075812 0.087513 0.078926 -0.068087 -0.99378 0.088124 -0.051168 0.093649 0.081573 0.992258 0.016768 0.0 0.0 0.0 1.0
LeftLeg 0.979323 -0.09381 -0.179238 -0.0 0.200187 0.577192 0.791691 0.449901 0.029187 -0.811202 0.584037 0.0 0.0 0.0 0.0 1.0
LeftFoot 0.962376 0.090894 -0.256069 0.0 -0.262743 0.071017 -0.962249 0.403843 -0.069278 0.993325 0.092227 0.0 0.0 0.0 0.0 1.0
LeftToeBase 0.974747 0.13872 0.175002 0.0 0.0 0.78366 -0.62119 0.212853 -0.223313 0.605503 0.76387 0.0 0.0 0.0 0.0 1.0
RightUpLeg -0.992812 -0.109399 -0.048532 -0.078926 0.103571 -0.98856 0.109643 -0.051168 -0.059972 0.103828 0.992786 0.021155 0.0 0.0 0.0 1.0
RightLeg 0.980839 0.163412 0.106076 0.0 -0.182189 0.576477 0.796544 0.450627 0.069014 -0.800607 0.595202 0.0 0.0 0.0 0.0 1.0
RightFoot 0.960879 -0.140595 0.23863 -0.0 0.251552 0.082462 -0.964325 0.403185 0.115901 0.986627 0.114603 0.0 0.0 0.0 0.0 1.0
RightToeBase 0.975341 -0.138884 -0.171523 -0.0 -0.004589 0.764246 -0.644908 0.209681 0.220653 0.629793 0.744764 -0.0 0.0 0.0 0.0 1.0
Time 0.1
Hips 0.968339 0.065973 -0.240762 0.015593 0.008481 0.955196 0.295852 0.918491 0.249493 -0.288527 0.924395 -0.012217 0.0 0.0 0.0 1.0
Spine 0.997558 0.063754 0.028519 -0.0 -0.058107 0.984151 -0.167545 0.092381 -0.038749 0.165478 0.985452 0.001307 0.0 0.0 0.0 1.0
Spine1 0.99978 -0.020459 0.004646 -0.0 0.020971 0.981196 -0.191873 0.107789 -6.33E-4 0.191928 0.981409 0.0 0.0 0.0 0.0 1.0
Spine2 0.999766 -0.020565 0.006772 0.0 0.021482 0.981203 -0.19178 0.123187 -0.002701 0.19188 0.981415 0.0 0.0 0.0 0.0 1.0
Neck 0.999559 -0.016884 0.024421 -0.0 0.01476 0.996299 0.084675 0.138586 -0.025761 -0.084277 0.996109 -0.0 0.0 0.0 0.0 1.0
Head 0.982615 0.069354 0.172214 0.0 -0.133116 0.90979 0.393144 0.040313 -0.129412 -0.409233 0.903206 0.011037 0.0 0.0 0.0 1.0
LeftShoulder 0.081854 0.99663 0.005404 0.07447 0.015585 0.004141 -0.99987 0.122371 -0.996522 0.081928 -0.015193 2.82E-4 0.0 0.0 0.0 1.0
LeftArm 0.328352 0.436652 0.837568 0.0 0.428155 0.721597 -0.544042 0.155382 -0.841943 0.537246 0.049983 0.0 0.0 0.0 0.0 1.0
LeftForeArm -0.283607 -0.958745 -0.019346 -0.0 0.958792 -0.28386 0.011868 0.248813 -0.01687 -0.015183 0.999742 0.0 0.0 0.0 0.0 1.0
LeftHand 0.976354 -0.179264 -0.12082 -0.0 0.203773 0.576571 0.791228 0.225832 -0.072178 -0.797138 0.599467 0.0 0.0 0.0 0.0 1.0
LeftHandThumb1 0.924125 -0.184066 0.334832 -0.024222 0.263578 0.941528 -0.209886 0.018653 -0.276621 0.282215 0.918605 0.022191 0.0 0.0 0.0 1.0
LeftHandThumb2 0.984377 0.176033 -0.00378 5.35E-4 -0.176021 0.983329 -0.045606 0.030217 -0.004311 0.045559 0.998952 0.0 0.0 0.0 0.0 1.0
LeftHandThumb3 0.999652 0.026354 9.73E-4 -4.89E-4 -0.026372 0.998969 0.036955 0.043101 1.0E-6 -0.036968 0.999316 0.0 0.0 0.0 0.0 1.0
LeftHandIndex1 0.999228 -0.037225 -0.012535 0.0 0.037654 0.998646 0.035901 0.113343 0.011181 -0.036345 0.999277 -5.0E-6 0.0 0.0 0.0 1.0
LeftHandIndex2 0.998926 0.044986 -0.011124 0.001041 -0.04634 0.97041 -0.236975 0.032903 1.34E-4 0.237236 0.971452 -0.0 0.0 0.0 0.0 1.0
LeftHandIndex3 0.983456 0.180134 -0.019128 0.001107 -0.179506 0.954923 -0.236431 0.033648 -0.024324 0.235953 0.97146 0.0 0.0 0.0 0.0 1.0
RightShoulder 0.109024 -0.959115 0.261176 -0.07447 -0.013497 -0.264146 -0.964388 0.12237 0.993947 0.101616 -0.041743 1.76E-4 0.0 0.0 0.0 1.0
RightArm 0.342731 -0.89264 -0.292794 -0.0 0.459104 0.431068 -0.77679 0.155382 0.819609 0.131807 0.557555 0.0 0.0 0.0 0.0 1.0
RightForeArm -0.708249 0.705485 0.025991 -0.0 -0.705516 -0.70863 0.009508 0.248824 0.025126 -0.011603 0.999617 0.0 0.0 0.0 0.0 1.0
RightHand 0.928354 -0.136948 -0.345549 0.0 0.091238 0.985169 -0.14532 0.225701 0.360326 0.103381 0.92708 -0.0 0.0 0.0 0.0 1.0
RightHandThumb1 0.95191 0.124863 -0.27978 0.023976 -0.203478 0.940355 -0.272633 0.019052 0.229051 0.316451 0.92054 0.017779 0.0 0.0 0.0 1.0
RightHandThumb2 0.968073 -0.250509 0.008878 -0.001245 0.25057 0.966113 -0.061975 0.028301 0.006948 0.062221 0.998038 -0.0 0.0 0.0 0.0 1.0
RightHandThumb3 0.997421 0.071768 -6.2E-5 0.002262 -0.0717 0.996519 0.042522 0.044358 0.003113 -0.042408 0.999096 -0.0 0.0 0.0 0.0 1.0
RightHandIndex1 0.99991 0.013272 -0.002085 -0.0 -0.013433 0.990138 -0.139448 0.112301 2.14E-4 0.139463 0.990227 3.4E-5 0.0 0.0 0.0 1.0
RightHandIndex2 0.999757 -0.019602 0.010054 -0.001192 0.020945 0.987237 -0.157872 0.035377 -0.006831 0.158045 0.987408 0.0 0.0 0.0 0.0 1.0
RightHandIndex3 0.981681 -0.189432 0.020465 -0.00124 0.190274 0.969069 -0.157166 0.032704 0.00994 0.158181 0.98736 0.0 0.0 0.0 0.0 1.0
LeftUpLeg -0.986244 0.100761 0.13103 0.078926 -0.094433 -0.994084 0.053665 -0.051168 0.135662 0.040553 0.989925 0.016768 0.0 0.0 0.0 1.0
LeftLeg 0.978458 -0.104607 -0.17798 -0.0 0.206136 0.542246 0.814541 0.449901 0.011302 -0.833682 0.552129 0.0 0.0 0.0 0.0 1.0
LeftFoot 0.962211 0.102821 -0.252145 -0.0 -0.258167 0.04999 -0.964806 0.403843 -0.086598 0.993443 0.074646 0.0 0.0 0.0 0.0 1.0
LeftToeBase 0.974747 0.13872 0.175002 0.0 1.0E-6 0.783659 -0.621191 0.212853 -0.223313 0.605504 0.763869 0.0 0.0 0.0 0.0 1.0
RightUpLeg -0.992974 -0.100939 -0.061759 -0.078926 0.09578 -0.992064 0.081459 -0.051168 -0.069491 0.074971 0.994761 0.021155 0.0 0.0 0.0 1.0
RightLeg 0.980853 0.176221 0.082903 -0.0 -0.167745 0.548217 0.819341 0.450627 0.098936 -0.81756 0.567281 0.0 0.0 0.0 0.0 1.0
RightFoot 0.96294 -0.138853 0.231226 0.0 0.243217 0.076472 -0.966953 0.403185 0.116582 0.987356 0.10741 0.0 0.0 0.0 0.0 1.0
RightToeBase 0.975179 -0.139134 -0.172241 -0.0 -0.008563 0.753623 -0.657251 0.209681 0.221251 0.642412 0.733726 0.0 0.0 0.0 0.0 1.0
Time 0.133333
Hips 0.956169 0.095247 -0.276891 0.021931 0.00565 0.93944 0.342668 0.912003 0.292761 -0.329213 0.897725 -0.020684 0.0 0.0 0.0 1.0
Spine 0.996188 0.084508 0.021622 -0.0 -0.077109 0.969009 -0.234681 0.092381 -0.040785 0.232119 0.971832 0.001307 0.0 0.0 0.0 1.0
Spine1 0.999297 -0.03717 0.004975 0.0 0.037395 0.977655 -0.206864 0.107789 0.002826 0.206905 0.978357 0.0 0.0 0.0 0.0 1.0
Spine2 0.999285 -0.036923 0.008105 0.0 0.037801 0.977662 -0.206758 0.123187 -2.9E-4 0.206916 0.978359 0.0 0.0 0.0 0.0 1.0
Neck 0.999402 -0.020818 0.02761 0.0 0.017935 0.994743 0.100824 0.138586 -0.029564 -0.100268 0.994521 -0.0 0.0 0.0 0.0 1.0
Head 0.979619 0.060586 0.19151 0.0 -0.141285 0.885539 0.442559 0.040313 -0.142777 -0.460597 0.876051 0.011037 0.0 0.0 0.0 1.0
LeftShoulder 0.090456 0.995772 0.015974 0.07447 0.016489 0.01454 -0.999758 0.122371 -0.995764 0.090697 -0.015104 2.82E-4 0.0 0.0 0.0 1.0
LeftArm 0.350426 0.380782 0.855691 0.0 0.447385 0.734598 -0.510111 0.155382 -0.82283 0.561579 0.087066 0.0 0.0 0.0 0.0 1.0
LeftForeArm -0.263467 -0.964479 -0.019097 0.0 0.964526 -0.263716 0.011939 0.248813 -0.016551 -0.015274 0.999746 0.0 0.0 0.0 0.0 1.0
LeftHand 0.97046 -0.15805 -0.182285 -0.0 0.240234 0.563353 0.790519 0.225832 -0.022251 -0.810958 0.584681 0.0 0.0 0.0 0.0 1.0
LeftHandThumb1 0.924125 -0.184065 0.334832 -0.024222 0.263578 0.941528 -0.209886 0.018653 -0.276621 0.282215 0.918605 0.022191 0.0 0.0 0.0 1.0
LeftHandThumb2 0.984377 0.176033 -0.00378 5.35E-4 -0.17602 0.983329 -0.045606 0.030217 -0.004311 0.045559 0.998952 0.0 0.0 0.0 0.0 1.0
LeftHandThumb3 0.999652 0.026354 9.73E-4 -4.89E-4 -0.026372 0.998969 0.036955 0.043101 1.0E-6 -0.036968 0.999316 -0.0 0.0 0.0 0.0 1.0
LeftHandIndex1 0.999167 -0.038819 -0.012598 -0.0 0.039342 0.998245 0.04426 0.113343 0.010858 -0.044718 0.998941 -5.0E-6 0.0 0.0 0.0 1.0
LeftHandIndex2 0.998965 0.04419 -0.010801 0.001041 -0.045491 0.97143 -0.232924 0.032903 2.0E-4 0.233174 0.972435 -0.0 0.0 0.0 0.0 1.0
LeftHandIndex3 0.983604 0.179362 -0.018798 0.001107 -0.178779 0.956052 -0.232385 0.033648 -0.02371 0.231935 0.972442 0.0 0.0 0.0 0.0 1.0
RightShoulder 0.107598 -0.95837 0.26448 -0.07447 -0.013676 -0.267426 -0.963481 0.12237 0.9941 0.100051 -0.041881 1.76E-4 0.0 0.0 0.0 1.0
RightArm 0.479445 -0.853284 -0.205035 0.0 0.502722 0.458555 -0.732801 0.155382 0.719307 0.248262 0.648817 0.0 0.0 0.0 0.0 1.0
RightForeArm -0.705204 0.708529 0.02595 -0.0 -0.708561 -0.705585 0.009549 0.248824 0.025076 -0.011653 0.999618 0.0 0.0 0.0 0.0 1.0
RightHand 0.910964 -0.103299 -0.399342 -0.0 0.037657 0.984919 -0.16887 0.225701 0.410764 0.138796 0.901115 -0.0 0.0 0.0 0.0 1.0
RightHandThumb1 0.95191 0.124863 -0.27978 0.023976 -0.203478 0.940355 -0.272633 0.019052 0.229051 0.316451 0.92054 0.017779 0.0 0.0 0.0 1.0
RightHandThumb2 0.968074 -0.250509 0.008878 -0.001245 0.25057 0.966113 -0.061975 0.028301 0.006948 0.062221 0.998038 -0.0 0.0 0.0 0.0 1.0
RightHandThumb3 0.997421 0.071768 -6.2E-5 0.002262 -0.0717 0.996519 0.042522 0.044358 0.003113 -0.042408 0.999096 -0.0 0.0 0.0 0.0 1.0
RightHandIndex1 0.999999 -0.001126 6.76E-4 0.0 0.001254 0.971552 -0.236822 0.112301 -3.91E-4 0.236823 0.971553 3.4E-5 0.0 0.0 0.0 1.0
RightHandIndex2 0.999569 -0.026331 0.013011 -0.001192 0.028452 0.978025 -0.206537 0.035377 -0.007287 0.206818 0.978352 0.0 0.0 0.0 0.0 1.0
RightHandIndex3 0.980293 -0.196139 0.023578 -0.00124 0.196752 0.958627 -0.205725 0.032704 0.017749 0.20631 0.978326 0.0 0.0 0.0 0.0 1.0
LeftUpLeg -0.98012 0.113607 0.162661 0.078926 -0.111351 -0.993516 0.022951 -0.051168 0.164214 0.004382 0.986415 0.016768 0.0 0.0 0.0 1.0
LeftLeg 0.978932 -0.104572 -0.175377 -0.0 0.204146 0.518411 0.830406 0.449901 0.00408 -0.848713 0.528837 0.0 0.0 0.0 0.0 1.0
LeftFoot 0.962245 0.088029 -0.257557 -0.0 -0.261767 0.040005 -0.964302 0.403843 -0.074584 0.995314 0.061537 0.0 0.0 0.0 0.0 1.0
LeftToeBase 0.974747 0.13872 0.175002 0.0 0.0 0.78366 -0.62119 0.212853 -0.223313 0.605503 0.76387 0.0 0.0 0.0 0.0 1.0
RightUpLeg -0.992123 -0.106101 -0.066589 -0.078926 0.097207 -0.987388 0.124966 -0.051168 -0.079008 0.117509 0.989924 0.021155 0.0 0.0 0.0 1.0
RightLeg 0.983101 0.179706 0.034903 0.0 -0.114415 0.454328 0.883456 0.450627 0.142905 -0.87252 0.467212 0.0 0.0 0.0 0.0 1.0
RightFoot 0.968662 -0.137144 0.207087 0.0 0.22748 0.155072 -0.961356 0.403185 0.099731 0.978337 0.18141 0.0 0.0 0.0 0.0 1.0
RightToeBase 0.973817 -0.141597 -0.177851 0.0 -0.040927 0.660354 -0.749838 0.209681 0.22362 0.737484 0.637269 0.0 0.0 0.0 0.0 1.0
Time 0.166667
Hips 0.939447 0.114716 -0.322923 0.0294 0.011031 0.931697 0.363069 0.907658 0.342517 -0.344646 0.874015 -0.030449 0.0 0.0 0.0 1.0
Spine 0.994012 0.108227 0.015044 -0.0 -0.099898 0.955907 -0.276157 0.092381 -0.044268 0.273 0.960995 0.001307 0.0 0.0 0.0 1.0
Spine1 0.998687 -0.050978 0.004965 0.0 0.050835 0.974662 -0.21783 0.107789 0.006266 0.217797 0.975974 0.0 0.0 0.0 0.0 1.0
Spine2 0.998689 -0.050385 0.009001 0.0 0.051136 0.974666 -0.217743 0.123187 0.002198 0.217918 0.975965 -0.0 0.0 0.0 0.0 1.0
Neck 0.999238 -0.020616 0.03315 0.0 0.016715 0.99335 0.113913 0.138586 -0.035278 -0.113272 0.992937 -0.0 0.0 0.0 0.0 1.0
Head 0.97507 0.049413 0.216328 0.0 -0.151678 0.859999 0.487232 0.040313 -0.161966 -0.507897 0.846054 0.011037 0.0 0.0 0.0 1.0
LeftShoulder 0.102141 0.994489 0.023631 0.07447 0.018031 0.0219 -0.999598 0.122371 -0.994606 0.102526 -0.015695 2.82E-4 0.0 0.0 0.0 1.0
LeftArm 0.364778 0.337381 0.86782 0.0 0.468187 0.739178 -0.484166 0.155382 -0.804822 0.582915 0.111678 0.0 0.0 0.0 0.0 1.0
LeftForeArm -0.237714 -0.971154 -0.018778 0.0 0.971201 -0.237958 0.012022 0.248813 -0.016144 -0.01538 0.999751 0.0 0.0 0.0 0.0 1.0
LeftHand 0.961265 -0.129354 -0.243387 0.0 0.273567 0.555493 0.785231 0.225832 0.033627 -0.821398 0.569363 0.0 0.0 0.0 0.0 1.0
LeftHandThumb1 0.924125 -0.184065 0.334832 -0.024222 0.263578 0.941528 -0.209886 0.018653 -0.276621 0.282215 0.918605 0.022191 0.0 0.0 0.0 1.0
LeftHandThumb2 0.984377 0.176033 -0.00378 5.35E-4 -0.176021 0.983329 -0.045606 0.030217 -0.004311 0.045559 0.998952 0.0 0.0 0.0 0.0 1.0
LeftHandThumb3 0.999652 0.026354 9.74E-4 -4.89E-4 -0.026372 0.998969 0.036956 0.043101 1.0E-6 -0.036968 0.999316 0.0 0.0 0.0 0.0 1.0
LeftHandIndex1 0.999078 -0.041 -0.012708 0.0 0.041647 0.997579 0.055699 0.113343 0.010393 -0.056176 0.998367 -5.0E-6 0.0 0.0 0.0 1.0
LeftHandIndex2 0.999017 0.043097 -0.010363 0.001041 -0.044325 0.972802 -0.227357 0.032903 2.83E-4 0.227593 0.973756 -0.0 0.0 0.0 0.0 1.0
LeftHandIndex3 0.983805 0.1783 -0.01835 0.001107 -0.177776 0.957573 -0.226825 0.033648 -0.022871 0.226414 0.973763 0.0 0.0 0.0 0.0 1.0
RightShoulder 0.105606 -0.959387 0.26158 -0.07447 -0.01376 -0.264435 -0.964305 0.12237 0.994313 0.098237 -0.041127 1.76E-4 0.0 0.0 0.0 1.0
RightArm 0.648482 -0.752018 -0.118067 -0.0 0.501588 0.538794 -0.676838 0.155382 0.572609 0.379696 0.726602 0.0 0.0 0.0 0.0 1.0
RightForeArm -0.701238 0.712457 0.025897 -0.0 -0.712489 -0.701618 0.009602 0.248824 0.025011 -0.011718 0.999619 0.0 0.0 0.0 0.0 1.0
RightHand 0.888257 -0.009351 -0.459252 0.0 -0.049398 0.99205 -0.115742 0.225701 0.456683 0.125495 0.880734 -0.0 0.0 0.0 0.0 1.0
RightHandThumb1 0.95191 0.124863 -0.27978 0.023976 -0.203478 0.940355 -0.272633 0.019052 0.229051 0.316451 0.92054 0.017779 0.0 0.0 0.0 1.0
RightHandThumb2 0.968074 -0.250509 0.008878 -0.001245 0.25057 0.966113 -0.061975 0.028301 0.006948 0.062221 0.998038 -0.0 0.0 0.0 0.0 1.0
RightHandThumb3 0.997421 0.071768 -6.2E-5 0.002262 -0.0717 0.996519 0.042522 0.044358 0.003113 -0.042408 0.999096 0.0 0.0 0.0 0.0 1.0
RightHandIndex1 0.999938 -0.010606 0.003325 0.0 0.011115 0.953587 -0.300912 0.112301 2.1E-5 0.30093 0.953646 3.4E-5 0.0 0.0 0.0 1.0
RightHandIndex2 0.999411 -0.030761 0.015182 -0.001192 0.033499 0.970463 -0.238914 0.035377 -0.007384 0.239282 0.970922 0.0 0.0 0.0 0.0 1.0
RightHandIndex3 0.979343 -0.200545 0.025855 -0.00124 0.200874 0.950258 -0.238032 0.032704 0.023167 0.238308 0.970913 0.0 0.0 0.0 0.0 1.0
LeftUpLeg -0.978311 0.11061 0.175139 0.078926 -0.109842 -0.993849 0.014103 -0.051168 0.175622 -0.00544 0.984443 0.016768 0.0 0.0 0.0 1.0
LeftLeg 0.980132 -0.095981 -0.173579 -0.0 0.198252 0.501355 0.842223 0.449901 0.006188 -0.859902 0.510422 0.0 0.0 0.0 0.0 1.0
LeftFoot 0.960842 0.050809 -0.272397 0.0 -0.274469 0.039474 -0.960785 0.403843 -0.038064 0.997928 0.051874 0.0 0.0 0.0 0.0 1.0
LeftToeBase 0.974747 0.13872 0.175002 -0.0 0.0 0.78366 -0.62119 0.212853 -0.223313 0.605503 0.76387 0.0 0.0 0.0 0.0 1.0
RightUpLeg -0.990729 -0.119587 -0.064455 -0.078926 0.103201 -0.971062 0.215381 -0.051168 -0.088346 0.206732 0.974401 0.021155 0.0 0.0 0.0 1.0
RightLeg 0.983625 0.180208 0.002703 0.0 -0.070012 0.368244 0.927089 0.450627 0.166073 -0.912097 0.37483 -0.0 0.0 0.0 0.0 1.0
RightFoot 0.971261 -0.138178 0.193803 0.0 0.22646 0.285828 -0.931138 0.403185 0.073268 0.948266 0.308906 -0.0 0.0 0.0 0.0 1.0
RightToeBase 0.973146 -0.143021 -0.180364 -0.0 -0.056245 0.612062 -0.788807 0.209681 0.223209 0.777769 0.587582 0.0 0.0 0.0 0.0 1.0
Time 0.2
Hips 0.922223 0.127331 -0.365091 0.037913 0.011512 0.934761 0.35509 0.906996 0.386487 -0.331675 0.860593 -0.040506 0.0 0.0 0.0 1.0
Spine 0.992938 0.118211 0.01004 0.0 -0.110393 0.951622 -0.286755 0.092381 -0.043452 0.283622 0.957951 0.001307 0.0 0.0 0.0 1.0
Spine1 0.99829 -0.058257 0.004798 0.0 0.057869 0.973392 -0.221721 0.107789 0.008247 0.221619 0.975098 0.0 0.0 0.0 0.0 1.0
Spine2 0.998304 -0.057487 0.009215 -0.0 0.058098 0.973391 -0.221662 0.123187 0.003772 0.221821 0.97508 0.0 0.0 0.0 0.0 1.0
Neck 0.999115 -0.01806 0.037977 -0.0 0.013253 0.992292 0.12321 0.138586 -0.039909 -0.122597 0.991654 -0.0 0.0 0.0 0.0 1.0
Head 0.971381 0.038828 0.234333 0.0 -0.158965 0.839313 0.519888 0.040313 -0.176493 -0.542259 0.821465 0.011037 0.0 0.0 0.0 1.0
LeftShoulder 0.110699 0.993475 0.02743 0.07447 0.01933 0.025443 -0.999489 0.122371 -0.993666 0.111173 -0.016387 2.82E-4 0.0 0.0 0.0 1.0
LeftArm 0.371983 0.310247 0.874857 -0.0 0.481764 0.741085 -0.46765 0.155382 -0.793431 0.595432 0.126205 0.0 0.0 0.0 0.0 1.0
LeftForeArm -0.206581 -0.978257 -0.018393 0.0 0.978304 -0.206819 0.01211 0.248813 -0.015651 -0.015492 0.999757 0.0 0.0 0.0 0.0 1.0
LeftHand 0.951516 -0.119501 -0.283439 -0.0 0.300565 0.557147 0.774111 0.225832 0.06541 -0.821771 0.566052 0.0 0.0 0.0 0.0 1.0
LeftHandThumb1 0.924125 -0.184066 0.334832 -0.024222 0.263578 0.941528 -0.209886 0.018653 -0.276621 0.282215 0.918605 0.022191 0.0 0.0 0.0 1.0
LeftHandThumb2 0.984377 0.176033 -0.00378 5.35E-4 -0.176021 0.983329 -0.045606 0.030217 -0.004311 0.045559 0.998952 0.0 0.0 0.0 0.0 1.0
LeftHandThumb3 0.999652 0.026354 9.73E-4 -4.89E-4 -0.026372 0.998969 0.036956 0.043101 1.0E-6 -0.036968 0.999316 0.0 0.0 0.0 0.0 1.0
LeftHandIndex1 0.998995 -0.042949 -0.012827 -0.0 0.043704 0.996867 0.065921 0.113343 0.009955 -0.066415 0.997742 -5.0E-6 0.0 0.0 0.0 1.0
LeftHandIndex2 0.999063 0.042123 -0.009979 0.001041 -0.043287 0.973995 -0.222397 0.032903 3.52E-4 0.222621 0.974905 -0.0 0.0 0.0 0.0 1.0
LeftHandIndex3 0.983984 0.177352 -0.017956 0.001107 -0.17688 0.958898 -0.221872 0.033648 -0.022131 0.221495 0.97491 0.0 0.0 0.0 0.0 1.0
RightShoulder 0.103117 -0.962054 0.252623 -0.07447 -0.013731 -0.25533 -0.966757 0.12237 0.994574 0.09622 -0.039539 1.76E-4 0.0 0.0 0.0 1.0
RightArm 0.803669 -0.594207 -0.03216 0.0 0.45311 0.646078 -0.614227 0.155382 0.385756 0.479063 0.788474 0.0 0.0 0.0 0.0 1.0
RightForeArm -0.700457 0.713225 0.025886 0.0 -0.713256 -0.700837 0.009613 0.248824 0.024998 -0.01173 0.999619 0.0 0.0 0.0 0.0 1.0
RightHand 0.85236 0.105804 -0.512141 0.0 -0.138761 0.989973 -0.026422 0.225701 0.50421 0.093586 0.858495 -0.0 0.0 0.0 0.0 1.0
RightHandThumb1 0.95191 0.124863 -0.27978 0.023976 -0.203478 0.940355 -0.272632 0.019052 0.229051 0.316451 0.92054 0.017779 0.0 0.0 0.0 1.0
RightHandThumb2 0.968074 -0.250509 0.008878 -0.001245 0.25057 0.966113 -0.061975 0.028301 0.006948 0.062221 0.998038 -0.0 0.0 0.0 0.0 1.0
RightHandThumb3 0.997421 0.071768 -6.2E-5 0.002262 -0.0717 0.996519 0.042522 0.044358 0.003113 -0.042408 0.999096 0.0 0.0 0.0 0.0 1.0
RightHandIndex1 0.999929 -0.011378 0.003571 0.0 0.011925 0.951913 -0.306135 0.112301 8.4E-5 0.306156 0.951981 3.4E-5 0.0 0.0 0.0 1.0
RightHandIndex2 0.999397 -0.031123 0.015367 -0.001192 0.033915 0.969791 -0.241569 0.035377 -0.007385 0.241945 0.970262 0.0 0.0 0.0 0.0 1.0
RightHandIndex3 0.979264 -0.200905 0.02605 -0.00124 0.201205 0.94952 -0.240681 0.032704 0.023619 0.240932 0.970255 0.0 0.0 0.0 0.0 1.0
LeftUpLeg -0.980421 0.103901 0.167269 0.078926 -0.099737 -0.994462 0.033128 -0.051168 0.169785 0.015797 0.985354 0.016768 0.0 0.0 0.0 1.0
LeftLeg 0.9818 -0.083721 -0.170469 -0.0 0.189485 0.49243 0.849476 0.449901 0.012825 -0.866316 0.499331 0.0 0.0 0.0 0.0 1.0
LeftFoot 0.956799 0.001294 -0.290746 0.0 -0.290458 0.048956 -0.955635 0.403843 0.012997 0.9988 0.047217 -0.0 0.0 0.0 0.0 1.0
LeftToeBase 0.974747 0.13872 0.175002 0.0 1.0E-6 0.783658 -0.621192 0.212853 -0.223313 0.605505 0.763868 0.0 0.0 0.0 0.0 1.0
RightUpLeg -0.98809 -0.136659 -0.070729 -0.078926 0.105902 -0.937406 0.331744 -0.051168 -0.111638 0.320302 0.940714 0.021155 0.0 0.0 0.0 1.0
RightLeg 0.984204 0.176914 0.006563 0.0 -0.066774 0.336627 0.939267 0.450627 0.16396 -0.92487 0.343123 0.0 0.0 0.0 0.0 1.0
RightFoot 0.960722 -0.169284 0.219899 0.0 0.272329 0.422682 -0.864394 0.403185 0.053381 0.890327 0.452181 -0.0 0.0 0.0 0.0 1.0
RightToeBase 0.965793 -0.146367 -0.214058 0.0 -0.084137 0.603945 -0.792573 0.209681 0.245285 0.783472 0.570971 0.0 0.0 0.0 0.0 1.0
Time 0.233333
Hips 0.908789 0.137187 -0.394059 0.04701 -0.001716 0.945626 0.325252 0.912432 0.417253 -0.29491 0.85961 -0.050301 0.0 0.0 0.0 1.0
Spine 0.994208 0.10689 0.011172 0.0 -0.099675 0.955955 -0.27607 0.092381 -0.040189 0.273357 0.961073 0.001307 0.0 0.0 0.0 1.0
Spine1 0.998313 -0.057842 0.004997 -0.0 0.057557 0.974753 -0.21574 0.107789 0.007608 0.215664 0.976438 -0.0 0.0 0.0 0.0 1.0
Spine2 0.998323 -0.057172 0.009097 -0.0 0.057788 0.974753 -0.215676 0.123187 0.003464 0.21584 0.976423 0.0 0.0 0.0 0.0 1.0
Neck 0.999084 -0.016322 0.039554 -0.0 0.011054 0.991465 0.129906 0.138586 -0.041337 -0.12935 0.990737 -0.0 0.0 0.0 0.0 1.0
Head 0.97067 0.032947 0.238148 0.0 -0.160326 0.826854 0.539081 0.040313 -0.179152 -0.561451 0.807885 0.011037 0.0 0.0 0.0 1.0
LeftShoulder 0.112589 0.993229 0.028619 0.07447 0.019771 0.026557 -0.999452 0.122371 -0.993445 0.113094 -0.016647 2.82E-4 0.0 0.0 0.0 1.0
LeftArm 0.373513 0.29732 0.878686 -0.0 0.48093 0.747925 -0.457509 0.155382 -0.793218 0.593472 0.13637 0.0 0.0 0.0 0.0 1.0
LeftForeArm -0.170447 -0.985203 -0.017945 0.0 0.985252 -0.170677 0.012196 0.248813 -0.015078 -0.015602 0.999765 0.0 0.0 0.0 0.0 1.0
LeftHand 0.94588 -0.135515 -0.294866 0.0 0.317664 0.572375 0.755961 0.225832 0.06633 -0.808717 0.584446 0.0 0.0 0.0 0.0 1.0
LeftHandThumb1 0.924125 -0.184065 0.334832 -0.024222 0.263578 0.941528 -0.209885 0.018653 -0.276621 0.282215 0.918605 0.022191 0.0 0.0 0.0 1.0
LeftHandThumb2 0.984377 0.176033 -0.00378 5.35E-4 -0.176021 0.983329 -0.045606 0.030217 -0.004311 0.045559 0.998952 0.0 0.0 0.0 0.0 1.0
LeftHandThumb3 0.999652 0.026354 9.73E-4 -4.89E-4 -0.026371 0.998969 0.036955 0.043101 2.0E-6 -0.036968 0.999316 0.0 0.0 0.0 0.0 1.0
LeftHandIndex1 0.998961 -0.043722 -0.012879 0.0 0.044518 0.996555 0.069973 0.113343 0.009776 -0.070473 0.997466 -5.0E-6 0.0 0.0 0.0 1.0
LeftHandIndex2 0.99908 0.041737 -0.009829 0.001041 -0.042877 0.974458 -0.220438 0.032903 3.77E-4 0.220657 0.975351 -0.0 0.0 0.0 0.0 1.0
LeftHandIndex3 0.984054 0.176978 -0.017802 0.001107 -0.176525 0.959414 -0.219916 0.033648 -0.021841 0.219551 0.975356 0.0 0.0 0.0 0.0 1.0
RightShoulder 0.098886 -0.965744 0.239916 -0.07447 -0.013641 -0.24239 -0.970083 0.12237 0.995005 0.092655 -0.037142 1.76E-4 0.0 0.0 0.0 1.0
RightArm 0.915071 -0.39981 0.052877 0.0 0.361534 0.755139 -0.546862 0.155382 0.178712 0.519535 0.835551 0.0 0.0 0.0 0.0 1.0
RightForeArm -0.69979 0.71388 0.025877 0.0 -0.713912 -0.70017 0.009621 0.248824 0.024987 -0.011741 0.999619 -0.0 0.0 0.0 0.0 1.0
RightHand 0.803622 0.233207 -0.547546 0.0 -0.218889 0.97136 0.092455 0.225701 0.553425 0.045553 0.831652 -0.0 0.0 0.0 0.0 1.0
RightHandThumb1 0.95191 0.124863 -0.27978 0.023976 -0.203478 0.940355 -0.272632 0.019052 0.229051 0.31645 0.92054 0.017779 0.0 0.0 0.0 1.0
RightHandThumb2 0.968073 -0.250509 0.008878 -0.001245 0.25057 0.966113 -0.061975 0.028301 0.006948 0.062221 0.998038 -0.0 0.0 0.0 0.0 1.0
RightHandThumb3 0.997421 0.071768 -6.2E-5 0.002262 -0.0717 0.996519 0.042522 0.044358 0.003113 -0.042408 0.999096 0.0 0.0 0.0 0.0 1.0
RightHandIndex1 0.999962 -0.008302 0.002618 -0.0 0.008704 0.958386 -0.285341 0.112301 -1.4E-4 0.285353 0.958422 3.4E-5 0.0 0.0 0.0 1.0
RightHandIndex2 0.999452 -0.029684 0.014637 -0.001192 0.032264 0.972415 -0.231014 0.035377 -0.007376 0.23136 0.97284 0.0 0.0 0.0 0.0 1.0
RightHandIndex3 0.979577 -0.199475 0.025284 -0.00124 0.199882 0.952407 -0.230149 0.032704 0.021828 0.230502 0.972827 -0.0 0.0 0.0 0.0 1.0
LeftUpLeg -0.982732 0.105704 0.151867 0.078926 -0.095519 -0.992756 0.072884 -0.051168 0.158471 0.057119 0.98571 0.016768 0.0 0.0 0.0 1.0
LeftLeg 0.982787 -0.076257 -0.168269 -0.0 0.183697 0.500116 0.84625 0.449901 0.019621 -0.862594 0.505516 0.0 0.0 0.0 0.0 1.0
LeftFoot 0.952038 -0.039558 -0.303411 0.0 -0.300152 0.071851 -0.951181 0.403843 0.059427 0.996631 0.056532 -0.0 0.0 0.0 0.0 1.0
LeftToeBase 0.974747 0.13872 0.175002 0.0 0.0 0.78366 -0.62119 0.212853 -0.223313 0.605503 0.76387 0.0 0.0 0.0 0.0 1.0
RightUpLeg -0.984969 -0.136299 -0.106109 -0.078926 0.077257 -0.89705 0.435125 -0.051168 -0.154492 0.420386 0.894096 0.021155 0.0 0.0 0.0 1.0
RightLeg 0.983558 0.173039 0.051681 -0.0 -0.113363 0.368817 0.922563 0.450627 0.140578 -0.913253 0.382369 0.0 0.0 0.0 0.0 1.0
RightFoot 0.962813 -0.172751 0.20772 0.0 0.266132 0.474062 -0.839308 0.403185 0.046519 0.863378 0.502408 -0.0 0.0 0.0 0.0 1.0
RightToeBase 0.972389 -0.138996 -0.187457 -0.0 -0.016823 0.759432 -0.650369 0.209681 0.232759 0.635565 0.736125 0.0 0.0 0.0 0.0 1.0
Time 0.266667
Hips 0.896853 0.145644 -0.417663 0.055707 -0.022827 0.958218 0.285126 0.922932 0.441739 -0.246183 0.862705 -0.059907 0.0 0.0 0.0 1.0
Spine 0.996403 0.08177 0.022263 0.0 -0.073256 0.963138 -0.258841 0.092381 -0.042608 0.256279 0.965663 0.001307 0.0 0.0 0.0 1.0
Spine1 0.998653 -0.051541 0.006041 0.0 0.051713 0.978694 -0.198704 0.107789 0.004329 0.198749 0.980041 0.0 0.0 0.0 0.0 1.0
Spine2 0.998644 -0.051215 0.009312 -0.0 0.052044 0.978703 -0.198577 0.123187 0.001056 0.198792 0.980041 -0.0 0.0 0.0 0.0 1.0
Neck 0.999157 -0.017692 0.037046 0.0 0.01253 0.990739 0.1352 0.138586 -0.039095 -0.134622 0.990126 -0.0 0.0 0.0 0.0 1.0
Head 0.973206 0.0343 0.227361 0.0 -0.156636 0.822783 0.546346 0.040313 -0.168329 -0.56732 0.80611 0.011037 0.0 0.0 0.0 1.0
LeftShoulder 0.109706 0.993547 0.028789 0.07447 0.019564 0.0268 -0.999449 0.122371 -0.993771 0.110209 -0.016498 2.82E-4 0.0 0.0 0.0 1.0
LeftArm 0.370698 0.293344 0.88121 0.0 0.465904 0.762056 -0.449671 0.155382 -0.80344 0.577252 0.145823 0.0 0.0 0.0 0.0 1.0
LeftForeArm -0.130099 -0.991348 -0.017446 -0.0 0.991396 -0.130321 0.012272 0.248813 -0.014439 -0.015699 0.999772 0.0 0.0 0.0 0.0 1.0
LeftHand 0.945449 -0.161971 -0.282652 0.0 0.321465 0.604451 0.728903 0.225832 0.052788 -0.780003 0.623545 0.0 0.0 0.0 0.0 1.0
LeftHandThumb1 0.924125 -0.184065 0.334832 -0.024222 0.263578 0.941528 -0.209885 0.018653 -0.276621 0.282215 0.918605 0.022191 0.0 0.0 0.0 1.0
LeftHandThumb2 0.984377 0.176033 -0.00378 5.35E-4 -0.176021 0.983329 -0.045606 0.030217 -0.004311 0.045559 0.998952 0.0 0.0 0.0 0.0 1.0
LeftHandThumb3 0.999652 0.026353 9.73E-4 -4.89E-4 -0.026371 0.998969 0.036955 0.043101 2.0E-6 -0.036968 0.999316 0.0 0.0 0.0 0.0 1.0
LeftHandIndex1 0.999019 -0.042395 -0.012791 0.0 0.04312 0.997081 0.063016 0.113343 0.010082 -0.063505 0.997931 -5.0E-6 0.0 0.0 0.0 1.0
LeftHandIndex2 0.999053 0.042325 -0.010058 0.001041 -0.043502 0.97375 -0.223425 0.032903 3.38E-4 0.223651 0.974669 -0.0 0.0 0.0 0.0 1.0
LeftHandIndex3 0.983947 0.177549 -0.018038 0.001107 -0.177066 0.958626 -0.222899 0.033648 -0.022284 0.222515 0.974675 0.0 0.0 0.0 0.0 1.0
RightShoulder 0.091238 -0.969828 0.226074 -0.07447 -0.013479 -0.228203 -0.97352 0.12237 0.995738 0.085775 -0.033893 1.76E-4 0.0 0.0 0.0 1.0
RightArm 0.971127 -0.196548 0.135207 0.0 0.237711 0.845083 -0.478882 0.155382 -0.020138 0.497195 0.867405 0.0 0.0 0.0 0.0 1.0
RightForeArm -0.699148 0.714509 0.025868 0.0 -0.714541 -0.699527 0.00963 0.248824 0.024976 -0.011752 0.999619 0.0 0.0 0.0 0.0 1.0
RightHand 0.749787 0.354699 -0.558576 -0.0 -0.274449 0.934851 0.225237 0.225701 0.602077 -0.015579 0.798286 0.0 0.0 0.0 0.0 1.0
RightHandThumb1 0.95191 0.124863 -0.27978 0.023976 -0.203478 0.940355 -0.272632 0.019052 0.229051 0.31645 0.92054 0.017779 0.0 0.0 0.0 1.0
RightHandThumb2 0.968074 -0.250509 0.008878 -0.001245 0.25057 0.966113 -0.061975 0.028301 0.006948 0.062221 0.998038 -0.0 0.0 0.0 0.0 1.0
RightHandThumb3 0.997421 0.071768 -6.2E-5 0.002262 -0.0717 0.996519 0.042522 0.044358 0.003113 -0.042408 0.999096 0.0 0.0 0.0 0.0 1.0
RightHandIndex1 0.999995 -0.002975 0.00114 -0.0 0.003165 0.968415 -0.249325 0.112301 -3.62E-4 0.249327 0.968419 3.4E-5 0.0 0.0 0.0 1.0
RightHandIndex2 0.99954 -0.027195 0.01342 -0.001192 0.029429 0.976647 -0.212826 0.035377 -0.007319 0.213123 0.976998 0.0 0.0 0.0 0.0 1.0
RightHandIndex3 0.98011 -0.196999 0.024007 -0.00124 0.197565 0.957091 -0.212001 0.032704 0.018787 0.212527 0.976975 0.0 0.0 0.0 0.0 1.0
LeftUpLeg -0.982042 0.115149 0.149445 0.078926 -0.097884 -0.988158 0.118167 -0.051168 0.161282 0.101417 0.981684 0.016768 0.0 0.0 0.0 1.0
LeftLeg 0.981631 -0.083112 -0.171738 0.0 0.189598 0.52548 0.829411 0.449901 0.02131 -0.846737 0.531585 -0.0 0.0 0.0 0.0 1.0
LeftFoot 0.948506 -0.060002 -0.311025 0.0 -0.303696 0.106815 -0.946763 0.403843 0.090029 0.992467 0.083092 -0.0 0.0 0.0 0.0 1.0
LeftToeBase 0.974747 0.13872 0.175002 0.0 1.0E-6 0.783659 -0.621192 0.212853 -0.223313 0.605505 0.763868 0.0 0.0 0.0 0.0 1.0
