Root_Bone_Name Hips
Num_Keyframes 319
Num_Bones 34
Time_Wrapping_Mode LOOP
Time 0.0
Hips 0.988089 0.044433 0.147331 0.001575 -0.018711 0.984994 -0.171572 0.965347 -0.152744 0.166772 0.974093 -0.014667 0.0 0.0 0.0 1.0
Spine 0.989702 -0.04439 -0.136085 0.0 0.02871 0.99294 -0.115089 0.092381 0.140233 0.109997 0.983989 0.001307 0.0 0.0 0.0 1.0
Spine1 0.999143 -0.014108 -0.038903 0.0 0.014023 0.999899 -0.002458 0.107789 0.038934 0.00191 0.99924 -0.0 0.0 0.0 0.0 1.0
Spine2 0.999137 -0.014138 -0.039065 0.0 0.014061 0.999899 -0.002223 0.123187 0.039093 0.001672 0.999234 0.0 0.0 0.0 0.0 1.0
Neck 0.998424 0.04917 -0.027063 -0.0 -0.045528 0.991509 0.121808 0.138586 0.032822 -0.120384 0.992185 -0.0 0.0 0.0 0.0 1.0
Head 0.982408 -7.1E-4 -0.186746 0.0 0.020453 0.994386 0.103815 0.040313 0.185624 -0.105808 0.976908 0.011037 0.0 0.0 0.0 1.0
LeftShoulder 0.039889 0.907106 -0.419007 0.07447 0.009385 -0.419662 -0.907632 0.122371 -0.99916 0.032272 -0.025253 2.82E-4 0.0 0.0 0.0 1.0
LeftArm 0.802193 -0.417992 0.426343 0.0 0.59667 0.587171 -0.547006 0.155382 -0.021693 0.693191 0.720428 0.0 0.0 0.0 0.0 1.0
LeftForeArm 0.614702 -0.788717 -0.008226 0.0 0.788755 0.61463 0.009764 0.248813 -0.002645 -0.01249 0.999918 0.0 0.0 0.0 0.0 1.0
LeftHand 0.84502 -0.526483 0.093582 0.0 0.528804 0.848744 -7.0E-6 0.225832 -0.079424 0.049492 0.995612 0.0 0.0 0.0 0.0 1.0
LeftHandThumb1 0.75876 -0.407756 0.507955 -0.024222 0.571864 0.790362 -0.219769 0.018653 -0.311856 0.457233 0.832877 0.022191 0.0 0.0 0.0 1.0
LeftHandThumb2 0.953798 0.298855 0.030898 5.35E-4 -0.297075 0.953456 -0.051648 0.030217 -0.044895 0.040083 0.998187 0.0 0.0 0.0 0.0 1.0
LeftHandThumb3 0.996297 -0.085737 -0.006473 -4.89E-4 0.083434 0.945851 0.313695 0.043101 -0.020773 -0.313073 0.949502 0.0 0.0 0.0 0.0 1.0
LeftHandIndex1 0.996772 -0.08012 -0.005213 -0.0 0.079933 0.996365 -0.02946 0.113343 0.007555 0.028948 0.999552 -5.0E-6 0.0 0.0 0.0 1.0
LeftHandIndex2 0.995451 0.086937 -0.038984 0.001041 -0.094695 0.857578 -0.505562 0.032903 -0.01052 0.506954 0.861909 -0.0 0.0 0.0 0.0 1.0
LeftHandIndex3 0.974247 0.22045 -0.047382 0.001107 -0.213804 0.836399 -0.504703 0.033648 -0.071631 0.501836 0.861992 0.0 0.0 0.0 0.0 1.0
RightShoulder 0.003703 -0.899283 0.437351 -0.07447 -0.010612 -0.437365 -0.899221 0.12237 0.999937 -0.001311 -0.011163 1.76E-4 0.0 0.0 0.0 1.0
RightArm 0.9481 -0.123146 -0.293159 0.0 -0.128809 0.694181 -0.708181 0.155382 0.290715 0.709188 0.64229 0.0 0.0 0.0 0.0 1.0
RightForeArm 0.939603 0.342244 0.003784 0.0 -0.342259 0.939594 0.004613 0.248824 -0.001977 -0.005629 0.999982 0.0 0.0 0.0 0.0 1.0
RightHand 0.997976 0.034103 0.053674 0.0 -0.034756 0.999332 0.011293 0.225701 -0.053253 -0.013136 0.998495 -0.0 0.0 0.0 0.0 1.0
RightHandThumb1 0.737915 0.47832 -0.476122 0.023976 -0.622926 0.754183 -0.207774 0.019052 0.2597 0.449908 0.854481 0.017779 0.0 0.0 0.0 1.0
RightHandThumb2 0.918883 -0.393639 -0.02652 -0.001245 0.391861 0.918407 -0.054529 0.028301 0.045821 0.039713 0.99816 -0.0 0.0 0.0 0.0 1.0
RightHandThumb3 0.999319 0.036898 -5.06E-4 0.002262 -0.035121 0.955241 0.293736 0.044358 0.011321 -0.293518 0.955886 0.0 0.0 0.0 0.0 1.0
RightHandIndex1 0.996062 0.088028 -0.010544 0.0 -0.088157 0.996029 -0.012445 0.112301 0.009406 0.013326 0.999867 3.4E-5 0.0 0.0 0.0 1.0
RightHandIndex2 0.998355 -0.045525 0.034856 -0.001192 0.056952 0.85763 -0.511104 0.035377 -0.006626 0.512248 0.858812 0.0 0.0 0.0 0.0 1.0
RightHandIndex3 0.975426 -0.215344 0.04659 -0.00124 0.208601 0.834568 -0.509884 0.032704 0.070917 0.507073 0.858981 0.0 0.0 0.0 0.0 1.0
LeftUpLeg -0.992879 -0.092854 0.074622 0.078926 0.091941 -0.995642 -0.015584 -0.051168 0.075744 -0.008612 0.99709 0.016768 0.0 0.0 0.0 1.0
LeftLeg 0.996526 0.008438 -0.08285 -0.0 0.031879 0.880423 0.473117 0.449901 0.076935 -0.474114 0.877096 0.0 0.0 0.0 0.0 1.0
LeftFoot 0.997437 0.02333 0.067633 0.0 0.063564 0.144871 -0.987407 0.403843 -0.032835 0.989175 0.143017 0.0 0.0 0.0 0.0 1.0
LeftToeBase 0.972326 0.143432 0.184418 0.0 0.057763 0.617267 -0.78463 0.212853 -0.226376 0.773569 0.5919 0.0 0.0 0.0 0.0 1.0
RightUpLeg -0.998747 -0.01964 -0.046035 -0.078926 -0.018188 -0.714482 0.699418 -0.051168 -0.046628 0.699378 0.713229 0.021155 0.0 0.0 0.0 1.0
RightLeg 0.994342 -0.026238 0.102935 0.0 -0.031926 0.850397 0.525172 0.450627 -0.101315 -0.525487 0.844748 0.0 0.0 0.0 0.0 1.0
RightFoot 0.961604 0.184259 0.203388 0.0 0.031933 0.660944 -0.749755 0.403185 -0.272577 0.727462 0.629682 0.0 0.0 0.0 0.0 1.0
RightToeBase 0.975527 -0.138609 -0.170687 -0.0 -0.0 0.77628 -0.630389 0.209681 0.219878 0.614961 0.757282 0.0 0.0 0.0 0.0 1.0
Time 0.033333
Hips 0.975268 0.076957 0.207195 -0.024798 -0.047574 0.988544 -0.143237 0.953527 -0.215844 0.129837 0.967757 -0.036847 0.0 0.0 0.0 1.0
Spine 0.989785 -0.04751 -0.13442 0.0 0.028405 0.989654 -0.140631 0.092381 0.139711 0.135376 0.980895 0.001307 0.0 0.0 0.0 1.0
Spine1 0.999162 -0.01315 -0.03877 0.0 0.012857 0.999887 -0.007784 0.107789 0.038868 0.007279 0.999218 -0.0 0.0 0.0 0.0 1.0
Spine2 0.999154 -0.013326 -0.038894 -0.0 0.01304 0.999886 -0.007591 0.123187 0.038991 0.007077 0.999215 -0.0 0.0 0.0 0.0 1.0
Neck 0.998899 0.040893 -0.02297 0.0 -0.038051 0.99288 0.112875 0.138586 0.027423 -0.111876 0.993344 -0.0 0.0 0.0 0.0 1.0
Head 0.98534 -0.025405 -0.168702 -0.0 0.045796 0.991944 0.118109 0.040313 0.164342 -0.124103 0.978565 0.011037 0.0 0.0 0.0 1.0
LeftShoulder 0.040443 0.906264 -0.420774 0.07447 0.009438 -0.421446 -0.906804 0.122371 -0.999137 0.032702 -0.025598 2.82E-4 0.0 0.0 0.0 1.0
LeftArm 0.805849 -0.427675 0.409513 0.0 0.592012 0.595185 -0.543394 0.155382 -0.01134 0.68033 0.732818 0.0 0.0 0.0 0.0 1.0
LeftForeArm 0.654143 -0.756332 -0.007738 0.0 0.756368 0.654079 0.009363 0.248813 -0.00202 -0.011977 0.999926 0.0 0.0 0.0 0.0 1.0
LeftHand 0.871242 -0.434967 0.227468 0.0 0.451164 0.89217 -0.02202 0.225832 -0.193362 0.12181 0.973537 0.0 0.0 0.0 0.0 1.0
LeftHandThumb1 0.796865 -0.348632 0.493419 -0.024222 0.526902 0.800632 -0.285242 0.018653 -0.295603 0.487283 0.82169 0.022191 0.0 0.0 0.0 1.0
LeftHandThumb2 0.941592 0.320176 0.104362 5.35E-4 -0.322633 0.946497 0.007116 0.030217 -0.0965 -0.040371 0.994514 0.0 0.0 0.0 0.0 1.0
LeftHandThumb3 0.980392 -0.1602 0.114749 -4.89E-4 0.105926 0.919462 0.37864 0.043101 -0.166165 -0.359061 0.918403 -0.0 0.0 0.0 0.0 1.0
LeftHandIndex1 0.997889 -0.0646 -0.006712 0.0 0.064325 0.997306 -0.035267 0.113343 0.008972 0.034761 0.999355 -5.0E-6 0.0 0.0 0.0 1.0
LeftHandIndex2 0.996537 0.077046 -0.031267 0.001041 -0.082888 0.890741 -0.446889 0.032903 -0.00658 0.447934 0.894043 -0.0 0.0 0.0 0.0 1.0
LeftHandIndex3 0.976687 0.210987 -0.039596 0.001107 -0.20622 0.870897 -0.446108 0.033648 -0.059639 0.443873 0.894103 0.0 0.0 0.0 0.0 1.0
RightShoulder -0.001637 -0.897013 0.442001 -0.07447 -0.01079 -0.44196 -0.89697 0.12237 0.99994 -0.006238 -0.008955 1.76E-4 0.0 0.0 0.0 1.0
RightArm 0.960199 -0.080149 -0.267569 0.0 -0.139489 0.69234 -0.70796 0.155382 0.241991 0.717106 0.653605 0.0 0.0 0.0 0.0 1.0
RightForeArm 0.905985 0.423289 0.004237 0.0 -0.423307 0.905968 0.005705 0.248824 -0.001424 -0.006962 0.999975 0.0 0.0 0.0 0.0 1.0
RightHand 0.991948 0.041561 0.11963 0.0 -0.045758 0.998422 0.032553 0.225701 -0.118089 -0.037765 0.992285 -0.0 0.0 0.0 0.0 1.0
RightHandThumb1 0.744068 0.479303 -0.465436 0.023976 -0.618263 0.758006 -0.207795 0.019052 0.253207 0.442376 0.860343 0.017779 0.0 0.0 0.0 1.0
RightHandThumb2 0.91935 -0.391801 -0.035879 -0.001245 0.38974 0.919387 -0.0532 0.028301 0.05383 0.034926 0.997939 -0.0 0.0 0.0 0.0 1.0
RightHandThumb3 0.999318 0.035509 -0.010165 0.002262 -0.030757 0.952403 0.303285 0.044358 0.02045 -0.302766 0.952846 -0.0 0.0 0.0 0.0 1.0
RightHandIndex1 0.996596 0.081764 -0.01058 -0.0 -0.081873 0.99659 -0.010303 0.112301 0.009701 0.011134 0.999891 3.4E-5 0.0 0.0 0.0 1.0
RightHandIndex2 0.998429 -0.044642 0.033856 -0.001192 0.055601 0.863897 -0.500591 0.035377 -0.006901 0.501687 0.865022 0.0 0.0 0.0 0.0 1.0
RightHandIndex3 0.975834 -0.213866 0.044825 -0.00124 0.207877 0.845374 -0.492067 0.032704 0.067342 0.489494 0.869403 0.0 0.0 0.0 0.0 1.0
LeftUpLeg -0.998553 -0.041291 0.03444 0.078926 0.042525 -0.998451 0.035888 -0.051168 0.032905 0.0373 0.998762 0.016768 0.0 0.0 0.0 1.0
LeftLeg 0.996414 -0.0241 -0.081108 -0.0 0.06666 0.813978 0.577058 0.449901 0.052113 -0.580395 0.812666 0.0 0.0 0.0 0.0 1.0
LeftFoot 0.999691 0.020698 0.013779 -0.0 0.012971 0.038652 -0.999169 0.403843 -0.021213 0.999038 0.038372 -0.0 0.0 0.0 0.0 1.0
LeftToeBase 0.972766 0.142441 0.182858 0.0 0.047603 0.649309 -0.759034 0.212853 -0.226849 0.747067 0.624845 0.0 0.0 0.0 0.0 1.0
RightUpLeg -0.996055 -0.035714 -0.081229 -0.078926 -0.03487 -0.684233 0.728429 -0.051168 -0.081594 0.728389 0.680289 0.021155 0.0 0.0 0.0 1.0
RightLeg 0.990824 -0.070038 0.115599 -0.0 -0.022316 0.758762 0.650985 0.450627 -0.133306 -0.647591 0.750237 0.0 0.0 0.0 0.0 1.0
RightFoot 0.993199 0.008565 0.116116 0.0 0.084789 0.630262 -0.771738 0.403185 -0.079794 0.776335 0.62525 0.0 0.0 0.0 0.0 1.0
RightToeBase 0.975101 -0.139258 -0.172582 -0.0 -0.01046 0.748489 -0.663065 0.209681 0.221513 0.648361 0.728396 0.0 0.0 0.0 0.0 1.0
Time 0.066667
Hips 0.963185 0.093281 0.252138 -0.053661 -0.065738 0.991124 -0.115552 0.942115 -0.260679 0.094722 0.960767 -0.061794 0.0 0.0 0.0 1.0
Spine 0.990558 -0.038115 -0.131689 0.0 0.014908 0.984826 -0.172902 0.092381 0.136281 0.169307 0.976096 0.001307 0.0 0.0 0.0 1.0
Spine1 0.999242 -0.009622 -0.037723 0.0 0.009117 0.999867 -0.013549 0.107789 0.037848 0.013195 0.999196 -0.0 0.0 0.0 0.0 1.0
Spine2 0.999237 -0.009929 -0.037768 0.0 0.009426 0.999865 -0.013456 0.123187 0.037896 0.01309 0.999196 0.0 0.0 0.0 0.0 1.0
Neck 0.999317 0.032563 -0.017469 -0.0 -0.030658 0.994515 0.099998 0.138586 0.020629 -0.099394 0.994834 -0.0 0.0 0.0 0.0 1.0
Head 0.988942 -0.046044 -0.140977 0.0 0.064985 0.989004 0.132849 0.040313 0.133309 -0.140542 0.981059 0.011037 0.0 0.0 0.0 1.0
LeftShoulder 0.044067 0.907193 -0.418399 0.07447 0.009433 -0.419165 -0.907861 0.122371 -0.998984 0.03606 -0.027029 2.82E-4 0.0 0.0 0.0 1.0
LeftArm 0.83516 -0.419923 0.355209 -0.0 0.549829 0.65386 -0.519765 0.155382 -0.013996 0.629391 0.776963 0.0 0.0 0.0 0.0 1.0
LeftForeArm 0.677501 -0.735484 -0.007448 0.0 0.73552 0.677442 0.009104 0.248813 -0.00165 -0.011647 0.999931 0.0 0.0 0.0 0.0 1.0
LeftHand 0.888879 -0.37326 0.265653 0.0 0.378575 0.924984 0.032946 0.225832 -0.258022 0.071285 0.963506 0.0 0.0 0.0 0.0 1.0
LeftHandThumb1 0.837351 -0.280689 0.469102 -0.024222 0.469756 0.80834 -0.354845 0.018653 -0.279593 0.517494 0.80872 0.022191 0.0 0.0 0.0 1.0
LeftHandThumb2 0.921459 0.34056 0.186904 5.35E-4 -0.357986 0.931241 0.06809 0.030217 -0.150864 -0.129651 0.980016 0.0 0.0 0.0 0.0 1.0
LeftHandThumb3 0.940819 -0.244825 0.234352 -4.89E-4 0.115464 0.881665 0.457532 0.043101 -0.318636 -0.403395 0.857755 0.0 0.0 0.0 0.0 1.0
LeftHandIndex1 0.998843 -0.047366 -0.00834 -0.0 0.046979 0.998026 -0.041669 0.113343 0.010297 0.041229 0.999097 -5.0E-6 0.0 0.0 0.0 1.0
LeftHandIndex2 0.997577 0.065479 -0.023503 0.001041 -0.069498 0.922648 -0.379329 0.032903 -0.003152 0.380044 0.924963 -0.0 0.0 0.0 0.0 1.0
LeftHandIndex3 0.979308 0.199872 -0.031741 0.001107 -0.19685 0.90437 -0.378635 0.033648 -0.046973 0.377048 0.925002 0.0 0.0 0.0 0.0 1.0
RightShoulder -0.003555 -0.900215 0.43543 -0.07447 -0.010619 -0.435375 -0.900187 0.12237 0.999937 -0.007824 -0.008012 1.76E-4 0.0 0.0 0.0 1.0
RightArm 0.961074 0.003225 -0.276273 0.0 -0.200143 0.69747 -0.688098 0.155382 0.190473 0.716607 0.670966 0.0 0.0 0.0 0.0 1.0
RightForeArm 0.841761 0.539826 0.005102 -0.0 -0.53985 0.84173 0.007276 0.248824 -3.67E-4 -0.008879 0.999961 0.0 0.0 0.0 0.0 1.0
RightHand 0.994333 2.76E-4 0.106312 0.0 -0.012134 0.993757 0.110907 0.225701 -0.105618 -0.111568 0.988128 -0.0 0.0 0.0 0.0 1.0
RightHandThumb1 0.750607 0.480295 -0.45377 0.023976 -0.61322 0.762118 -0.207696 0.019052 0.24607 0.434159 0.866577 0.017779 0.0 0.0 0.0 1.0
RightHandThumb2 0.919754 -0.38979 -0.046008 -0.001245 0.387489 0.920424 -0.05169 0.028301 0.062495 0.029714 0.997603 -0.0 0.0 0.0 0.0 1.0
RightHandThumb3 0.999208 0.034022 -0.020656 0.002262 -0.025838 0.949219 0.313553 0.044358 0.030274 -0.312771 0.949346 0.0 0.0 0.0 0.0 1.0
RightHandIndex1 0.997136 0.074876 -0.01062 -0.0 -0.074962 0.997155 -0.007968 0.112301 0.009993 0.008742 0.999912 3.4E-5 0.0 0.0 0.0 1.0
RightHandIndex2 0.998509 -0.04366 0.032773 -0.001192 0.054117 0.870608 -0.488991 0.035377 -0.007182 0.490036 0.871673 0.0 0.0 0.0 0.0 1.0
RightHandIndex3 0.976284 -0.212197 0.04292 -0.00124 0.206994 0.856834 -0.472218 0.032704 0.063428 0.469903 0.880436 0.0 0.0 0.0 0.0 1.0
LeftUpLeg -0.999926 0.002238 0.011963 0.078926 -0.001277 -0.996816 0.079729 -0.051168 0.012104 0.079708 0.996745 0.016768 0.0 0.0 0.0 1.0
LeftLeg 0.994843 -0.044606 -0.091087 -0.0 0.093449 0.752195 0.65228 0.449901 0.03942 -0.657429 0.752485 0.0 0.0 0.0 0.0 1.0
LeftFoot 0.998888 0.034263 -0.032391 0.0 -0.030875 -0.043879 -0.99856 0.403843 -0.035635 0.998449 -0.042772 0.0 0.0 0.0 0.0 1.0
LeftToeBase 0.973291 0.141334 0.180913 0.0 0.035299 0.686536 -0.726238 0.212853 -0.226846 0.713227 0.66321 0.0 0.0 0.0 0.0 1.0
RightUpLeg -0.994141 -0.070653 -0.081808 -0.078926 -0.01789 -0.638843 0.769129 -0.051168 -0.106604 0.766086 0.633835 0.021155 0.0 0.0 0.0 1.0
RightLeg 0.996157 -0.0753 -0.044727 0.0 0.082697 0.640515 0.76348 0.450627 -0.028841 -0.764245 0.644281 0.0 0.0 0.0 0.0 1.0
RightFoot 0.963281 -0.208489 0.169183 -0.0 0.263232 0.609155 -0.74809 0.403185 0.05291 0.765155 0.641668 0.0 0.0 0.0 0.0 1.0
RightToeBase 0.962229 -0.141382 -0.232652 -0.0 -0.045835 0.758248 -0.650353 0.209681 0.268356 0.636452 0.723128 0.0 0.0 0.0 0.0 1.0
Time 0.1
Hips 0.953825 0.100383 0.283092 -0.08626 -0.07678 0.992673 -0.093299 0.937746 -0.290384 0.067255 0.954544 -0.086177 0.0 0.0 0.0 1.0
Spine 0.99185 -0.021973 -0.125502 0.0 -0.004216 0.978817 -0.204692 0.092381 0.127341 0.203553 0.970747 0.001307 0.0 0.0 0.0 1.0
Spine1 0.999363 -0.005298 -0.035278 0.0 0.004658 0.999823 -0.018205 0.107789 0.035368 0.018029 0.999212 0.0 0.0 0.0 0.0 1.0
Spine2 0.999363 -0.00567 -0.035248 0.0 0.00503 0.999821 -0.018216 0.123187 0.035345 0.018027 0.999213 0.0 0.0 0.0 0.0 1.0
Neck 0.999657 0.023296 -0.011978 0.0 -0.022203 0.996178 0.084473 0.138586 0.0139 -0.084178 0.996354 -0.0 0.0 0.0 0.0 1.0
Head 0.992118 -0.058042 -0.111052 0.0 0.073876 0.98678 0.144246 0.040313 0.101212 -0.151314 0.983291 0.011037 0.0 0.0 0.0 1.0
LeftShoulder 0.046971 0.91139 -0.408854 0.07447 0.009426 -0.409692 -0.912175 0.122371 -0.998852 0.038992 -0.027834 2.82E-4 0.0 0.0 0.0 1.0
LeftArm 0.886031 -0.383251 0.260899 0.0 0.463372 0.750664 -0.470946 0.155382 -0.015357 0.538166 0.842699 0.0 0.0 0.0 0.0 1.0
LeftForeArm 0.658569 -0.752481 -0.007683 0.0 0.752518 0.658506 0.009315 0.248813 -0.00195 -0.011916 0.999927 0.0 0.0 0.0 0.0 1.0
LeftHand 0.918432 -0.339617 0.20284 0.0 0.335742 0.940387 0.054304 0.225832 -0.20919 0.018227 0.977705 0.0 0.0 0.0 0.0 1.0
LeftHandThumb1 0.876658 -0.206923 0.434342 -0.024222 0.401471 0.812121 -0.423415 0.018653 -0.265124 0.545566 0.795026 0.022191 0.0 0.0 0.0 1.0
LeftHandThumb2 0.892506 0.358106 0.274213 5.35E-4 -0.402506 0.90671 0.12596 0.030217 -0.203525 -0.222793 0.953384 0.0 0.0 0.0 0.0 1.0
LeftHandThumb3 0.879622 -0.336599 0.336103 -4.89E-4 0.108759 0.830186 0.546776 0.043101 -0.463072 -0.444402 0.766858 0.0 0.0 0.0 0.0 1.0
LeftHandIndex1 0.999523 -0.02921 -0.010013 0.0 0.028693 0.998418 -0.048364 0.113343 0.01141 0.048053 0.99878 -5.0E-6 0.0 0.0 0.0 1.0
LeftHandIndex2 0.998478 0.052698 -0.016285 0.001041 -0.055153 0.950491 -0.30582 0.032903 -6.37E-4 0.306252 0.95195 -0.0 0.0 0.0 0.0 1.0
LeftHandIndex3 0.981954 0.187537 -0.024409 0.001107 -0.185956 0.93395 -0.305217 0.033648 -0.034442 0.304248 0.95197 0.0 0.0 0.0 0.0 1.0
RightShoulder -7.12E-4 -0.907647 0.419734 -0.07447 -0.010061 -0.419706 -0.907604 0.12237 0.999949 -0.004869 -0.008833 1.76E-4 0.0 0.0 0.0 1.0
RightArm 0.950263 0.099159 -0.295243 0.0 -0.271143 0.729807 -0.627585 0.155382 0.153239 0.676424 0.720395 0.0 0.0 0.0 0.0 1.0
RightForeArm 0.719067 0.694908 0.006756 0.0 -0.694939 0.719008 0.009365 0.248824 0.00165 -0.011429 0.999933 0.0 0.0 0.0 0.0 1.0
RightHand 0.999521 -0.018806 0.024598 0.0 0.014948 0.988788 0.148574 0.225701 -0.027116 -0.148135 0.988595 -0.0 0.0 0.0 0.0 1.0
RightHandThumb1 0.757452 0.48128 -0.441176 0.023976 -0.607845 0.766479 -0.20745 0.019052 0.23831 0.4253 0.873114 0.017779 0.0 0.0 0.0 1.0
RightHandThumb2 0.920068 -0.387614 -0.056838 -0.001245 0.385132 0.921506 -0.049994 0.028301 0.071755 0.024107 0.997131 -0.0 0.0 0.0 0.0 1.0
RightHandThumb3 0.998964 0.03245 -0.031916 0.002262 -0.020353 0.945683 0.324451 0.044358 0.040711 -0.323465 0.945364 -0.0 0.0 0.0 0.0 1.0
RightHandIndex1 0.997669 0.06741 -0.010624 0.0 -0.067471 0.997706 -0.005459 0.112301 0.010231 0.006163 0.999929 3.4E-5 0.0 0.0 0.0 1.0
RightHandIndex2 0.998592 -0.042584 0.031617 -0.001192 0.052511 0.87768 -0.476361 0.035377 -0.007464 0.477351 0.878681 0.0 0.0 0.0 0.0 1.0
RightHandIndex3 0.976773 -0.210338 0.040899 -0.00124 0.205934 0.868743 -0.450418 0.032704 0.059209 0.448378 0.891881 0.0 0.0 0.0 0.0 1.0
LeftUpLeg -0.998466 0.054357 0.010555 0.078926 -0.052709 -0.991422 0.119599 -0.051168 0.016966 0.118859 0.992766 0.016768 0.0 0.0 0.0 1.0
LeftLeg 0.994357 -0.047155 -0.095028 -0.0 0.100226 0.711134 0.695876 0.449901 0.034764 -0.701473 0.711847 0.0 0.0 0.0 0.0 1.0
LeftFoot 0.995657 0.068284 -0.063288 0.0 -0.057704 -0.080861 -0.995054 0.403843 -0.073064 0.994384 -0.076569 0.0 0.0 0.0 0.0 1.0
LeftToeBase 0.973857 0.140233 0.178709 0.0 0.021784 0.725428 -0.687953 0.212853 -0.226115 0.673861 0.703408 0.0 0.0 0.0 0.0 1.0
RightUpLeg -0.992814 -0.102112 -0.062401 -0.078926 0.009497 -0.587027 0.809511 -0.051168 -0.119292 0.803102 0.583779 0.021155 0.0 0.0 0.0 1.0
RightLeg 0.986151 -0.051539 -0.157641 0.0 0.161272 0.519819 0.838916 0.450627 0.038708 -0.852721 0.520931 0.0 0.0 0.0 0.0 1.0
RightFoot 0.914297 -0.325494 0.241071 0.0 0.39752 0.606884 -0.688237 0.403185 0.077715 0.725083 0.684263 -0.0 0.0 0.0 0.0 1.0
RightToeBase 0.957545 -0.142623 -0.250531 0.0 -0.036818 0.801427 -0.596958 0.209681 0.285922 0.580839 0.762151 0.0 0.0 0.0 0.0 1.0
Time 0.133333
Hips 0.947355 0.113778 0.299286 -0.120017 -0.093629 0.992317 -0.080871 0.948502 -0.306189 0.048592 0.95073 -0.106364 0.0 0.0 0.0 1.0
Spine 0.9939 -0.014736 -0.109298 0.0 -0.010908 0.97304 -0.230379 0.092381 0.109746 0.230165 0.966944 0.001307 0.0 0.0 0.0 1.0
Spine1 0.999528 -0.003522 -0.030502 -0.0 0.002902 0.999789 -0.020338 0.107789 0.030568 0.020239 0.999328 0.0 0.0 0.0 0.0 1.0
Spine2 0.999528 -0.003875 -0.030487 0.0 0.003255 0.999787 -0.020377 0.123187 0.030559 0.020268 0.999327 0.0 0.0 0.0 0.0 1.0
Neck 0.999884 0.013193 -0.007566 -0.0 -0.012645 0.997577 0.068417 0.138586 0.00845 -0.068313 0.997628 -0.0 0.0 0.0 0.0 1.0
Head 0.994825 -0.058224 -0.08327 0.0 0.069927 0.986906 0.145352 0.040313 0.073717 -0.150423 0.98587 0.011037 0.0 0.0 0.0 1.0
LeftShoulder 0.044389 0.918675 -0.392512 0.07447 0.009427 -0.393267 -0.919376 0.122371 -0.99897 0.03711 -0.026116 2.82E-4 0.0 0.0 0.0 1.0
LeftArm 0.937884 -0.308924 0.157923 0.0 0.346903 0.842355 -0.412428 0.155382 -0.005618 0.441593 0.897198 0.0 0.0 0.0 0.0 1.0
LeftForeArm 0.596006 -0.802936 -0.008458 0.0 0.802975 0.59593 0.00994 0.248813 -0.002941 -0.012715 0.999915 0.0 0.0 0.0 0.0 1.0
LeftHand 0.933375 -0.280901 0.223395 0.0 0.258675 0.957996 0.123822 0.225832 -0.248793 -0.057786 0.966831 0.0 0.0 0.0 0.0 1.0
LeftHandThumb1 0.910371 -0.133267 0.391745 -0.024222 0.327213 0.811354 -0.484393 0.018653 -0.25329 0.569161 0.78224 0.022191 0.0 0.0 0.0 1.0
LeftHandThumb2 0.856472 0.371008 0.3589 5.35E-4 -0.452129 0.87466 0.174783 0.030217 -0.249069 -0.311965 0.916865 0.0 0.0 0.0 0.0 1.0
LeftHandThumb3 0.807301 -0.427701 0.406617 -4.89E-4 0.085811 0.766771 0.63616 0.043101 -0.583868 -0.47868 0.655716 0.0 0.0 0.0 0.0 1.0
LeftHandIndex1 0.999867 -0.011493 -0.011602 0.0 0.010841 0.998436 -0.054849 0.113343 0.012215 0.054716 0.998427 -5.0E-6 0.0 0.0 0.0 1.0
LeftHandIndex2 0.999159 0.039713 -0.010232 0.001041 -0.041003 0.971803 -0.232202 0.032903 7.22E-4 0.232426 0.972614 -0.0 0.0 0.0 0.0 1.0
LeftHandIndex3 0.984408 0.174955 -0.018229 0.001107 -0.17438 0.957033 -0.231689 0.033648 -0.023089 0.231256 0.972619 0.0 0.0 0.0 0.0 1.0
RightShoulder 0.010423 -0.915797 0.401506 -0.07447 -0.009471 -0.4016 -0.915766 0.12237 0.999901 0.005742 -0.012859 1.76E-4 0.0 0.0 0.0 1.0
RightArm 0.940894 0.168194 -0.293989 0.0 -0.306561 0.791951 -0.528048 0.155382 0.14401 0.586963 0.796703 0.0 0.0 0.0 0.0 1.0
RightForeArm 0.54917 0.835662 0.009046 0.0 -0.835699 0.549073 0.011263 0.248824 0.004445 -0.013745 0.999896 0.0 0.0 0.0 0.0 1.0
RightHand 0.995214 0.039212 0.089512 0.0 -0.052821 0.986481 0.155129 0.225701 -0.082219 -0.159115 0.98383 -0.0 0.0 0.0 0.0 1.0
RightHandThumb1 0.764431 0.482239 -0.427892 0.023976 -0.602263 0.770984 -0.207037 0.019052 0.230056 0.415968 0.879798 0.017779 0.0 0.0 0.0 1.0
RightHandThumb2 0.920266 -0.385312 -0.06815 -0.001245 0.382728 0.922606 -0.048132 0.028301 0.081421 0.018212 0.996513 -0.0 0.0 0.0 0.0 1.0
RightHandThumb3 0.998568 0.030829 -0.043723 0.002262 -0.014377 0.941845 0.335741 0.044358 0.05153 -0.334631 0.940939 0.0 0.0 0.0 0.0 1.0
RightHandIndex1 0.99817 0.059534 -0.010568 0.0 -0.059567 0.99822 -0.002825 0.112301 0.010381 0.00345 0.99994 3.4E-5 0.0 0.0 0.0 1.0
RightHandIndex2 0.998678 -0.041434 0.030419 -0.001192 0.050816 0.884922 -0.462958 0.035377 -0.007736 0.463892 0.885858 0.0 0.0 0.0 0.0 1.0
RightHandIndex3 0.977289 -0.208323 0.03882 -0.00124 0.204703 0.88072 -0.427118 0.032704 0.054789 0.425364 0.903362 0.0 0.0 0.0 0.0 1.0
LeftUpLeg -0.992062 0.123751 0.022313 0.078926 -0.119042 -0.981431 0.150406 -0.051168 0.040512 0.146556 0.988372 0.016768 0.0 0.0 0.0 1.0
LeftLeg 0.997341 -0.039123 -0.061476 -0.0 0.070996 0.711768 0.698818 0.449901 0.016416 -0.701324 0.712653 0.0 0.0 0.0 0.0 1.0
LeftFoot 0.993 0.09625 -0.068463 -0.0 -0.064849 -0.040194 -0.997085 0.403843 -0.098721 0.994545 -0.033671 -0.0 0.0 0.0 0.0 1.0
LeftToeBase 0.974267 0.139503 0.177041 0.0 0.011841 0.752694 -0.658263 0.212853 -0.225087 0.643421 0.731673 0.0 0.0 0.0 0.0 1.0
RightUpLeg -0.992299 -0.110795 -0.055388 -0.078926 0.011746 -0.529302 0.848352 -0.051168 -0.12331 0.841168 0.526527 0.021155 0.0 0.0 0.0 1.0
RightLeg 0.997015 -0.02727 -0.072229 -0.0 0.077181 0.328747 0.941259 0.450627 -0.001923 -0.944024 0.32987 0.0 0.0 0.0 0.0 1.0
RightFoot 0.957729 -0.23107 0.171355 0.0 0.278695 0.59763 -0.751776 0.403185 0.071306 0.767753 0.636766 0.0 0.0 0.0 0.0 1.0
RightToeBase 0.976431 -0.137471 -0.166383 -0.0 0.022889 0.832517 -0.553527 0.209681 0.214611 0.536672 0.816042 0.0 0.0 0.0 0.0 1.0
Time 0.166667
Hips 0.942637 0.140458 0.302833 -0.151279 -0.121472 0.989305 -0.080741 0.977382 -0.310935 0.039324 0.949617 -0.120447 0.0 0.0 0.0 1.0
Spine 0.996409 -0.021582 -0.081872 -0.0 8.52E-4 0.969474 -0.245191 0.092381 0.084665 0.244241 0.966012 0.001307 0.0 0.0 0.0 1.0
Spine1 0.999708 -0.005845 -0.023426 0.0 0.005396 0.999801 -0.019219 0.107789 0.023533 0.019087 0.999541 -0.0 0.0 0.0 0.0 1.0
Spine2 0.999704 -0.006122 -0.023556 0.0 0.00567 0.9998 -0.019197 0.123187 0.023669 0.019058 0.999538 0.0 0.0 0.0 0.0 1.0
Neck 0.999986 0.002849 -0.004449 0.0 -0.002605 0.998542 0.05392 0.138586 0.004596 -0.053908 0.998535 -0.0 0.0 0.0 0.0 1.0
Head 0.997028 -0.052187 -0.056666 0.0 0.059305 0.989445 0.132215 0.040313 0.049168 -0.135182 0.9896 0.011037 0.0 0.0 0.0 1.0
LeftShoulder 0.035259 0.927209 -0.37288 0.07447 0.009231 -0.373399 -0.927625 0.122371 -0.999336 0.029265 -0.021725 2.82E-4 0.0 0.0 0.0 1.0
LeftArm 0.976514 -0.20142 0.076482 0.0 0.215395 0.904471 -0.368154 0.155382 0.004978 0.375981 0.926614 0.0 0.0 0.0 0.0 1.0
LeftForeArm 0.525019 -0.851039 -0.009336 0.0 0.851081 0.524929 0.010535 0.248813 -0.004065 -0.013477 0.999901 0.0 0.0 0.0 0.0 1.0
LeftHand 0.953104 -0.222953 0.204656 0.0 0.184913 0.964333 0.189389 0.225832 -0.239582 -0.142664 0.960337 0.0 0.0 0.0 0.0 1.0
LeftHandThumb1 0.935054 -0.067997 0.347922 -0.024222 0.256636 0.806903 -0.53202 0.018653 -0.244564 0.586757 0.771949 0.022191 0.0 0.0 0.0 1.0
LeftHandThumb2 0.818752 0.378454 0.431761 5.35E-4 -0.499438 0.840401 0.210446 0.030217 -0.283209 -0.387941 0.877094 0.0 0.0 0.0 0.0 1.0
LeftHandThumb3 0.73426 -0.50252 0.456438 -4.89E-4 0.047924 0.709044 0.703534 0.043101 -0.677175 -0.494703 0.544705 -0.0 0.0 0.0 0.0 1.0
LeftHandIndex1 0.999908 0.003992 -0.012957 -0.0 -0.004769 0.998158 -0.060482 0.113343 0.012692 0.060538 0.998085 -5.0E-6 0.0 0.0 0.0 1.0
LeftHandIndex2 0.999591 0.028005 -0.005768 0.001041 -0.028575 0.9856 -0.166661 0.032903 0.001018 0.166758 0.985997 -0.0 0.0 0.0 0.0 1.0
LeftHandIndex3 0.986437 0.163571 -0.013642 0.001107 -0.163547 0.97243 -0.166227 0.033648 -0.013924 0.166204 0.985993 0.0 0.0 0.0 0.0 1.0
RightShoulder 0.02932 -0.920992 0.388477 -0.07447 -0.009311 -0.388879 -0.921242 0.12237 0.999527 0.023394 -0.019977 1.76E-4 0.0 0.0 0.0 1.0
RightArm 0.939282 0.212161 -0.269698 0.0 -0.31137 0.857279 -0.410026 0.155382 0.144215 0.469106 0.871287 0.0 0.0 0.0 0.0 1.0
RightForeArm 0.385756 0.922532 0.011248 0.0 -0.922573 0.385621 0.012433 0.248824 0.007133 -0.015173 0.999859 0.0 0.0 0.0 0.0 1.0
RightHand 0.968297 0.10407 0.22709 0.0 -0.148491 0.970832 0.188245 0.225701 -0.200875 -0.215997 0.955507 -0.0 0.0 0.0 0.0 1.0
RightHandThumb1 0.771338 0.483151 -0.414251 0.023976 -0.596636 0.775502 -0.206452 0.019052 0.221505 0.406401 0.886439 0.017779 0.0 0.0 0.0 1.0
RightHandThumb2 0.920332 -0.382942 -0.079647 -0.001245 0.380347 0.923692 -0.046146 0.028301 0.091241 0.012176 0.995754 -0.0 0.0 0.0 0.0 1.0
RightHandThumb3 0.998016 0.029203 -0.055773 0.002262 -0.008042 0.937788 0.347115 0.044358 0.06244 -0.345978 0.936163 0.0 0.0 0.0 0.0 1.0
RightHandIndex1 0.998619 0.051477 -0.010474 -0.0 -0.051482 0.998674 -1.36E-4 0.112301 0.010453 6.75E-4 0.999945 3.4E-5 0.0 0.0 0.0 1.0
RightHandIndex2 0.998763 -0.040239 0.029212 -0.001192 0.049079 0.892108 -0.449149 0.035377 -0.007987 0.450027 0.892979 0.0 0.0 0.0 0.0 1.0
RightHandIndex3 0.977819 -0.206205 0.036749 -0.00124 0.203324 0.892338 -0.402979 0.032704 0.050304 0.401512 0.914471 0.0 0.0 0.0 0.0 1.0
LeftUpLeg -0.979942 0.194486 0.043459 0.078926 -0.187604 -0.973869 0.127999 -0.051168 0.067217 0.117278 0.990822 0.016768 0.0 0.0 0.0 1.0
LeftLeg 0.999302 -0.035584 0.011409 -0.0 0.021838 0.803839 0.594446 0.449901 -0.030324 -0.593782 0.804054 0.0 0.0 0.0 0.0 1.0
LeftFoot 0.993517 0.093795 -0.064232 -0.0 -0.070995 0.070647 -0.994972 0.403843 -0.088786 0.993082 0.076848 0.0 0.0 0.0 0.0 1.0
LeftToeBase 0.9744 0.139277 0.176486 0.0 0.008583 0.76138 -0.648249 0.212853 -0.224659 0.633169 0.740693 0.0 0.0 0.0 0.0 1.0
RightUpLeg -0.990365 -0.12093 -0.067481 -0.078926 0.00191 -0.499165 0.866505 -0.051168 -0.138471 0.858027 0.494586 0.021155 0.0 0.0 0.0 1.0
RightLeg 0.999294 -0.01059 -0.036039 0.0 0.037157 0.137909 0.989748 0.450627 -0.005511 -0.990388 0.138205 -0.0 0.0 0.0 0.0 1.0
RightFoot 0.982476 -0.15052 0.109928 0.0 0.177657 0.577855 -0.796568 0.403185 0.056377 0.802139 0.59447 -0.0 0.0 0.0 0.0 1.0
RightToeBase 0.975666 -0.138413 -0.170055 0.0 0.003437 0.785131 -0.619321 0.209681 0.219237 0.603665 0.766501 0.0 0.0 0.0 0.0 1.0
Time 0.2
Hips 0.936824 0.17595 0.302328 -0.179362 -0.153764 0.983445 -0.095882 1.018382 -0.314194 0.043337 0.948369 -0.129716 0.0 0.0 0.0 1.0
Spine 0.998061 -0.034901 -0.051546 0.0 0.021246 0.969311 -0.244917 0.092381 0.058511 0.243346 0.968173 0.001307 0.0 0.0 0.0 1.0
Spine1 0.999819 -0.010297 -0.016 0.0 0.010051 0.999831 -0.015365 0.107789 0.016155 0.015201 0.999754 0.0 0.0 0.0 0.0 1.0
Spine2 0.999812 -0.010488 -0.016332 0.0 0.010239 0.999831 -0.01527 0.123187 0.016489 0.0151 0.99975 0.0 0.0 0.0 0.0 1.0
Neck 0.999976 -0.006444 -0.002553 0.0 0.006548 0.999045 0.043192 0.138586 0.002272 -0.043208 0.999064 -0.0 0.0 0.0 0.0 1.0
Head 0.998301 -0.048221 -0.03272 0.0 0.051598 0.992399 0.111723 0.040313 0.027084 -0.113222 0.993201 0.011037 0.0 0.0 0.0 1.0
LeftShoulder 0.023134 0.934483 -0.355256 0.07447 0.008728 -0.355526 -0.934626 0.122371 -0.999694 0.018521 -0.016381 2.82E-4 0.0 0.0 0.0 1.0
LeftArm 0.997628 -0.058096 0.036908 0.0 0.067328 0.935066 -0.34802 0.155382 -0.014293 0.34968 0.93676 0.0 0.0 0.0 0.0 1.0
LeftForeArm 0.42976 -0.902882 -0.010515 0.0 0.902926 0.42965 0.011177 0.248813 -0.005573 -0.014298 0.999882 0.0 0.0 0.0 0.0 1.0
LeftHand 0.979148 -0.132056 0.154372 -0.0 0.090154 0.963433 0.252327 0.225832 -0.182049 -0.233149 0.955249 0.0 0.0 0.0 0.0 1.0
LeftHandThumb1 0.949834 -0.019802 0.312126 -0.024222 0.201778 0.801309 -0.563196 0.018653 -0.238957 0.597923 0.765106 0.022191 0.0 0.0 0.0 1.0
LeftHandThumb2 0.787465 0.38142 0.484167 5.35E-4 -0.535902 0.811742 0.232129 0.030217 -0.30448 -0.44226 0.843622 0.0 0.0 0.0 0.0 1.0
LeftHandThumb3 0.67544 -0.55203 0.488921 -4.89E-4 0.00895 0.669108 0.743111 0.043101 -0.737361 -0.497551 0.456883 0.0 0.0 0.0 0.0 1.0
LeftHandIndex1 0.999785 0.015362 -0.013931 -0.0 -0.016232 0.997779 -0.064598 0.113343 0.012908 0.06481 0.997814 -5.0E-6 0.0 0.0 0.0 1.0
LeftHandIndex2 0.999811 0.019229 -0.002995 0.001041 -0.019448 0.992822 -0.118006 0.032903 7.04E-4 0.118042 0.993008 0.0 0.0 0.0 0.0 1.0
LeftHandIndex3 0.987853 0.155015 -0.01077 0.001107 -0.155199 0.980855 -0.117629 0.033648 -0.00767 0.117872 0.992999 0.0 0.0 0.0 0.0 1.0
RightShoulder 0.048033 -0.922102 0.383954 -0.07447 -0.009433 -0.384799 -0.922952 0.12237 0.998801 0.04071 -0.027181 1.76E-4 0.0 0.0 0.0 1.0
RightArm 0.940246 0.242623 -0.238897 -0.0 -0.309808 0.900685 -0.304608 0.155382 0.141266 0.360419 0.922032 0.0 0.0 0.0 0.0 1.0
RightForeArm 0.265314 0.964076 0.012871 0.0 -0.964119 0.265152 0.012993 0.248824 0.009114 -0.015856 0.999833 0.0 0.0 0.0 0.0 1.0
RightHand 0.955828 0.095438 0.278 0.0 -0.158759 0.963614 0.215042 0.225701 -0.247361 -0.249678 0.936201 0.0 0.0 0.0 0.0 1.0
RightHandThumb1 0.778014 0.484002 -0.400545 0.023976 -0.591098 0.779928 -0.205708 0.019052 0.212833 0.396805 0.892887 0.017779 0.0 0.0 0.0 1.0
RightHandThumb2 0.920263 -0.380553 -0.091083 -0.001245 0.378041 0.924739 -0.044076 0.028301 0.101001 0.006129 0.994867 -0.0 0.0 0.0 0.0 1.0
RightHandThumb3 0.997316 0.027606 -0.067808 0.002262 -0.00148 0.933596 0.358323 0.044358 0.073197 -0.357261 0.931132 0.0 0.0 0.0 0.0 1.0
RightHandIndex1 0.999002 0.043433 -0.010381 -0.0 -0.043408 0.999054 0.002551 0.112301 0.010482 -0.002098 0.999943 3.4E-5 0.0 0.0 0.0 1.0
RightHandIndex2 0.998845 -0.039028 0.028026 -0.001192 0.047342 0.899062 -0.435254 0.035377 -0.00821 0.436078 0.899871 0.0 0.0 0.0 0.0 1.0
RightHandIndex3 0.978347 -0.204036 0.034741 -0.00124 0.201826 0.90329 -0.378594 0.032704 0.045866 0.377408 0.924911 0.0 0.0 0.0 0.0 1.0
LeftUpLeg -0.970759 0.229859 0.069217 0.078926 -0.222327 -0.969633 0.10189 -0.051168 0.090536 0.083522 0.992385 0.016768 0.0 0.0 0.0 1.0
LeftLeg 0.998991 -0.037524 0.024684 -0.0 0.023032 0.899787 0.43572 0.449901 -0.03856 -0.434712 0.899744 0.0 0.0 0.0 0.0 1.0
LeftFoot 0.99852 0.049258 -0.023071 0.0 -0.034426 0.243918 -0.969185 0.403843 -0.042113 0.968544 0.245253 0.0 0.0 0.0 0.0 1.0
LeftToeBase 0.974908 0.13922 0.173702 0.0 0.005647 0.764587 -0.644496 0.212853 -0.222537 0.629305 0.744616 0.0 0.0 0.0 0.0 1.0
RightUpLeg -0.985373 -0.1429 -0.092836 -0.078926 -0.008582 -0.502479 0.864547 -0.051168 -0.170192 0.852698 0.493903 0.021155 0.0 0.0 0.0 1.0
RightLeg 0.995868 -0.001583 -0.090798 0.0 0.090708 -0.030568 0.995408 0.450627 -0.004351 -0.999531 -0.030298 -0.0 0.0 0.0 0.0 1.0
RightFoot 0.986692 -0.131166 0.0961 -0.0 0.152679 0.544037 -0.825053 0.403185 0.055937 0.828745 0.556823 -0.0 0.0 0.0 0.0 1.0
RightToeBase 0.975343 -0.138882 -0.171518 0.0 -0.004558 0.764328 -0.644812 0.209681 0.220649 0.629694 0.744848 0.0 0.0 0.0 0.0 1.0
Time 0.233333
Hips 0.927867 0.209718 0.308352 -0.206569 -0.178171 0.975708 -0.127468 1.06118 -0.327594 0.063335 0.942693 -0.136383 0.0 0.0 0.0 1.0
Spine 0.998722 -0.043591 -0.025593 0.0 0.036573 0.972639 -0.229426 0.092381 0.034894 0.228196 0.97299 0.001307 0.0 0.0 0.0 1.0
Spine1 0.999861 -0.013726 -0.009457 -0.0 0.013622 0.999847 -0.010966 0.107789 0.009606 0.010835 0.999895 0.0 0.0 0.0 0.0 1.0
Spine2 0.999855 -0.013858 -0.009922 -0.0 0.01375 0.999846 -0.01086 0.123187 0.010071 0.010722 0.999892 0.0 0.0 0.0 0.0 1.0
Neck 0.999915 -0.012772 -0.002674 0.0 0.012866 0.999173 0.038563 0.138586 0.002179 -0.038594 0.999253 -0.0 0.0 0.0 0.0 1.0
Head 0.998608 -0.047191 -0.023553 0.0 0.049261 0.994081 0.096831 0.040313 0.018844 -0.097856 0.995022 0.011037 0.0 0.0 0.0 1.0
LeftShoulder 0.013506 0.939103 -0.343371 0.07447 0.008202 -0.343494 -0.939119 0.122371 -0.999875 0.009868 -0.012341 2.82E-4 0.0 0.0 0.0 1.0
LeftArm 0.996703 0.073257 0.034872 -0.0 -0.057052 0.938425 -0.340739 0.155382 -0.057686 0.337626 0.939511 0.0 0.0 0.0 0.0 1.0
LeftForeArm 0.350623 -0.936446 -0.011495 0.0 0.936492 0.350498 0.011592 0.248813 -0.006827 -0.01483 0.999867 0.0 0.0 0.0 0.0 1.0
LeftHand 0.986858 -0.07669 0.142233 0.0 0.03546 0.961528 0.272409 0.225832 -0.157652 -0.263785 0.951611 0.0 0.0 0.0 0.0 1.0
LeftHandThumb1 0.956514 0.006281 0.291619 -0.024222 0.171154 0.797478 -0.578563 0.018653 -0.236194 0.603316 0.761724 0.022191 0.0 0.0 0.0 1.0
LeftHandThumb2 0.769325 0.382122 0.511979 5.35E-4 -0.556066 0.79508 0.242154 0.030217 -0.314531 -0.470989 0.82416 0.0 0.0 0.0 0.0 1.0
LeftHandThumb3 0.641593 -0.576434 0.506046 -4.89E-4 -0.015812 0.649654 0.760066 0.043101 -0.766882 -0.495654 0.407699 0.0 0.0 0.0 0.0 1.0
LeftHandIndex1 0.999664 0.021502 -0.01445 -0.0 -0.022422 0.997513 -0.066814 0.113343 0.012977 0.067116 0.997661 -5.0E-6 0.0 0.0 0.0 1.0
LeftHandIndex2 0.999894 0.014434 -0.001677 0.001041 -0.014527 0.995691 -0.091592 0.032903 3.48E-4 0.091606 0.995795 0.0 0.0 0.0 0.0 1.0
LeftHandIndex3 0.988591 0.150333 -0.009398 0.001107 -0.15056 0.984381 -0.091245 0.033648 -0.004466 0.091619 0.995784 0.0 0.0 0.0 0.0 1.0
RightShoulder 0.057064 -0.921117 0.385081 -0.07447 -0.009451 -0.386191 -0.922371 0.12237 0.998326 0.048995 -0.030743 1.76E-4 0.0 0.0 0.0 1.0
RightArm 0.939897 0.271139 -0.207548 0.0 -0.317362 0.917956 -0.237989 0.155382 0.125992 0.289553 0.948833 0.0 0.0 0.0 0.0 1.0
RightForeArm 0.1933 0.981042 0.013842 0.0 -0.981086 0.193122 0.013222 0.248824 0.010298 -0.016136 0.999817 0.0 0.0 0.0 0.0 1.0
RightHand 0.965535 0.063111 0.252506 -0.0 -0.117878 0.970988 0.208054 0.225701 -0.23205 -0.230649 0.944962 -0.0 0.0 0.0 0.0 1.0
RightHandThumb1 0.784336 0.484788 -0.387037 0.023976 -0.585761 0.784176 -0.204824 0.019052 0.204209 0.387362 0.899027 0.017779 0.0 0.0 0.0 1.0
RightHandThumb2 0.920065 -0.37819 -0.102241 -0.001245 0.375854 0.925728 -0.041966 0.028301 0.110519 1.83E-4 0.993874 -0.0 0.0 0.0 0.0 1.0
RightHandThumb3 0.996486 0.026069 -0.079601 0.002262 0.005176 0.929353 0.369157 0.044358 0.083601 -0.368271 0.925952 -0.0 0.0 0.0 0.0 1.0
RightHandIndex1 0.999314 0.035571 -0.010303 0.0 -0.035519 0.999356 0.005184 0.112301 0.010481 -0.004814 0.999933 3.4E-5 0.0 0.0 0.0 1.0
RightHandIndex2 0.998923 -0.037826 0.026885 -0.001192 0.04564 0.905648 -0.421566 0.035377 -0.008402 0.422339 0.906399 0.0 0.0 0.0 0.0 1.0
RightHandIndex3 0.978863 -0.201866 0.032837 -0.00124 0.200249 0.913358 -0.354511 0.032704 0.041572 0.353593 0.934475 0.0 0.0 0.0 0.0 1.0
LeftUpLeg -0.961966 0.257314 0.091714 0.078926 -0.249407 -0.964265 0.089385 -0.051168 0.111436 0.063112 0.991766 0.016768 0.0 0.0 0.0 1.0
LeftLeg 0.998178 -0.044141 0.041126 -0.0 0.033404 0.972016 0.232528 0.449901 -0.05024 -0.230731 0.97172 0.0 0.0 0.0 0.0 1.0
LeftFoot 0.997875 0.040573 -0.050993 0.0 -0.064305 0.486431 -0.87135 0.403843 -0.010549 0.872777 0.488006 0.0 0.0 0.0 0.0 1.0
LeftToeBase 0.981672 0.137487 0.131974 0.0 -0.016248 0.750351 -0.66084 0.212853 -0.189884 0.646584 0.738832 0.0 0.0 0.0 0.0 1.0
RightUpLeg -0.976576 -0.178322 -0.120416 -0.078926 -0.008356 -0.527775 0.849343 -0.051168 -0.215009 0.830454 0.513923 0.021155 0.0 0.0 0.0 1.0
RightLeg 0.99838 0.002453 -0.056843 0.0 0.056578 -0.148367 0.987313 0.450627 -0.006012 -0.988929 -0.148266 0.0 0.0 0.0 0.0 1.0
RightFoot 0.989012 -0.123362 0.081463 0.0 0.135751 0.539681 -0.830852 0.403185 0.058532 0.832782 0.550498 -0.0 0.0 0.0 0.0 1.0
RightToeBase 0.975801 -0.138227 -0.169425 0.0 0.006834 0.793738 -0.608221 0.209681 0.218552 0.592346 0.775475 0.0 0.0 0.0 0.0 1.0
Time 0.266667
Hips 0.916554 0.23412 0.324216 -0.231742 -0.18907 0.968077 -0.16456 1.095158 -0.352392 0.089528 0.93156 -0.142261 0.0 0.0 0.0 1.0
Spine 0.999056 -0.043417 -0.001304 -0.0 0.042191 0.977097 -0.208569 0.092381 0.01033 0.208317 0.978007 0.001307 0.0 0.0 0.0 1.0
Spine1 0.999889 -0.014607 -0.002894 0.0 0.014583 0.99986 -0.008264 0.107789 0.003014 0.008221 0.999962 0.0 0.0 0.0 0.0 1.0
Spine2 0.999886 -0.014709 -0.003377 0.0 0.014681 0.999858 -0.008214 0.123187 0.003497 0.008163 0.999961 0.0 0.0 0.0 0.0 1.0
Neck 0.999867 -0.015437 -0.005347 0.0 0.015637 0.999088 0.03972 0.138586 0.004729 -0.039798 0.999197 -0.0 0.0 0.0 0.0 1.0
Head 0.998217 -0.046119 -0.037884 0.0 0.049456 0.994488 0.092459 0.040313 0.033411 -0.094168 0.994996 0.011037 0.0 0.0 0.0 1.0
LeftShoulder 0.00833 0.941624 -0.336564 0.07447 0.007906 -0.336627 -0.941605 0.122371 -0.999934 0.005183 -0.010249 2.82E-4 0.0 0.0 0.0 1.0
LeftArm 0.982821 0.175624 0.05674 -0.0 -0.14522 0.925601 -0.349534 0.155382 -0.113905 0.33529 0.935204 0.0 0.0 0.0 0.0 1.0
LeftForeArm 0.308889 -0.951022 -0.012012 0.0 0.951069 0.308755 0.011773 0.248813 -0.007488 -0.015061 0.999859 0.0 0.0 0.0 0.0 1.0
LeftHand 0.988447 -0.077077 0.130503 0.0 0.041085 0.965059 0.258793 0.225832 -0.145889 -0.250441 0.957077 0.0 0.0 0.0 0.0 1.0
LeftHandThumb1 0.958238 0.013746 0.28564 -0.024222 0.162278 0.796309 -0.582715 0.018653 -0.235468 0.604734 0.760823 0.022191 0.0 0.0 0.0 1.0
LeftHandThumb2 0.764387 0.381968 0.519435 5.35E-4 -0.561612 0.790172 0.245399 0.030217 -0.316709 -0.479301 0.818515 0.0 0.0 0.0 0.0 1.0
LeftHandThumb3 0.631005 -0.583268 0.511499 -4.89E-4 -0.02298 0.644993 0.763843 0.043101 -0.775438 -0.493743 0.39359 0.0 0.0 0.0 0.0 1.0
LeftHandIndex1 0.999623 0.023252 -0.014571 0.0 -0.024184 0.99743 -0.067446 0.113343 0.012966 0.067773 0.997617 -5.0E-6 0.0 0.0 0.0 1.0
LeftHandIndex2 0.999914 0.013061 -0.001325 0.001041 -0.013127 0.996375 -0.084051 0.032903 2.23E-4 0.084061 0.996461 -0.0 0.0 0.0 0.0 1.0
LeftHandIndex3 0.988797 0.148992 -0.00903 0.001107 -0.149222 0.985254 -0.083713 0.033648 -0.003576 0.084123 0.996449 0.0 0.0 0.0 0.0 1.0
RightShoulder 0.056538 -0.920662 0.386244 -0.07447 -0.009409 -0.387336 -0.92189 0.12237 0.998356 0.048488 -0.030562 1.76E-4 0.0 0.0 0.0 1.0
RightArm 0.939889 0.295614 -0.170939 0.0 -0.328 0.920788 -0.211106 0.155382 0.094993 0.254484 0.9624 0.0 0.0 0.0 0.0 1.0
RightForeArm 0.147229 0.988997 0.014462 -0.0 -0.989041 0.147041 0.013329 0.248824 0.011056 -0.016266 0.999807 0.0 0.0 0.0 0.0 1.0
RightHand 0.974773 0.03644 0.220205 -0.0 -0.08028 0.977797 0.193565 0.225701 -0.208262 -0.20636 0.956056 0.0 0.0 0.0 0.0 1.0
RightHandThumb1 0.790197 0.485503 -0.373999 0.023976 -0.58073 0.788165 -0.203837 0.019052 0.195809 0.378263 0.904752 0.017779 0.0 0.0 0.0 1.0
RightHandThumb2 0.919755 -0.375903 -0.112909 -0.001245 0.373824 0.926643 -0.039865 0.028301 0.119611 -0.005542 0.992805 -0.0 0.0 0.0 0.0 1.0
RightHandThumb3 0.995554 0.024619 -0.090918 0.002262 0.011772 0.925153 0.379411 0.044358 0.093454 -0.378795 0.92075 0.0 0.0 0.0 0.0 1.0
RightHandIndex1 0.999554 0.028066 -0.010237 0.0 -0.027988 0.999579 0.007708 0.112301 0.010449 -0.007418 0.999918 3.4E-5 0.0 0.0 0.0 1.0
RightHandIndex2 0.998994 -0.036661 0.025811 -0.001192 0.044011 0.911746 -0.408389 0.035377 -0.008561 0.409114 0.912443 0.0 0.0 0.0 0.0 1.0
RightHandIndex3 0.979354 -0.199748 0.031075 -0.00124 0.198639 0.922376 -0.331307 0.032704 0.037515 0.330639 0.943011 0.0 0.0 0.0 0.0 1.0
LeftUpLeg -0.957666 0.267461 0.10649 0.078926 -0.251143 -0.957012 0.145101 -0.051168 0.140722 0.112214 0.983669 0.016768 0.0 0.0 0.0 1.0
LeftLeg 0.999234 -0.038187 -0.008586 -0.0 0.039091 0.984651 0.170099 0.449901 0.001959 -0.170304 0.98539 0.0 0.0 0.0 0.0 1.0
LeftFoot 0.989151 0.082705 -0.121412 -0.0 -0.146682 0.601531 -0.785267 0.403843 0.008088 0.794557 0.607136 0.0 0.0 0.0 0.0 1.0
