Root_Bone_Name Hips
Num_Keyframes 263
Num_Bones 34
Time_Wrapping_Mode LOOP
Time 0.0
Hips 0.977914 0.053769 0.201975 7.81E-4 -0.018722 0.984994 -0.171572 0.96531 -0.208169 0.164001 0.964245 -0.014707 0.0 0.0 0.0 1.0
Spine 0.989702 -0.044401 -0.136085 -0.0 0.028721 0.99294 -0.115091 0.092381 0.140234 0.109997 0.983989 0.001307 0.0 0.0 0.0 1.0
Spine1 0.999143 -0.014108 -0.038903 0.0 0.014023 0.999899 -0.002458 0.107789 0.038934 0.00191 0.99924 -0.0 0.0 0.0 0.0 1.0
Spine2 0.999137 -0.014138 -0.039065 0.0 0.014061 0.999899 -0.002223 0.123187 0.039093 0.001672 0.999234 0.0 0.0 0.0 0.0 1.0
Neck 0.998424 0.04917 -0.027063 -0.0 -0.045527 0.991509 0.121808 0.138586 0.032822 -0.120384 0.992185 -0.0 0.0 0.0 0.0 1.0
Head 0.982408 -7.1E-4 -0.186746 0.0 0.020453 0.994386 0.103815 0.040313 0.185624 -0.105808 0.976908 0.011037 0.0 0.0 0.0 1.0
LeftShoulder 0.039889 0.907107 -0.419006 0.07447 0.009385 -0.419662 -0.907632 0.122371 -0.99916 0.032272 -0.025253 2.82E-4 0.0 0.0 0.0 1.0
LeftArm 0.802194 -0.417991 0.426343 0.0 0.59667 0.587171 -0.547006 0.155382 -0.021692 0.693191 0.720427 0.0 0.0 0.0 0.0 1.0
LeftForeArm 0.614702 -0.788717 -0.008226 0.0 0.788755 0.61463 0.009764 0.248813 -0.002645 -0.01249 0.999918 0.0 0.0 0.0 0.0 1.0
LeftHand 0.84502 -0.526483 0.093583 0.0 0.528804 0.848744 -6.0E-6 0.225832 -0.079424 0.049492 0.995612 0.0 0.0 0.0 0.0 1.0
LeftHandThumb1 0.75876 -0.407756 0.507955 -0.024222 0.571864 0.790363 -0.219769 0.018653 -0.311856 0.457233 0.832877 0.022191 0.0 0.0 0.0 1.0
LeftHandThumb2 0.953798 0.298855 0.030898 5.35E-4 -0.297075 0.953456 -0.051648 0.030217 -0.044895 0.040083 0.998187 0.0 0.0 0.0 0.0 1.0
LeftHandThumb3 0.996297 -0.085738 -0.006473 -4.89E-4 0.083435 0.945851 0.313695 0.043101 -0.020773 -0.313073 0.949502 0.0 0.0 0.0 0.0 1.0
LeftHandIndex1 0.996772 -0.08012 -0.005214 0.0 0.079933 0.996365 -0.02946 0.113343 0.007555 0.028948 0.999552 -5.0E-6 0.0 0.0 0.0 1.0
LeftHandIndex2 0.995451 0.086938 -0.038984 0.001041 -0.094695 0.857578 -0.505562 0.032903 -0.01052 0.506954 0.861909 -0.0 0.0 0.0 0.0 1.0
LeftHandIndex3 0.974247 0.220449 -0.047383 0.001107 -0.213804 0.836399 -0.504703 0.033648 -0.071631 0.501836 0.861992 0.0 0.0 0.0 0.0 1.0
RightShoulder 0.003703 -0.899284 0.437351 -0.07447 -0.010612 -0.437364 -0.899222 0.12237 0.999937 -0.001311 -0.011163 1.76E-4 0.0 0.0 0.0 1.0
RightArm 0.9481 -0.123146 -0.293159 -0.0 -0.128809 0.694181 -0.708181 0.155382 0.290715 0.709188 0.64229 0.0 0.0 0.0 0.0 1.0
RightForeArm 0.939604 0.342244 0.003784 0.0 -0.342259 0.939594 0.004613 0.248824 -0.001977 -0.005629 0.999982 -0.0 0.0 0.0 0.0 1.0
RightHand 0.997976 0.034103 0.053674 0.0 -0.034756 0.999332 0.011294 0.225701 -0.053253 -0.013136 0.998495 -0.0 0.0 0.0 0.0 1.0
RightHandThumb1 0.737915 0.478319 -0.476122 0.023976 -0.622926 0.754184 -0.207774 0.019052 0.259701 0.449908 0.854481 0.017779 0.0 0.0 0.0 1.0
RightHandThumb2 0.918883 -0.393639 -0.02652 -0.001245 0.391861 0.918407 -0.054528 0.028301 0.045821 0.039713 0.99816 -0.0 0.0 0.0 0.0 1.0
RightHandThumb3 0.999319 0.036898 -5.06E-4 0.002262 -0.035121 0.955241 0.293736 0.044358 0.011321 -0.293518 0.955886 0.0 0.0 0.0 0.0 1.0
RightHandIndex1 0.996058 0.088028 -0.010934 0.0 -0.088162 0.996029 -0.012424 0.112301 0.009796 0.013339 0.999863 3.4E-5 0.0 0.0 0.0 1.0
RightHandIndex2 0.998355 -0.045525 0.034856 -0.001192 0.056952 0.85763 -0.511104 0.035377 -0.006626 0.512248 0.858812 0.0 0.0 0.0 0.0 1.0
RightHandIndex3 0.975426 -0.215344 0.04659 -0.00124 0.208601 0.834568 -0.509884 0.032704 0.070918 0.507073 0.858981 0.0 0.0 0.0 0.0 1.0
LeftUpLeg -0.992354 -0.098312 0.074624 0.078926 0.097411 -0.995121 -0.015634 -0.051168 0.075797 -0.008245 0.997089 0.016768 0.0 0.0 0.0 1.0
LeftLeg 0.99675 4.64E-4 -0.080552 -0.0 0.037735 0.880784 0.472013 0.449901 0.071168 -0.473518 0.877904 0.0 0.0 0.0 0.0 1.0
LeftFoot 0.997586 0.021022 0.066189 -0.0 0.062451 0.145342 -0.987408 0.403843 -0.030377 0.989158 0.143679 -0.0 0.0 0.0 0.0 1.0
LeftToeBase 0.972326 0.143432 0.184418 0.0 0.057763 0.617267 -0.78463 0.212853 -0.226376 0.773569 0.5919 0.0 0.0 0.0 0.0 1.0
RightUpLeg -0.998683 -0.020866 -0.046874 -0.078926 -0.017938 -0.713927 0.69999 -0.051168 -0.04807 0.699909 0.712612 0.021155 0.0 0.0 0.0 1.0
RightLeg 0.985383 -0.027908 0.168052 0.0 -0.065903 0.847228 0.527126 0.450627 -0.157089 -0.530496 0.833005 0.0 0.0 0.0 0.0 1.0
RightFoot 0.977599 0.13478 0.16166 0.0 0.033961 0.657002 -0.753124 0.403185 -0.207717 0.741743 0.637707 -0.0 0.0 0.0 0.0 1.0
RightToeBase 0.975527 -0.138608 -0.170688 -0.0 -1.0E-6 0.776279 -0.630389 0.209681 0.219878 0.614962 0.757282 0.0 0.0 0.0 0.0 1.0
Time 0.033333
Hips 0.964244 0.06076 0.257956 -0.008651 -0.018588 0.986471 -0.162876 0.959126 -0.264363 0.152257 0.952329 0.00528 0.0 0.0 0.0 1.0
Spine 0.992611 -0.039295 -0.114801 -0.0 0.026286 0.993281 -0.112707 0.092381 0.118458 0.108856 0.986974 0.001307 0.0 0.0 0.0 1.0
Spine1 0.999376 -0.013235 -0.032761 0.0 0.013218 0.999912 -7.44E-4 0.107789 0.032768 3.1E-4 0.999463 0.0 0.0 0.0 0.0 1.0
Spine2 0.999371 -0.01316 -0.032944 0.0 0.013153 0.999913 -4.3E-4 0.123187 0.032947 -3.0E-6 0.999457 -0.0 0.0 0.0 0.0 1.0
Neck 0.998511 0.046451 -0.028593 0.0 -0.042686 0.99179 0.120541 0.138586 0.033958 -0.119141 0.992296 -0.0 0.0 0.0 0.0 1.0
Head 0.981724 0.003025 -0.190285 0.0 0.016232 0.994899 0.099562 0.040313 0.189616 -0.100831 0.976667 0.011037 0.0 0.0 0.0 1.0
LeftShoulder 0.039251 0.907171 -0.418927 0.07447 0.009412 -0.419567 -0.907676 0.122371 -0.999185 0.031685 -0.025007 2.82E-4 0.0 0.0 0.0 1.0
LeftArm 0.83917 -0.400437 0.368026 0.0 0.543831 0.625758 -0.559173 0.155382 -0.006382 0.669385 0.742888 0.0 0.0 0.0 0.0 1.0
LeftForeArm 0.536176 -0.844056 -0.009198 -0.0 0.844097 0.536089 0.010448 0.248813 -0.003888 -0.013366 0.999903 0.0 0.0 0.0 0.0 1.0
LeftHand 0.886076 -0.443306 0.135461 -0.0 0.452925 0.890172 -0.049516 0.225832 -0.098633 0.105228 0.989545 0.0 0.0 0.0 0.0 1.0
LeftHandThumb1 0.764593 -0.403825 0.502317 -0.024222 0.567316 0.791542 -0.227189 0.018653 -0.30586 0.458679 0.834304 0.022191 0.0 0.0 0.0 1.0
LeftHandThumb2 0.953539 0.29896 0.037235 5.35E-4 -0.297212 0.9537 -0.046069 0.030217 -0.049284 0.032862 0.998244 0.0 0.0 0.0 0.0 1.0
LeftHandThumb3 0.995653 -0.09313 0.001699 -4.89E-4 0.087722 0.943663 0.319069 0.043101 -0.031319 -0.317533 0.94773 0.0 0.0 0.0 0.0 1.0
LeftHandIndex1 0.996872 -0.078849 -0.005359 0.0 0.078671 0.996511 -0.027885 0.113343 0.007539 0.027376 0.999597 -5.0E-6 0.0 0.0 0.0 1.0
LeftHandIndex2 0.99558 0.08585 -0.038082 0.001041 -0.09338 0.861517 -0.499068 0.032903 -0.010037 0.500418 0.865726 -0.0 0.0 0.0 0.0 1.0
LeftHandIndex3 0.974507 0.21948 -0.046533 0.001107 -0.213046 0.840217 -0.498646 0.033648 -0.070346 0.495847 0.865556 0.0 0.0 0.0 0.0 1.0
RightShoulder -4.75E-4 -0.903645 0.428281 -0.07447 -0.010191 -0.428255 -0.903601 0.12237 0.999948 -0.004794 -0.009006 1.76E-4 0.0 0.0 0.0 1.0
RightArm 0.947952 -0.12685 -0.292054 -0.0 -0.137878 0.663241 -0.735595 0.155382 0.287013 0.737577 0.611231 0.0 0.0 0.0 0.0 1.0
RightForeArm 0.959369 0.282134 0.003518 0.0 -0.282146 0.959364 0.003803 0.248824 -0.002302 -0.004641 0.999987 0.0 0.0 0.0 0.0 1.0
RightHand 0.988273 0.09287 0.121206 -0.0 -0.0902 0.995548 -0.02734 0.225701 -0.123206 0.016086 0.992251 -0.0 0.0 0.0 0.0 1.0
RightHandThumb1 0.74786 0.480658 -0.457901 0.023976 -0.618288 0.755455 -0.216811 0.019052 0.241712 0.44526 0.86216 0.017779 0.0 0.0 0.0 1.0
RightHandThumb2 0.920034 -0.390404 -0.033495 -0.001245 0.388474 0.919974 -0.052308 0.028301 0.051236 0.035113 0.998069 -0.0 0.0 0.0 0.0 1.0
RightHandThumb3 0.999264 0.038279 -0.002621 0.002262 -0.035835 0.955526 0.292721 0.044358 0.013709 -0.292412 0.956194 0.0 0.0 0.0 0.0 1.0
RightHandIndex1 0.996136 0.087149 -0.01086 0.0 -0.087246 0.996148 -0.008769 0.112301 0.010054 0.009682 0.999903 3.4E-5 0.0 0.0 0.0 1.0
RightHandIndex2 0.998407 -0.044912 0.034159 -0.001192 0.056013 0.862001 -0.503802 0.035377 -0.006819 0.504913 0.863144 0.0 0.0 0.0 0.0 1.0
RightHandIndex3 0.975594 -0.214739 0.045859 -0.00124 0.208312 0.839064 -0.502571 0.032704 0.069443 0.499858 0.863319 0.0 0.0 0.0 0.0 1.0
LeftUpLeg -0.996057 -0.056819 0.068129 0.078926 0.058239 -0.998121 0.019041 -0.051168 0.066919 0.022933 0.997495 0.016768 0.0 0.0 0.0 1.0
LeftLeg 0.999254 -0.00219 -0.038558 -0.0 0.024217 0.813248 0.581413 0.449901 0.030084 -0.581913 0.812695 0.0 0.0 0.0 0.0 1.0
LeftFoot 0.998062 0.028047 0.055552 0.0 0.051035 0.141919 -0.988562 0.403843 -0.035611 0.989481 0.140213 0.0 0.0 0.0 0.0 1.0
LeftToeBase 0.971117 0.146427 0.188391 0.0 0.084961 0.525598 -0.84648 0.212853 -0.222966 0.838037 0.497976 0.0 0.0 0.0 0.0 1.0
RightUpLeg -0.986866 -0.057068 -0.151122 -0.078926 -0.067276 -0.705327 0.705682 -0.051168 -0.146863 0.706581 0.692225 0.021155 0.0 0.0 0.0 1.0
RightLeg 0.997869 -0.020375 0.061982 0.0 -0.022142 0.787857 0.615461 0.450627 -0.061373 -0.615522 0.785727 0.0 0.0 0.0 0.0 1.0
RightFoot 0.964954 0.188024 0.183057 0.0 0.037529 0.591531 -0.805409 0.403185 -0.25972 0.784053 0.563744 -0.0 0.0 0.0 0.0 1.0
RightToeBase 0.975518 -0.138622 -0.170729 0.0 -2.31E-4 0.775682 -0.631124 0.209681 0.219919 0.615713 0.756659 -0.0 0.0 0.0 0.0 1.0
Time 0.066667
Hips 0.940257 0.084287 0.329869 -0.021405 -0.035616 0.987906 -0.150907 0.960458 -0.338599 0.130142 0.931887 0.031318 0.0 0.0 0.0 1.0
Spine 0.995149 -0.037814 -0.09082 -0.0 0.027662 0.993486 -0.110545 0.092381 0.094409 0.107496 0.989713 0.001307 0.0 0.0 0.0 1.0
Spine1 0.999576 -0.013242 -0.025919 0.0 0.013297 0.99991 0.001973 0.107789 0.02589 -0.002317 0.999662 0.0 0.0 0.0 0.0 1.0
Spine2 0.999573 -0.01305 -0.026143 0.0 0.013116 0.999911 0.002382 0.123187 0.02611 -0.002724 0.999655 0.0 0.0 0.0 0.0 1.0
Neck 0.998665 0.041668 -0.030516 0.0 -0.03786 0.992503 0.116204 0.138586 0.03513 -0.114894 0.992756 -0.0 0.0 0.0 0.0 1.0
Head 0.98026 7.9E-5 -0.197714 0.0 0.015513 0.996886 0.077313 0.040313 0.197104 -0.078854 0.977206 0.011037 0.0 0.0 0.0 1.0
LeftShoulder 0.040384 0.913793 -0.404167 0.07447 0.009235 -0.404821 -0.914349 0.122371 -0.999142 0.033193 -0.024788 2.82E-4 0.0 0.0 0.0 1.0
LeftArm 0.872063 -0.38025 0.308084 0.0 0.489314 0.666104 -0.562919 0.155382 0.008833 0.64165 0.766946 0.0 0.0 0.0 0.0 1.0
LeftForeArm 0.386318 -0.922299 -0.011053 0.0 0.922344 0.3862 0.011417 0.248813 -0.006261 -0.014605 0.999874 0.0 0.0 0.0 0.0 1.0
LeftHand 0.908623 -0.394423 0.137243 0.0 0.409346 0.906242 -0.105644 0.225832 -0.082707 0.152171 0.984888 0.0 0.0 0.0 0.0 1.0
LeftHandThumb1 0.780758 -0.392716 0.485995 -0.024222 0.553997 0.794799 -0.247752 0.018653 -0.288972 0.462674 0.838109 0.022191 0.0 0.0 0.0 1.0
LeftHandThumb2 0.952632 0.299089 0.055126 5.35E-4 -0.297794 0.954141 -0.030558 0.030217 -0.061737 0.012695 0.998012 0.0 0.0 0.0 0.0 1.0
LeftHandThumb3 0.99319 -0.113914 0.024434 -4.89E-4 0.099277 0.937257 0.334206 0.043101 -0.060972 -0.329505 0.942183 0.0 0.0 0.0 0.0 1.0
LeftHandIndex1 0.997148 -0.075233 -0.005933 0.0 0.075073 0.996897 -0.023662 0.113343 0.007695 0.023149 0.999702 -5.0E-6 0.0 0.0 0.0 1.0
LeftHandIndex2 0.995932 0.082776 -0.035605 0.001041 -0.089684 0.872251 -0.480765 0.032903 -0.008739 0.482002 0.876126 -0.0 0.0 0.0 0.0 1.0
LeftHandIndex3 0.975228 0.21674 -0.044198 0.001107 -0.210878 0.850645 -0.481595 0.033648 -0.066784 0.478986 0.875279 0.0 0.0 0.0 0.0 1.0
RightShoulder 0.003579 -0.906313 0.422591 -0.07447 -0.009852 -0.422606 -0.90626 0.12237 0.999945 -9.2E-4 -0.010442 1.76E-4 0.0 0.0 0.0 1.0
RightArm 0.94199 -0.190508 -0.276335 -0.0 -0.087048 0.656471 -0.749312 0.155382 0.324156 0.729899 0.601806 0.0 0.0 0.0 0.0 1.0
RightForeArm 0.963314 0.268354 0.003464 0.0 -0.268366 0.96331 0.003617 0.248824 -0.002367 -0.004414 0.999987 0.0 0.0 0.0 0.0 1.0
RightHand 0.971722 0.136891 0.192399 0.0 -0.117652 0.987149 -0.108146 0.225701 -0.20473 0.082452 0.97534 -0.0 0.0 0.0 0.0 1.0
RightHandThumb1 0.773537 0.487113 -0.405414 0.023976 -0.604619 0.758948 -0.241732 0.019052 0.189938 0.432109 0.881592 0.017779 0.0 0.0 0.0 1.0
RightHandThumb2 0.922945 -0.381269 -0.052981 -0.001245 0.379159 0.924198 -0.045785 0.028301 0.066422 0.022169 0.997545 -0.0 0.0 0.0 0.0 1.0
RightHandThumb3 0.999081 0.041997 -0.008619 0.002262 -0.037698 0.956317 0.289892 0.044358 0.020417 -0.289301 0.95702 0.0 0.0 0.0 0.0 1.0
RightHandIndex1 0.996355 0.084635 -0.010646 0.0 -0.084628 0.996412 0.001159 0.112301 0.010706 -2.54E-4 0.999943 3.4E-5 0.0 0.0 0.0 1.0
RightHandIndex2 0.998547 -0.043168 0.03224 -0.001192 0.05338 0.87388 -0.483201 0.035377 -0.007315 0.48422 0.874915 0.0 0.0 0.0 0.0 1.0
RightHandIndex3 0.976064 -0.213016 0.043845 -0.00124 0.207436 0.851297 -0.481937 0.032704 0.065335 0.479497 0.875108 -0.0 0.0 0.0 0.0 1.0
LeftUpLeg -0.998431 0.018972 0.052692 0.078926 -0.015326 -0.997516 0.068757 -0.051168 0.053866 0.067842 0.996241 0.016768 0.0 0.0 0.0 1.0
LeftLeg 0.999839 -0.006521 0.01672 -0.0 -0.006574 0.733818 0.679314 0.449901 -0.016699 -0.679315 0.733657 0.0 0.0 0.0 0.0 1.0
LeftFoot 0.998117 0.03839 0.047831 -0.0 0.039464 0.194976 -0.980014 0.403843 -0.046948 0.980056 0.193094 -0.0 0.0 0.0 0.0 1.0
LeftToeBase 0.969717 0.150373 0.192448 0.0 0.115227 0.413077 -0.903377 0.212853 -0.21534 0.898196 0.383241 0.0 0.0 0.0 0.0 1.0
RightUpLeg -0.964529 -0.076513 -0.252646 -0.078926 -0.118337 -0.730193 0.672914 -0.051168 -0.235967 0.678943 0.695238 0.021155 0.0 0.0 0.0 1.0
RightLeg 0.999683 -0.018873 -0.016655 0.0 0.025166 0.761083 0.648167 0.450627 4.43E-4 -0.64838 0.761316 0.0 0.0 0.0 0.0 1.0
RightFoot 0.948634 0.247548 0.197012 0.0 0.034847 0.537171 -0.842753 0.403185 -0.314451 0.80633 0.500952 -0.0 0.0 0.0 0.0 1.0
RightToeBase 0.975269 -0.138561 -0.172193 -0.0 -5.43E-4 0.777582 -0.628781 0.209681 0.221019 0.613325 0.758277 0.0 0.0 0.0 0.0 1.0
Time 0.1
Hips 0.904578 0.101354 0.414086 -0.03591 -0.053613 0.990662 -0.12536 0.976278 -0.422924 0.091197 0.901564 0.063171 0.0 0.0 0.0 1.0
Spine 0.995949 -0.036054 -0.08238 0.0 0.027131 0.993891 -0.106975 0.092381 0.085733 0.104307 0.990843 0.001307 0.0 0.0 0.0 1.0
Spine1 0.999641 -0.013188 -0.02333 0.0 0.013323 0.999895 0.005678 0.107789 0.023253 -0.005987 0.999712 0.0 0.0 0.0 0.0 1.0
Spine2 0.999639 -0.012924 -0.023573 0.0 0.013072 0.999896 0.006119 0.123187 0.023492 -0.006425 0.999703 0.0 0.0 0.0 0.0 1.0
Neck 0.99884 0.037037 -0.030787 0.0 -0.033517 0.993599 0.107875 0.138586 0.034585 -0.106718 0.993688 -0.0 0.0 0.0 0.0 1.0
Head 0.979212 -0.007618 -0.202698 0.0 0.016547 0.998964 0.042392 0.040313 0.202165 -0.044865 0.978323 0.011037 0.0 0.0 0.0 1.0
LeftShoulder 0.040184 0.924067 -0.380111 0.07447 0.00903 -0.380739 -0.924639 0.122371 -0.999152 0.033723 -0.023644 2.82E-4 0.0 0.0 0.0 1.0
LeftArm 0.888198 -0.386541 0.248375 -0.0 0.457609 0.695735 -0.553667 0.155382 0.041212 0.605425 0.794835 0.0 0.0 0.0 0.0 1.0
LeftForeArm 0.203766 -0.978929 -0.013313 0.0 0.978977 0.203611 0.012118 0.248813 -0.009152 -0.015503 0.999838 0.0 0.0 0.0 0.0 1.0
LeftHand 0.9189 -0.3554 0.171211 0.0 0.381055 0.911954 -0.152109 0.225832 -0.102077 0.205014 0.973422 0.0 0.0 0.0 0.0 1.0
LeftHandThumb1 0.804983 -0.375356 0.459468 -0.024222 0.53188 0.799697 -0.278546 0.018653 -0.262881 0.468607 0.843387 0.022191 0.0 0.0 0.0 1.0
LeftHandThumb2 0.950628 0.299065 0.082865 5.35E-4 -0.299525 0.954062 -0.007113 0.030217 -0.081186 -0.018058 0.996535 0.0 0.0 0.0 0.0 1.0
LeftHandThumb3 0.987533 -0.14604 0.058739 -4.89E-4 0.115753 0.926618 0.357745 0.043101 -0.106674 -0.346485 0.93197 0.0 0.0 0.0 0.0 1.0
LeftHandIndex1 0.997555 -0.069563 -0.006749 0.0 0.069436 0.997432 -0.017526 0.113343 0.007951 0.017014 0.999824 -5.0E-6 0.0 0.0 0.0 1.0
LeftHandIndex2 0.996444 0.077965 -0.031939 0.001041 -0.08397 0.887903 -0.452301 0.032903 -0.006905 0.453375 0.891293 -0.0 0.0 0.0 0.0 1.0
LeftHandIndex3 0.976322 0.212455 -0.040733 0.001107 -0.207422 0.865934 -0.455121 0.033648 -0.061421 0.452793 0.889497 0.0 0.0 0.0 0.0 1.0
RightShoulder -0.004812 -0.90824 0.418421 -0.07447 -0.009712 -0.418364 -0.908228 0.12237 0.999941 -0.008434 -0.006807 1.76E-4 0.0 0.0 0.0 1.0
RightArm 0.925563 -0.27762 -0.25741 0.0 -0.014452 0.653509 -0.756781 0.155382 0.378318 0.704168 0.600851 0.0 0.0 0.0 0.0 1.0
RightForeArm 0.970128 0.242572 0.003373 0.0 -0.242583 0.970125 0.003269 0.248824 -0.002479 -0.00399 0.999989 0.0 0.0 0.0 0.0 1.0
RightHand 0.911574 0.181614 0.368848 0.0 -0.122235 0.976296 -0.178619 0.225701 -0.392544 0.117738 0.912166 -0.0 0.0 0.0 0.0 1.0
RightHandThumb1 0.806287 0.496679 -0.321266 0.023976 -0.581752 0.764139 -0.278669 0.019052 0.107083 0.411584 0.905059 0.017779 0.0 0.0 0.0 1.0
RightHandThumb2 0.926556 -0.36696 -0.082673 -0.001245 0.365301 0.930234 -0.034923 0.028301 0.08972 0.002157 0.995965 -0.0 0.0 0.0 0.0 1.0
RightHandThumb3 0.998714 0.047404 -0.01799 0.002262 -0.040303 0.957505 0.285585 0.044358 0.030763 -0.284493 0.958184 0.0 0.0 0.0 0.0 1.0
RightHandIndex1 0.996688 0.080668 -0.010298 -0.0 -0.0805 0.996629 0.015799 0.112301 0.011538 -0.014917 0.999822 3.4E-5 0.0 0.0 0.0 1.0
RightHandIndex2 0.998751 -0.040409 0.029381 -0.001192 0.049325 0.891105 -0.451108 0.035377 -0.007953 0.451994 0.891986 0.0 0.0 0.0 0.0 1.0
RightHandIndex3 0.976787 -0.210284 0.040842 -0.00124 0.205903 0.869076 -0.44979 0.032704 0.059089 0.447759 0.8922 -0.0 0.0 0.0 0.0 1.0
LeftUpLeg -0.995001 0.092306 0.038114 0.078926 -0.090382 -0.994679 0.049448 -0.051168 0.042475 0.045756 0.998049 0.016768 0.0 0.0 0.0 1.0
LeftLeg 0.998584 -0.017753 0.05015 -0.0 -0.020458 0.742042 0.670041 0.449901 -0.049108 -0.670118 0.740628 0.0 0.0 0.0 0.0 1.0
LeftFoot 0.99779 0.061544 0.025033 0.0 0.0053 0.301835 -0.953345 0.403843 -0.066229 0.951372 0.300842 0.0 0.0 0.0 0.0 1.0
LeftToeBase 0.96889 0.152939 0.194579 -0.0 0.132508 0.34346 -0.929773 0.212853 -0.209029 0.926631 0.312509 0.0 0.0 0.0 0.0 1.0
RightUpLeg -0.94785 -0.060998 -0.312825 -0.078926 -0.141852 -0.798203 0.585448 -0.051168 -0.28541 0.599292 0.747924 0.021155 0.0 0.0 0.0 1.0
RightLeg 0.999668 -0.022081 -0.013277 0.0 0.025626 0.798642 0.60126 0.450627 -0.002673 -0.601401 0.798943 0.0 0.0 0.0 0.0 1.0
RightFoot 0.936815 0.280114 0.209558 0.0 0.035867 0.518969 -0.85404 0.403185 -0.347983 0.807594 0.476131 -0.0 0.0 0.0 0.0 1.0
RightToeBase 0.975168 -0.138544 -0.172778 0.0 -7.51E-4 0.778086 -0.628158 0.209681 0.221463 0.612689 0.758661 0.0 0.0 0.0 0.0 1.0
Time 0.133333
Hips 0.841234 0.103309 0.53071 -0.047496 -0.051042 0.992366 -0.112269 1.002903 -0.538257 0.067356 0.840085 0.091803 0.0 0.0 0.0 1.0
Spine 0.994071 -0.03622 -0.10252 0.0 0.025656 0.994397 -0.102547 0.092381 0.10566 0.099309 0.989431 0.001307 0.0 0.0 0.0 1.0
Spine1 0.999503 -0.012847 -0.028774 0.0 0.013114 0.999873 0.009109 0.107789 0.028653 -0.009482 0.999544 0.0 0.0 0.0 0.0 1.0
Spine2 0.999501 -0.012518 -0.028999 -0.0 0.012798 0.999873 0.009471 0.123187 0.028877 -0.009837 0.999535 0.0 0.0 0.0 0.0 1.0
Neck 0.998979 0.035886 -0.027453 0.0 -0.033077 0.994762 0.096719 0.138586 0.03078 -0.095713 0.994933 -0.0 0.0 0.0 0.0 1.0
Head 0.980098 -0.009236 -0.198301 0.0 0.011324 0.999892 0.009394 0.040313 0.198193 -0.011452 0.980096 0.011037 0.0 0.0 0.0 1.0
LeftShoulder 0.043487 0.929842 -0.365381 0.07447 0.008889 -0.366072 -0.930544 0.122371 -0.999014 0.037218 -0.024185 2.82E-4 0.0 0.0 0.0 1.0
LeftArm 0.888442 -0.425707 0.171595 -0.0 0.448435 0.725359 -0.522265 0.155382 0.097864 0.540952 0.835341 0.0 0.0 0.0 0.0 1.0
LeftForeArm 0.034654 -0.999281 -0.015407 0.0 0.999329 0.034465 0.01237 0.248813 -0.01183 -0.015825 0.999805 0.0 0.0 0.0 0.0 1.0
LeftHand 0.921883 -0.347708 0.170968 0.0 0.371823 0.917998 -0.137935 0.225832 -0.108987 0.19073 0.975574 0.0 0.0 0.0 0.0 1.0
LeftHandThumb1 0.834704 -0.352616 0.423002 -0.024222 0.500683 0.805776 -0.316293 0.018653 -0.229314 0.475801 0.849134 0.022191 0.0 0.0 0.0 1.0
LeftHandThumb2 0.946949 0.298639 0.118752 5.35E-4 -0.303216 0.952665 0.022125 0.030217 -0.106523 -0.056958 0.992677 0.0 0.0 0.0 0.0 1.0
LeftHandThumb3 0.977059 -0.187322 0.101326 -4.89E-4 0.134507 0.911644 0.388347 0.043101 -0.165119 -0.365809 0.915926 0.0 0.0 0.0 0.0 1.0
LeftHandIndex1 0.998039 -0.06213 -0.007662 0.0 0.062051 0.998021 -0.010211 0.113343 0.008281 0.009716 0.999919 -5.0E-6 0.0 0.0 0.0 1.0
LeftHandIndex2 0.99705 0.07166 -0.027495 0.001041 -0.076601 0.906454 -0.4153 0.032903 -0.004838 0.416181 0.909269 -0.0 0.0 0.0 0.0 1.0
LeftHandIndex3 0.977693 0.206839 -0.036514 0.001107 -0.202777 0.884213 -0.420771 0.033648 -0.054746 0.418789 0.906432 0.0 0.0 0.0 0.0 1.0
RightShoulder -0.011236 -0.911622 0.410876 -0.07447 -0.009362 -0.410788 -0.911683 0.12237 0.999893 -0.01409 -0.003919 1.76E-4 0.0 0.0 0.0 1.0
RightArm 0.899615 -0.381618 -0.212277 -0.0 0.096969 0.648549 -0.754971 0.155382 0.425782 0.658599 0.620449 0.0 0.0 0.0 0.0 1.0
RightForeArm 0.976658 0.214774 0.003285 -0.0 -0.214783 0.976657 0.002895 0.248824 -0.002586 -0.003533 0.99999 0.0 0.0 0.0 0.0 1.0
RightHand 0.82138 0.223045 0.524962 0.0 -0.135925 0.970399 -0.199626 0.225701 -0.553948 0.092613 0.827384 -0.0 0.0 0.0 0.0 1.0
RightHandThumb1 0.835563 0.508218 -0.208683 0.023976 -0.549383 0.770474 -0.323338 0.019052 -0.003542 0.384817 0.922986 0.017779 0.0 0.0 0.0 1.0
RightHandThumb2 0.929708 -0.348156 -0.120125 -0.001245 0.348408 0.937138 -0.019581 0.028301 0.119391 -0.023648 0.992566 -0.0 0.0 0.0 0.0 1.0
RightHandThumb3 0.998092 0.053846 -0.03022 0.002262 -0.043254 0.958985 0.280137 0.044358 0.044065 -0.278296 0.959484 -0.0 0.0 0.0 0.0 1.0
RightHandIndex1 0.997103 0.075429 -0.009826 0.0 -0.075061 0.996613 0.033588 0.112301 0.012326 -0.032753 0.999387 3.4E-5 0.0 0.0 0.0 1.0
RightHandIndex2 0.998989 -0.036742 0.025885 -0.001192 0.044124 0.911331 -0.409303 0.035377 -0.008551 0.410031 0.912031 0.0 0.0 0.0 0.0 1.0
RightHandIndex3 0.977711 -0.20664 0.037165 -0.00124 0.203614 0.890028 -0.40791 0.032704 0.051212 0.406386 0.912265 0.0 0.0 0.0 0.0 1.0
LeftUpLeg -0.992492 0.116125 0.038409 0.078926 -0.116007 -0.993234 0.005288 -0.051168 0.038763 7.93E-4 0.999248 0.016768 0.0 0.0 0.0 1.0
LeftLeg 0.999043 -0.038546 0.020675 -0.0 0.019413 0.814293 0.580129 0.449901 -0.039197 -0.579172 0.814262 -0.0 0.0 0.0 0.0 1.0
LeftFoot 0.99682 0.078985 0.010579 -0.0 -0.022764 0.40945 -0.912049 0.403843 -0.07637 0.908907 0.409945 0.0 0.0 0.0 0.0 1.0
LeftToeBase 0.969276 0.151722 0.19361 0.0 0.124509 0.376197 -0.918136 0.212853 -0.212137 0.914033 0.345748 0.0 0.0 0.0 0.0 1.0
RightUpLeg -0.942709 -0.038978 -0.331331 -0.078926 -0.130559 -0.870839 0.473914 -0.051168 -0.307008 0.490021 0.815859 0.021155 0.0 0.0 0.0 1.0
RightLeg 0.997021 -0.017408 0.075137 -0.0 -0.019359 0.886525 0.462275 0.450627 -0.074657 -0.462353 0.883547 -0.0 0.0 0.0 0.0 1.0
RightFoot 0.927673 0.287241 0.238568 0.0 0.042191 0.554192 -0.831319 0.403185 -0.371001 0.781258 0.50199 0.0 0.0 0.0 0.0 1.0
RightToeBase 0.975409 -0.138782 -0.17122 -0.0 -0.002918 0.768656 -0.639656 0.209681 0.220382 0.624426 0.749349 0.0 0.0 0.0 0.0 1.0
Time 0.166667
Hips 0.754891 0.09594 0.648795 -0.056074 -0.040385 0.994165 -0.100023 1.033299 -0.654605 0.049305 0.754361 0.114253 0.0 0.0 0.0 1.0
Spine 0.989025 -0.042874 -0.141391 0.0 0.028568 0.994405 -0.101703 0.092381 0.14496 0.096547 0.984716 0.001307 0.0 0.0 0.0 1.0
Spine1 0.999117 -0.013394 -0.039822 0.0 0.013817 0.999851 0.010358 0.107789 0.039677 -0.010899 0.999153 0.0 0.0 0.0 0.0 1.0
Spine2 0.999113 -0.013051 -0.040039 -0.0 0.013486 0.999853 0.010616 0.123187 0.039895 -0.011147 0.999142 0.0 0.0 0.0 0.0 1.0
Neck 0.999031 0.038895 -0.020588 0.0 -0.037004 0.995659 0.085408 0.138586 0.02382 -0.084563 0.996133 -0.0 0.0 0.0 0.0 1.0
Head 0.98348 0.003579 -0.18098 0.0 -0.006131 0.999889 -0.013546 0.040313 0.180912 0.014432 0.983393 0.011037 0.0 0.0 0.0 1.0
LeftShoulder 0.062519 0.927424 -0.368749 0.07447 0.008813 -0.36997 -0.929002 0.122371 -0.998005 0.054831 -0.031304 2.82E-4 0.0 0.0 0.0 1.0
LeftArm 0.850896 -0.51659 0.095448 -0.0 0.494096 0.725262 -0.479442 0.155382 0.17845 0.455116 0.872368 0.0 0.0 0.0 0.0 1.0
LeftForeArm -0.047759 -0.998724 -0.016427 0.0 0.998773 -0.047965 0.012363 0.248813 -0.013135 -0.015816 0.999789 0.0 0.0 0.0 0.0 1.0
LeftHand 0.901496 -0.408004 0.144351 0.0 0.417749 0.907502 -0.043888 0.225832 -0.113092 0.099868 0.988553 0.0 0.0 0.0 0.0 1.0
LeftHandThumb1 0.867159 -0.325398 0.377029 -0.024222 0.460352 0.812566 -0.357509 0.018653 -0.190028 0.483583 0.854422 0.022191 0.0 0.0 0.0 1.0
LeftHandThumb2 0.94101 0.297615 0.161014 5.35E-4 -0.309625 0.949272 0.05492 0.030217 -0.136501 -0.101534 0.985423 0.0 0.0 0.0 0.0 1.0
LeftHandThumb3 0.960468 -0.2353 0.148779 -4.89E-4 0.152856 0.892397 0.424573 0.043101 -0.232672 -0.385047 0.893086 -0.0 0.0 0.0 0.0 1.0
LeftHandIndex1 0.998546 -0.053232 -0.008538 0.0 0.053213 0.99858 -0.002457 0.113343 0.008657 0.002 0.999961 -5.0E-6 0.0 0.0 0.0 1.0
LeftHandIndex2 0.997684 0.064126 -0.022675 0.001041 -0.067958 0.925944 -0.371495 0.032903 -0.002826 0.372176 0.928158 -0.0 0.0 0.0 0.0 1.0
LeftHandIndex3 0.97925 0.20013 -0.031909 0.001107 -0.197072 0.90367 -0.380188 0.033648 -0.047252 0.378587 0.924359 0.0 0.0 0.0 0.0 1.0
RightShoulder -0.026703 -0.917632 0.396534 -0.07447 -0.008586 -0.39645 -0.918016 0.12237 0.999607 -0.027919 0.002707 1.76E-4 0.0 0.0 0.0 1.0
RightArm 0.85465 -0.494504 -0.158237 -0.0 0.23394 0.638841 -0.732908 0.155382 0.463514 0.589362 0.66167 0.0 0.0 0.0 0.0 1.0
RightForeArm 0.975089 0.221789 0.003306 0.0 -0.221799 0.975088 0.00299 0.248824 -0.00256 -0.003648 0.99999 0.0 0.0 0.0 0.0 1.0
RightHand 0.754991 0.223154 0.616596 0.0 -0.181902 0.974683 -0.13002 0.225701 -0.63 -0.013996 0.776469 -0.0 0.0 0.0 0.0 1.0
RightHandThumb1 0.850689 0.520577 -0.072991 0.023976 -0.507603 0.777404 -0.371459 0.019052 -0.136629 0.353047 0.925576 0.017779 0.0 0.0 0.0 1.0
RightHandThumb2 0.93138 -0.325607 -0.162824 -0.001245 0.330047 0.943965 2.3E-4 0.028301 0.153626 -0.053953 0.986655 -0.0 0.0 0.0 0.0 1.0
RightHandThumb3 0.997153 0.060669 -0.044781 0.002262 -0.04615 0.96066 0.273867 0.044358 0.059635 -0.271021 0.960724 0.0 0.0 0.0 0.0 1.0
RightHandIndex1 0.997567 0.069104 -0.009245 -0.0 -0.068521 0.996243 0.052958 0.112301 0.01287 -0.052196 0.998554 3.4E-5 0.0 0.0 0.0 1.0
RightHandIndex2 0.999235 -0.032292 0.022049 -0.001192 0.038066 0.932286 -0.359714 0.035377 -0.008941 0.360279 0.932802 0.0 0.0 0.0 0.0 1.0
RightHandIndex3 0.978783 -0.202202 0.033125 -0.00124 0.200499 0.911852 -0.358227 0.032704 0.042229 0.357268 0.933047 0.0 0.0 0.0 0.0 1.0
LeftUpLeg -0.994091 0.095016 0.052482 0.078926 -0.098737 -0.992392 -0.073546 -0.051168 0.045095 -0.078293 0.99591 0.016768 0.0 0.0 0.0 1.0
LeftLeg 0.997799 -0.04329 -0.050239 -0.0 0.05994 0.912842 0.40389 0.449901 0.028376 -0.406012 0.913427 0.0 0.0 0.0 0.0 1.0
LeftFoot 0.996756 0.080415 0.0032 0.0 -0.040032 0.529901 -0.847114 0.403843 -0.069816 0.844238 0.531401 0.0 0.0 0.0 0.0 1.0
LeftToeBase 0.977826 0.147344 0.148818 0.0 0.069013 0.444208 -0.893262 0.212853 -0.197723 0.883725 0.424189 0.0 0.0 0.0 0.0 1.0
RightUpLeg -0.936328 -0.005378 -0.351085 -0.078926 -0.131783 -0.921406 0.365574 -0.051168 -0.325458 0.388564 0.86203 0.021155 0.0 0.0 0.0 1.0
RightLeg 0.988853 0.007296 0.148716 -0.0 -0.04967 0.957749 0.283283 0.450627 -0.140365 -0.287512 0.947436 0.0 0.0 0.0 0.0 1.0
RightFoot 0.915971 0.319325 0.242959 0.0 -0.024648 0.649148 -0.760263 0.403185 -0.400487 0.69039 0.602471 -0.0 0.0 0.0 0.0 1.0
RightToeBase 0.97507 -0.139309 -0.17272 -0.0 -0.011233 0.746384 -0.665421 0.209681 0.221615 0.650772 0.726211 0.0 0.0 0.0 0.0 1.0
Time 0.2
Hips 0.683484 0.095625 0.723674 -0.061683 -0.040517 0.994824 -0.093188 1.057056 -0.72884 0.034371 0.683821 0.128499 0.0 0.0 0.0 1.0
Spine 0.982564 -0.057324 -0.176866 0.0 0.038328 0.993302 -0.109007 0.092381 0.18193 0.100327 0.97818 0.001307 0.0 0.0 0.0 1.0
Spine1 0.9986 -0.015981 -0.050427 0.0 0.016443 0.999826 0.00876 0.107789 0.050278 -0.009577 0.998689 0.0 0.0 0.0 0.0 1.0
Spine2 0.998591 -0.015698 -0.050699 0.0 0.016175 0.999829 0.009017 0.123187 0.050548 -0.009824 0.998673 -0.0 0.0 0.0 0.0 1.0
Neck 0.999025 0.042495 -0.011947 -0.0 -0.041478 0.996298 0.075304 0.138586 0.015103 -0.074736 0.997089 -0.0 0.0 0.0 0.0 1.0
Head 0.988587 0.026844 -0.148239 0.0 -0.031913 0.998981 -0.031924 0.040313 0.147231 0.036291 0.988436 0.011037 0.0 0.0 0.0 1.0
LeftShoulder 0.080539 0.924954 -0.371447 0.07447 0.008767 -0.3733 -0.927669 0.122371 -0.996713 0.071457 -0.038174 2.82E-4 0.0 0.0 0.0 1.0
LeftArm 0.788979 -0.612835 0.044113 -0.0 0.564529 0.694703 -0.445751 0.155382 0.242526 0.376591 0.894069 0.0 0.0 0.0 0.0 1.0
LeftForeArm -0.090401 -0.995761 -0.016955 0.0 0.99581 -0.090615 0.012327 0.248813 -0.013811 -0.015769 0.99978 0.0 0.0 0.0 0.0 1.0
LeftHand 0.888707 -0.437518 0.137033 0.0 0.423055 0.897758 0.122695 0.225832 -0.176704 -0.051067 0.982938 0.0 0.0 0.0 0.0 1.0
LeftHandThumb1 0.89955 -0.294688 0.322443 -0.024222 0.411422 0.819601 -0.39873 0.018653 -0.146774 0.491338 0.858513 0.022191 0.0 0.0 0.0 1.0
LeftHandThumb2 0.932341 0.295919 0.207779 5.35E-4 -0.31929 0.943466 0.089026 0.030217 -0.169688 -0.149344 0.974116 0.0 0.0 0.0 0.0 1.0
LeftHandThumb3 0.937221 -0.287236 0.19777 -4.89E-4 0.168332 0.869272 0.464791 0.043101 -0.305421 -0.402321 0.86305 0.0 0.0 0.0 0.0 1.0
LeftHandIndex1 0.999025 -0.043172 -0.009278 0.0 0.04322 0.999053 0.004993 0.113343 0.009053 -0.005389 0.999944 -5.0E-6 0.0 0.0 0.0 1.0
LeftHandIndex2 0.99829 0.05567 -0.017847 0.001041 -0.05845 0.944655 -0.322816 0.032903 -0.001112 0.323307 0.946293 -0.0 0.0 0.0 0.0 1.0
LeftHandIndex3 0.980899 0.1926 -0.027256 0.001107 -0.190486 0.922696 -0.335182 0.033648 -0.039407 0.333972 0.941759 0.0 0.0 0.0 0.0 1.0
RightShoulder -0.032775 -0.922715 0.384087 -0.07447 -0.007884 -0.384043 -0.923282 0.12237 0.999432 -0.033288 0.005312 1.76E-4 0.0 0.0 0.0 1.0
RightArm 0.795893 -0.589723 -0.137044 0.0 0.35297 0.635869 -0.686355 0.155382 0.491901 0.497893 0.714238 0.0 0.0 0.0 0.0 1.0
RightForeArm 0.970887 0.239514 0.003363 -0.0 -0.239525 0.970885 0.003229 0.248824 -0.002491 -0.00394 0.999989 0.0 0.0 0.0 0.0 1.0
RightHand 0.719904 0.216521 0.659437 -0.0 -0.214289 0.973017 -0.085545 0.225701 -0.660165 -0.079726 0.746877 -0.0 0.0 0.0 0.0 1.0
RightHandThumb1 0.842723 0.532704 0.077744 0.023976 -0.457181 0.784417 -0.419137 0.019052 -0.28426 0.317673 0.904588 0.017779 0.0 0.0 0.0 1.0
RightHandThumb2 0.930849 -0.300223 -0.208295 -0.001245 0.311761 0.949853 0.024167 0.028301 0.190594 -0.087434 0.977767 -0.0 0.0 0.0 0.0 1.0
RightHandThumb3 0.995864 0.067223 -0.06112 0.002262 -0.048577 0.962454 0.267063 0.044358 0.076778 -0.262989 0.961739 -0.0 0.0 0.0 0.0 1.0
RightHandIndex1 0.998046 0.061883 -0.008583 0.0 -0.061104 0.995506 0.072348 0.112301 0.013022 -0.071683 0.997342 3.4E-5 0.0 0.0 0.0 1.0
RightHandIndex2 0.999465 -0.027218 0.018152 -0.001192 0.031456 0.951987 -0.30452 0.035377 -0.008992 0.304928 0.952333 0.0 0.0 0.0 0.0 1.0
RightHandIndex3 0.979949 -0.197125 0.029013 -0.00124 0.196554 0.932527 -0.30292 0.032704 0.032658 0.302549 0.952574 0.0 0.0 0.0 0.0 1.0
LeftUpLeg -0.996318 0.038107 0.076806 0.078926 -0.050274 -0.985295 -0.163296 -0.051168 0.069453 -0.166556 0.983583 0.016768 0.0 0.0 0.0 1.0
LeftLeg 0.989355 -0.021295 -0.143953 0.0 0.052111 0.975476 0.213848 0.449901 0.135869 -0.219073 0.966202 0.0 0.0 0.0 0.0 1.0
LeftFoot 0.992275 0.114957 -0.046637 0.0 -0.109367 0.633155 -0.76626 0.403843 -0.058558 0.765441 0.640836 0.0 0.0 0.0 0.0 1.0
LeftToeBase 0.97337 0.145134 0.177445 0.0 0.075451 0.528098 -0.845825 0.212853 -0.216466 0.836689 0.503084 0.0 0.0 0.0 0.0 1.0
RightUpLeg -0.924362 0.028167 -0.380475 -0.078926 -0.162918 -0.930914 0.32689 -0.051168 -0.344982 0.364151 0.865091 0.021155 0.0 0.0 0.0 1.0
RightLeg 0.988801 0.037451 0.144465 0.0 -0.067505 0.975553 0.209138 0.450627 -0.133101 -0.216548 0.967156 -0.0 0.0 0.0 0.0 1.0
RightFoot 0.911894 0.359505 0.198004 0.0 -0.146645 0.735985 -0.660925 0.403185 -0.383334 0.573657 0.723859 0.0 0.0 0.0 0.0 1.0
RightToeBase 0.974828 -0.139709 -0.173756 -0.0 -0.017069 0.730273 -0.682942 0.209681 0.222303 0.668717 0.709506 0.0 0.0 0.0 0.0 1.0
Time 0.233333
Hips 0.62388 0.094909 0.775736 -0.066867 -0.044883 0.995312 -0.085677 1.069057 -0.78023 0.018634 0.625215 0.140847 0.0 0.0 0.0 1.0
Spine 0.975988 -0.076097 -0.2041 -0.0 0.051608 0.991096 -0.122738 0.092381 0.211623 0.109257 0.971225 0.001307 0.0 0.0 0.0 1.0
Spine1 0.998063 -0.019989 -0.05892 0.0 0.020352 0.999777 0.005573 0.107789 0.058796 -0.006762 0.998247 0.0 0.0 0.0 0.0 1.0
Spine2 0.998044 -0.019822 -0.059292 0.0 0.02021 0.999778 0.005945 0.123187 0.059161 -0.007132 0.998223 -0.0 0.0 0.0 0.0 1.0
Neck 0.999092 0.042508 -0.0027 -0.0 -0.042237 0.996928 0.065965 0.138586 0.005496 -0.065791 0.997818 -0.0 0.0 0.0 0.0 1.0
Head 0.994034 0.052086 -0.095828 0.0 -0.057207 0.997034 -0.051489 0.040313 0.092862 0.056664 0.994065 0.011037 0.0 0.0 0.0 1.0
LeftShoulder 0.099525 0.925124 -0.366388 0.07447 0.008928 -0.369032 -0.929374 0.122371 -0.994995 0.089225 -0.044987 2.82E-4 0.0 0.0 0.0 1.0
LeftArm 0.715345 -0.698735 0.007096 0.0 0.636187 0.647042 -0.42024 0.155382 0.289045 0.305131 0.907385 0.0 0.0 0.0 0.0 1.0
LeftForeArm -0.111268 -0.993641 -0.017213 0.0 0.99369 -0.111486 0.0123 0.248813 -0.014141 -0.015736 0.999776 0.0 0.0 0.0 0.0 1.0
LeftHand 0.886455 -0.459043 0.058972 -0.0 0.432566 0.867072 0.247128 0.225832 -0.164575 -0.193558 0.967187 0.0 0.0 0.0 0.0 1.0
LeftHandThumb1 0.929275 -0.261604 0.260789 -0.024222 0.355239 0.826441 -0.436807 0.018653 -0.101257 0.498556 0.860923 0.022191 0.0 0.0 0.0 1.0
LeftHandThumb2 0.920698 0.29364 0.257082 5.35E-4 -0.332408 0.935171 0.12231 0.030217 -0.2045 -0.198067 0.958618 0.0 0.0 0.0 0.0 1.0
LeftHandThumb3 0.907778 -0.340247 0.245297 -4.89E-4 0.178944 0.843063 0.507173 0.043101 -0.379365 -0.416506 0.826199 0.0 0.0 0.0 0.0 1.0
LeftHandIndex1 0.999431 -0.032257 -0.00982 -0.0 0.032368 0.999411 0.011395 0.113343 0.009447 -0.011707 0.999887 -5.0E-6 0.0 0.0 0.0 1.0
LeftHandIndex2 0.998822 0.046651 -0.013315 0.001041 -0.048514 0.96124 -0.271411 0.032903 1.37E-4 0.271737 0.962371 -0.0 0.0 0.0 0.0 1.0
LeftHandIndex3 0.982554 0.184569 -0.02284 0.001107 -0.183265 0.940006 -0.287755 0.033648 -0.031641 0.286921 0.957432 0.0 0.0 0.0 0.0 1.0
RightShoulder -0.039926 -0.929036 0.367828 -0.07447 -0.006918 -0.367856 -0.929857 0.12237 0.999179 -0.03967 0.00826 1.76E-4 0.0 0.0 0.0 1.0
RightArm 0.736333 -0.669118 -0.100473 0.0 0.484257 0.62486 -0.61241 0.155382 0.472556 0.402283 0.78413 0.0 0.0 0.0 0.0 1.0
RightForeArm 0.960824 0.277139 0.003498 0.0 -0.277151 0.960819 0.003735 0.248824 -0.002326 -0.004559 0.999987 0.0 0.0 0.0 0.0 1.0
RightHand 0.772526 0.169146 0.61204 0.0 -0.147614 0.985301 -0.085982 0.225701 -0.617587 -0.023922 0.786139 -0.0 0.0 0.0 0.0 1.0
RightHandThumb1 0.806212 0.543754 0.233137 0.023976 -0.399602 0.791069 -0.463172 0.019052 -0.436279 0.280253 0.855055 0.017779 0.0 0.0 0.0 1.0
RightHandThumb2 0.927779 -0.273122 -0.254225 -0.001245 0.294979 0.954116 0.051471 0.028301 0.228502 -0.122745 0.965775 -0.0 0.0 0.0 0.0 1.0
RightHandThumb3 0.994235 0.072867 -0.078656 0.002262 -0.050107 0.964316 0.25997 0.044358 0.094793 -0.25453 0.962408 -0.0 0.0 0.0 0.0 1.0
RightHandIndex1 0.998512 0.053967 -0.00788 -0.0 -0.053039 0.99451 0.090204 0.112301 0.012705 -0.089652 0.995892 3.4E-5 0.0 0.0 0.0 1.0
RightHandIndex2 0.99966 -0.021725 0.014433 -0.001192 0.024611 0.968915 -0.246169 0.035377 -0.008637 0.24644 0.96912 0.0 0.0 0.0 0.0 1.0
RightHandIndex3 0.981151 -0.191608 0.025079 -0.00124 0.191869 0.950491 -0.244444 0.032704 0.023 0.244649 0.969339 0.0 0.0 0.0 0.0 1.0
LeftUpLeg -0.994982 -0.012451 0.099275 0.078926 -0.002039 -0.989497 -0.144539 -0.051168 0.100032 -0.144016 0.984506 0.016768 0.0 0.0 0.0 1.0
LeftLeg 0.987703 0.03407 -0.152583 0.0 0.014984 0.950844 0.309307 0.449901 0.155621 -0.307789 0.938641 -0.0 0.0 0.0 0.0 1.0
LeftFoot 0.96016 0.224133 -0.166904 0.0 -0.270891 0.59982 -0.752884 0.403843 -0.068633 0.768102 0.636639 -0.0 0.0 0.0 0.0 1.0
LeftToeBase 0.940262 0.154769 0.303239 0.0 0.139925 0.636313 -0.758635 0.212853 -0.310368 0.755747 0.576644 0.0 0.0 0.0 0.0 1.0
RightUpLeg -0.92069 0.033948 -0.388815 -0.078926 -0.182088 -0.91851 0.350976 -0.051168 -0.345215 0.393939 0.851844 0.021155 0.0 0.0 0.0 1.0
RightLeg 0.994948 0.049744 0.087196 0.0 -0.072237 0.957926 0.277776 0.450627 -0.06971 -0.282671 0.95668 0.0 0.0 0.0 0.0 1.0
RightFoot 0.939532 0.317767 0.127686 0.0 -0.192277 0.798004 -0.571156 0.403185 -0.283388 0.512068 0.81085 0.0 0.0 0.0 0.0 1.0
RightToeBase 0.98414 -0.136874 -0.112843 -0.0 0.0087 0.672594 -0.739961 0.209681 0.177179 0.727244 0.663117 0.0 0.0 0.0 0.0 1.0
Time 0.266667
Hips 0.556685 0.098232 0.824896 -0.073172 -0.052609 0.99516 -0.083005 1.067787 -0.829056 0.002811 0.559158 0.154502 0.0 0.0 0.0 1.0
Spine 0.96607 -0.096697 -0.239496 0.0 0.06518 0.988535 -0.136202 0.092381 0.249921 0.115971 0.961296 0.001307 0.0 0.0 0.0 1.0
Spine1 0.997264 -0.024055 -0.069894 -0.0 0.024298 0.999701 0.002634 0.107789 0.06981 -0.004325 0.997551 -0.0 0.0 0.0 0.0 1.0
Spine2 0.997234 -0.024012 -0.070344 0.0 0.024295 0.9997 0.003172 0.123187 0.070247 -0.004873 0.997518 0.0 0.0 0.0 0.0 1.0
Neck 0.999233 0.03843 0.007483 0.0 -0.038797 0.997598 0.057379 0.138586 -0.00526 -0.057625 0.998324 -0.0 0.0 0.0 0.0 1.0
Head 0.996803 0.07653 -0.022942 0.0 -0.077954 0.994536 -0.069442 0.040313 0.017502 0.071009 0.997322 0.011037 0.0 0.0 0.0 1.0
LeftShoulder 0.111768 0.927587 -0.356497 0.07447 0.009406 -0.359716 -0.933014 0.122371 -0.99369 0.100928 -0.04893 2.82E-4 0.0 0.0 0.0 1.0
LeftArm 0.635869 -0.771669 -0.014103 0.0 0.709838 0.591897 -0.381821 0.155382 0.302986 0.232777 0.924129 0.0 0.0 0.0 0.0 1.0
LeftForeArm -0.09124 -0.995684 -0.016965 0.0 0.995733 -0.091455 0.012326 0.248813 -0.013824 -0.015768 0.99978 0.0 0.0 0.0 0.0 1.0
LeftHand 0.893035 -0.449256 0.025626 -0.0 0.423823 0.858883 0.287567 0.225832 -0.151201 -0.245946 0.957418 -0.0 0.0 0.0 0.0 1.0
LeftHandThumb1 0.954871 -0.234299 0.182554 -0.024222 0.294068 0.832203 -0.470066 0.018653 -0.041786 0.502535 0.863546 0.022191 0.0 0.0 0.0 1.0
LeftHandThumb2 0.907308 0.287969 0.306377 5.35E-4 -0.345586 0.925788 0.153257 0.030217 -0.239507 -0.24493 0.939492 0.0 0.0 0.0 0.0 1.0
LeftHandThumb3 0.877285 -0.388097 0.282403 -4.89E-4 0.185111 0.816438 0.546958 0.043101 -0.442837 -0.427562 0.78809 0.0 0.0 0.0 0.0 1.0
LeftHandIndex1 0.999722 -0.02127 -0.010157 0.0 0.021443 0.999622 0.017211 0.113343 0.009787 -0.017424 0.9998 -5.0E-6 0.0 0.0 0.0 1.0
LeftHandIndex2 0.99926 0.037336 -0.009252 0.001041 -0.038456 0.975004 -0.218834 0.032903 8.51E-4 0.219028 0.975718 -0.0 0.0 0.0 0.0 1.0
LeftHandIndex3 0.984178 0.176187 -0.018781 0.001107 -0.175533 0.955063 -0.238837 0.033648 -0.024143 0.238355 0.970878 0.0 0.0 0.0 0.0 1.0
RightShoulder -0.047219 -0.936492 0.347494 -0.07447 -0.005657 -0.347626 -0.937616 0.12237 0.998869 -0.046239 0.011117 1.76E-4 0.0 0.0 0.0 1.0
RightArm 0.673444 -0.737262 -0.054021 0.0 0.610582 0.595946 -0.521572 0.155382 0.416729 0.318265 0.851495 0.0 0.0 0.0 0.0 1.0
RightForeArm 0.939882 0.341478 0.00378 0.0 -0.341494 0.939873 0.004603 0.248824 -0.001981 -0.005617 0.999982 0.0 0.0 0.0 0.0 1.0
RightHand 0.813886 0.071441 0.576616 0.0 -0.065281 0.997372 -0.031429 0.225701 -0.577346 -0.012063 0.81641 0.0 0.0 0.0 0.0 1.0
RightHandThumb1 0.740395 0.553166 0.381868 0.023976 -0.336945 0.797012 -0.501239 0.019052 -0.581621 0.242447 0.77649 0.017779 0.0 0.0 0.0 1.0
RightHandThumb2 0.922229 -0.24563 -0.298595 -0.001245 0.280916 0.956313 0.080946 0.028301 0.265667 -0.158531 0.950941 -0.0 0.0 0.0 0.0 1.0
RightHandThumb3 0.992325 0.076973 -0.096782 0.002262 -0.050293 0.966214 0.252788 0.044358 0.11297 -0.24598 0.962669 0.0 0.0 0.0 0.0 1.0
RightHandIndex1 0.998934 0.045453 -0.00801 0.0 -0.044376 0.993584 0.104029 0.112301 0.012687 -0.103562 0.994542 3.4E-5 0.0 0.0 0.0 1.0
RightHandIndex2 0.99981 -0.016057 0.011077 -0.001192 0.017848 0.982138 -0.187313 0.035377 -0.007872 0.187475 0.982238 0.0 0.0 0.0 0.0 1.0
RightHandIndex3 0.982333 -0.185901 0.021521 -0.00124 0.186639 0.964759 -0.185489 0.032704 0.01372 0.186229 0.982411 0.0 0.0 0.0 0.0 1.0
LeftUpLeg -0.991858 -0.040773 0.120649 0.078926 0.02732 -0.993431 -0.111126 -0.051168 0.124388 -0.106925 0.986456 0.016768 0.0 0.0 0.0 1.0
LeftLeg 0.992379 0.099498 -0.07269 0.0 -0.061353 0.910571 0.408775 0.449901 0.106861 -0.4012 0.909736 -0.0 0.0 0.0 0.0 1.0
LeftFoot 0.910204 0.33064 -0.249412 0.0 -0.408795 0.620614 -0.669123 0.403843 -0.06645 0.710997 0.700049 0.0 0.0 0.0 0.0 1.0
