Root_Bone_Name Hips
Num_Keyframes 72
Num_Bones 34
Time_Wrapping_Mode LOOP
Time 0.0
Hips 0.959287 0.036905 0.280013 0.00863 -0.016633 0.997088 -0.07443 0.643832 -0.281945 0.066742 0.957106 0.008835 0.0 0.0 0.0 1.0
Spine 0.985211 -0.008401 -0.171138 0.0 0.0462 0.974829 0.218114 0.079014 0.164997 -0.222795 0.960801 -0.005064 0.0 0.0 0.0 1.0
Spine1 0.9996 0.007067 -0.027386 0.0 -0.009259 0.996689 -0.080774 0.092373 0.026725 0.080995 0.996356 0.0 0.0 0.0 0.0 1.0
Spine2 0.999573 0.009289 -0.027704 0.0 -0.011491 0.996695 -0.080424 0.105569 0.026865 0.080708 0.996376 0.0 0.0 0.0 0.0 1.0
Neck 0.998633 -0.036989 -0.036933 0.0 0.032328 0.992287 -0.119669 0.118765 0.041074 0.118311 0.992127 0.0 0.0 0.0 0.0 1.0
Head 0.990624 -0.011993 -0.136087 0.0 -0.005513 0.991818 -0.12754 0.099545 0.136503 0.127094 0.982453 0.01125 0.0 0.0 0.0 1.0
LeftShoulder -0.037009 0.974697 -0.220445 0.062099 0.019406 -0.219853 -0.97534 0.101413 -0.999126 -0.040375 -0.010779 -0.004463 0.0 0.0 0.0 1.0
LeftArm 0.73538 -0.594299 0.325615 0.0 0.670733 0.569831 -0.474774 0.128815 0.096612 0.56754 0.817658 -0.0 0.0 0.0 0.0 1.0
LeftForeArm -0.278257 -0.953646 0.1146 0.0 0.953684 -0.288502 -0.085167 0.103474 0.114281 0.085594 0.989754 -0.0 0.0 0.0 0.0 1.0
LeftHand 0.431795 -0.670793 0.602984 0.0 0.22581 0.727622 0.647747 0.18395 -0.873248 -0.143534 0.465656 0.0 0.0 0.0 0.0 1.0
LeftHandThumb1 0.921669 -0.381095 0.072756 -0.06798 0.385965 0.919698 -0.072012 0.068509 -0.03947 0.094453 0.994747 -0.0 0.0 0.0 0.0 1.0
LeftHandThumb2 0.994034 0.097336 -0.049221 -0.012491 -0.103688 0.983314 -0.149475 0.076193 0.03385 0.153687 0.98754 0.0 0.0 0.0 0.0 1.0
LeftHandThumb3 0.993899 -0.108356 -0.020573 7.14E-4 0.108213 0.994096 -0.007968 0.071887 0.021315 0.005694 0.999757 0.0 0.0 0.0 0.0 1.0
LeftHandIndex1 0.995476 -0.094958 0.003282 0.0 0.094898 0.991942 -0.083942 0.159393 0.004716 0.083873 0.996465 -0.0 0.0 0.0 0.0 1.0
LeftHandIndex2 0.997958 0.063846 -0.001913 0.005707 -0.063781 0.994429 -0.08392 0.097046 -0.003455 0.083871 0.996471 -0.0 0.0 0.0 0.0 1.0
LeftHandIndex3 0.999975 -0.007014 0.001335 -0.00285 0.007064 0.999093 -0.041984 0.066722 -0.001039 0.041992 0.999117 0.0 0.0 0.0 0.0 1.0
RightShoulder -0.223169 -0.901853 0.369941 -0.062099 -0.005347 -0.378374 -0.925637 0.10136 0.974765 -0.208552 0.079619 -0.003625 0.0 0.0 0.0 1.0
RightArm 0.973715 -0.212422 0.082188 0.0 0.226438 0.86387 -0.449949 0.128739 0.02458 0.456733 0.889264 0.0 0.0 0.0 0.0 1.0
RightForeArm -0.404389 0.907122 -0.116617 0.0 -0.907048 -0.414119 -0.075949 0.103393 -0.117188 0.075064 0.990269 -0.0 0.0 0.0 0.0 1.0
RightHand 0.47328 -0.465623 -0.747797 0.0 -0.030831 0.839614 -0.542307 0.183952 0.880372 0.279719 0.383017 -0.0 0.0 0.0 0.0 1.0
RightHandThumb1 0.887886 0.45516 -0.066995 0.068056 -0.457331 0.889052 -0.020849 0.067975 0.050073 0.04915 0.997535 0.0 0.0 0.0 0.0 1.0
RightHandThumb2 0.989447 -0.132503 0.058628 0.01197 0.140984 0.973781 -0.178532 0.076014 -0.033435 0.184913 0.982186 0.0 0.0 0.0 0.0 1.0
RightHandThumb3 0.992879 0.117763 0.017977 -5.68E-4 -0.117778 0.99304 -2.25E-4 0.072121 -0.017878 -0.001894 0.999838 -0.0 0.0 0.0 0.0 1.0
RightHandIndex1 0.993513 0.113174 -0.011116 -0.0 -0.113475 0.980243 -0.162011 0.158031 -0.007439 0.162222 0.986726 0.0 0.0 0.0 0.0 1.0
RightHandIndex2 0.997832 0.065816 2.74E-4 -0.004024 -0.064902 0.984637 -0.162107 0.097524 -0.010939 0.161737 0.986773 -0.0 0.0 0.0 0.0 1.0
RightHandIndex3 0.993498 -0.113131 0.012755 -0.00207 0.113796 0.990167 -0.081358 0.063464 -0.003425 0.082281 0.996603 -0.0 0.0 0.0 0.0 1.0
LeftUpLeg -0.968576 -0.177929 0.173786 0.0977 0.202929 -0.969342 0.138551 -0.043973 0.143806 0.169463 0.974988 -0.001965 0.0 0.0 0.0 1.0
LeftLeg 0.978376 -0.02124 -0.205742 -0.0 0.122582 0.860744 0.494058 0.246388 0.166597 -0.508595 0.844735 0.0 0.0 0.0 0.0 1.0
LeftFoot 0.954232 -0.188033 0.232563 -0.0 0.28811 0.369396 -0.883481 0.16968 0.080216 0.91005 0.406663 0.0 0.0 0.0 0.0 1.0
LeftToeBase 0.999844 -0.015773 -0.007968 -0.0 0.001678 0.533619 -0.845723 0.243202 0.017591 0.845578 0.533562 0.0 0.0 0.0 0.0 1.0
RightUpLeg -0.985876 0.101688 -0.133072 -0.0977 -0.119908 -0.983293 0.13696 -0.043973 -0.116921 0.150981 0.981598 5.92E-4 0.0 0.0 0.0 1.0
RightLeg 0.980652 0.189705 0.048299 0.0 -0.188016 0.844054 0.502218 0.246349 0.054506 -0.501583 0.863391 -0.0 0.0 0.0 0.0 1.0
RightFoot 0.999608 0.007271 0.027032 -0.0 0.020457 0.469441 -0.882727 0.16968 -0.019108 0.882934 0.469109 0.0 0.0 0.0 0.0 1.0
RightToeBase 0.999849 0.015763 0.007328 -0.0 -0.001693 0.507857 -0.86144 0.23915 -0.0173 0.861297 0.507807 0.0 0.0 0.0 0.0 1.0
Time 0.033333
Hips 0.941026 0.072899 0.330388 0.010772 -0.043306 0.994432 -0.096074 0.644541 -0.335552 0.0761 0.938943 0.009894 0.0 0.0 0.0 1.0
Spine 0.982849 0.002314 -0.184397 0.0 0.043532 0.968752 0.244182 0.079014 0.1792 -0.248022 0.952036 -0.005064 0.0 0.0 0.0 1.0
Spine1 0.999155 -0.029205 -0.028935 -0.0 0.026443 0.995442 -0.091625 0.092373 0.03148 0.090783 0.995373 0.0 0.0 0.0 0.0 1.0
Spine2 0.999191 -0.026526 -0.030229 0.0 0.023643 0.995477 -0.092019 0.105569 0.032533 0.09123 0.995298 -0.0 0.0 0.0 0.0 1.0
Neck 0.998725 -0.025844 -0.043357 0.0 0.02102 0.993902 -0.108242 0.118765 0.04589 0.107193 0.993179 0.0 0.0 0.0 0.0 1.0
Head 0.984595 0.017194 -0.174 -0.0 -0.041087 0.990039 -0.134663 0.099545 0.169952 0.139738 0.975495 0.01125 0.0 0.0 0.0 1.0
LeftShoulder -0.042074 0.979511 -0.196948 0.062099 0.015712 -0.196449 -0.980388 0.101413 -0.998991 -0.044344 -0.007125 -0.004463 0.0 0.0 0.0 1.0
LeftArm 0.669245 -0.639175 0.378901 -0.0 0.742657 0.558986 -0.368776 0.128815 0.023912 0.528195 0.848786 -0.0 0.0 0.0 0.0 1.0
LeftForeArm -0.277674 -0.953822 0.114548 0.0 0.95386 -0.287914 -0.085182 0.103474 0.114229 0.08561 0.989759 0.0 0.0 0.0 0.0 1.0
LeftHand 0.450164 -0.675087 0.584473 0.0 0.238146 0.721604 0.650057 0.18395 -0.860604 -0.153442 0.48561 0.0 0.0 0.0 0.0 1.0
LeftHandThumb1 0.921702 -0.381015 0.072751 -0.06798 0.385887 0.919727 -0.072067 0.068509 -0.039452 0.094498 0.994743 -0.0 0.0 0.0 0.0 1.0
LeftHandThumb2 0.994034 0.097336 -0.049221 -0.012491 -0.103688 0.983314 -0.149475 0.076193 0.03385 0.153687 0.98754 0.0 0.0 0.0 0.0 1.0
LeftHandThumb3 0.993899 -0.108356 -0.020573 7.14E-4 0.108212 0.994096 -0.007969 0.071887 0.021315 0.005694 0.999757 0.0 0.0 0.0 0.0 1.0
LeftHandIndex1 0.995391 -0.095843 0.003358 0.0 0.095776 0.991682 -0.085991 0.159393 0.004912 0.085916 0.99629 -0.0 0.0 0.0 0.0 1.0
LeftHandIndex2 0.998017 0.062913 -0.001959 0.005707 -0.062848 0.994307 -0.08604 0.097046 -0.003465 0.085992 0.99629 -0.0 0.0 0.0 0.0 1.0
LeftHandIndex3 0.999971 -0.007476 0.001399 -0.00285 0.00753 0.999045 -0.043045 0.066722 -0.001076 0.043055 0.999072 -0.0 0.0 0.0 0.0 1.0
RightShoulder -0.255916 -0.888489 0.380913 -0.062099 -0.0048 -0.392863 -0.919585 0.10136 0.966687 -0.237165 0.096275 -0.003625 0.0 0.0 0.0 1.0
RightArm 0.950256 -0.26367 0.165804 -0.0 0.308909 0.865923 -0.393386 0.128739 -0.039849 0.425036 0.904299 0.0 0.0 0.0 0.0 1.0
RightForeArm -0.365444 0.923905 -0.113356 -0.0 -0.92383 -0.374905 -0.077355 0.103393 -0.113966 0.076453 0.990539 0.0 0.0 0.0 0.0 1.0
RightHand 0.481354 -0.458429 -0.747088 -0.0 0.064305 0.868501 -0.491498 0.183952 0.874164 0.188543 0.447536 0.0 0.0 0.0 0.0 1.0
RightHandThumb1 0.909231 0.411128 -0.065362 0.068056 -0.414311 0.90898 -0.045851 0.067975 0.040562 0.068769 0.996808 0.0 0.0 0.0 0.0 1.0
RightHandThumb2 0.981331 -0.175239 0.079252 0.01197 0.187715 0.962398 -0.196348 0.076014 -0.041864 0.207559 0.977326 0.0 0.0 0.0 0.0 1.0
RightHandThumb3 0.995067 0.09549 0.026887 -5.68E-4 -0.09524 0.9954 -0.010412 0.072121 -0.027757 0.0078 0.999584 -0.0 0.0 0.0 0.0 1.0
RightHandIndex1 0.993513 0.113174 -0.011116 0.0 -0.113475 0.980243 -0.162011 0.158031 -0.007439 0.162221 0.986726 0.0 0.0 0.0 0.0 1.0
RightHandIndex2 0.997832 0.065817 2.74E-4 -0.004024 -0.064902 0.984636 -0.162107 0.097524 -0.010939 0.161738 0.986773 -0.0 0.0 0.0 0.0 1.0
RightHandIndex3 0.993498 -0.113131 0.012755 -0.00207 0.113796 0.990167 -0.081358 0.063464 -0.003425 0.08228 0.996603 0.0 0.0 0.0 0.0 1.0
LeftUpLeg -0.982284 -0.082749 0.168139 0.0977 0.133324 -0.939104 0.316715 -0.043973 0.131692 0.333521 0.933499 -0.001965 0.0 0.0 0.0 1.0
LeftLeg 0.99033 -0.068458 -0.120667 -0.0 0.133946 0.698339 0.703122 0.246388 0.036133 -0.712486 0.700755 0.0 0.0 0.0 0.0 1.0
LeftFoot 0.992689 -0.086012 0.084682 0.0 0.113485 0.426103 -0.897528 0.16968 0.041115 0.900576 0.432749 0.0 0.0 0.0 0.0 1.0
LeftToeBase 0.999672 -0.024514 -0.007474 -0.0 0.002826 0.395297 -0.918549 0.243202 0.025472 0.918226 0.395236 0.0 0.0 0.0 0.0 1.0
RightUpLeg -0.988057 0.094534 -0.121684 -0.0977 -0.103339 -0.992306 0.068193 -0.043973 -0.114301 0.079953 0.990224 5.92E-4 0.0 0.0 0.0 1.0
RightLeg 0.994457 0.089428 0.055298 0.0 -0.103206 0.930732 0.350836 0.246349 -0.020093 -0.354598 0.934803 -0.0 0.0 0.0 0.0 1.0
RightFoot 0.99967 0.025434 0.00347 -0.0 -0.010308 0.521547 -0.853161 0.16968 -0.023509 0.852844 0.521637 0.0 0.0 0.0 0.0 1.0
RightToeBase 0.999884 0.013433 0.007227 0.0 -0.001231 0.543318 -0.839526 0.23915 -0.015204 0.83942 0.543271 0.0 0.0 0.0 0.0 1.0
Time 0.066667
Hips 0.930112 0.111059 0.350082 0.01145 -0.074529 0.990427 -0.116189 0.64141 -0.359634 0.081978 0.929485 0.010961 0.0 0.0 0.0 1.0
Spine 0.983885 -0.015933 -0.178091 0.0 0.062175 0.964351 0.257219 0.079014 0.167643 -0.264147 0.949801 -0.005064 0.0 0.0 0.0 1.0
Spine1 0.998651 -0.044682 -0.026463 -0.0 0.042087 0.994903 -0.091636 0.092373 0.030422 0.090399 0.995441 0.0 0.0 0.0 0.0 1.0
Spine2 0.998714 -0.042173 -0.028152 0.0 0.039413 0.994954 -0.092267 0.105569 0.031901 0.091039 0.995336 -0.0 0.0 0.0 0.0 1.0
Neck 0.998514 -0.019837 -0.050752 -0.0 0.014522 0.994573 -0.103026 0.118765 0.05252 0.102136 0.993383 0.0 0.0 0.0 0.0 1.0
Head 0.977388 0.024436 -0.210037 0.0 -0.055747 0.987937 -0.144474 0.099545 0.203973 0.152916 0.96696 0.01125 0.0 0.0 0.0 1.0
LeftShoulder -0.034936 0.983845 -0.175578 0.062099 0.018783 -0.175008 -0.984388 0.101413 -0.999213 -0.037689 -0.012365 -0.004463 0.0 0.0 0.0 1.0
LeftArm 0.607462 -0.68365 0.40449 0.0 0.79266 0.554879 -0.252586 0.128815 -0.051763 0.47406 0.87897 -0.0 0.0 0.0 0.0 1.0
LeftForeArm -0.28311 -0.952164 0.115034 0.0 0.952202 -0.293394 -0.085034 0.103474 0.114717 0.085461 0.989715 -0.0 0.0 0.0 0.0 1.0
LeftHand 0.411611 -0.681632 0.604941 -0.0 0.166193 0.708789 0.685564 0.18395 -0.896078 -0.181649 0.405028 0.0 0.0 0.0 0.0 1.0
LeftHandThumb1 0.921716 -0.380982 0.072748 -0.06798 0.385854 0.919742 -0.072054 0.068509 -0.039458 0.094483 0.994744 -0.0 0.0 0.0 0.0 1.0
LeftHandThumb2 0.994034 0.097336 -0.049221 -0.012491 -0.103688 0.983314 -0.149475 0.076193 0.03385 0.153687 0.98754 0.0 0.0 0.0 0.0 1.0
LeftHandThumb3 0.993899 -0.108356 -0.020573 7.14E-4 0.108212 0.994096 -0.007968 0.071887 0.021315 0.005694 0.999757 0.0 0.0 0.0 0.0 1.0
LeftHandIndex1 0.995392 -0.095833 0.003357 0.0 0.095766 0.991685 -0.085966 0.159393 0.00491 0.085891 0.996292 -0.0 0.0 0.0 0.0 1.0
LeftHandIndex2 0.998015 0.06294 -0.001958 0.005707 -0.062875 0.994311 -0.085979 0.097046 -0.003465 0.085931 0.996295 -0.0 0.0 0.0 0.0 1.0
LeftHandIndex3 0.999971 -0.007463 0.001397 -0.00285 0.007516 0.999046 -0.043014 0.066722 -0.001075 0.043024 0.999073 -0.0 0.0 0.0 0.0 1.0
RightShoulder -0.281103 -0.876095 0.391712 -0.062099 -0.003134 -0.407331 -0.913275 0.10136 0.959672 -0.257952 0.111756 -0.003625 0.0 0.0 0.0 1.0
RightArm 0.924096 -0.293272 0.245027 0.0 0.365954 0.86382 -0.346256 0.128739 -0.110112 0.409643 0.905576 0.0 0.0 0.0 0.0 1.0
RightForeArm -0.306613 0.945638 -0.10843 -0.0 -0.945561 -0.315667 -0.079174 0.103393 -0.109098 0.078252 0.990946 0.0 0.0 0.0 0.0 1.0
RightHand 0.489989 -0.445046 -0.749563 0.0 0.137409 0.888541 -0.437738 0.183952 0.860831 0.11149 0.496529 0.0 0.0 0.0 0.0 1.0
RightHandThumb1 0.938878 0.338942 -0.060221 0.068056 -0.343162 0.935377 -0.085492 0.067975 0.027353 0.100932 0.994517 0.0 0.0 0.0 0.0 1.0
RightHandThumb2 0.953547 -0.271616 0.130282 0.01197 0.295765 0.926237 -0.233684 0.076014 -0.0572 0.261362 0.963545 0.0 0.0 0.0 0.0 1.0
RightHandThumb3 0.997868 0.043578 0.048586 -5.68E-4 -0.041981 0.998559 -0.033421 0.072121 -0.049973 0.03131 0.99826 -0.0 0.0 0.0 0.0 1.0
RightHandIndex1 0.993513 0.113174 -0.011116 -0.0 -0.113475 0.980243 -0.162011 0.158031 -0.007439 0.162222 0.986726 0.0 0.0 0.0 0.0 1.0
RightHandIndex2 0.997832 0.065816 2.74E-4 -0.004024 -0.064901 0.984637 -0.162107 0.097524 -0.010939 0.161738 0.986773 0.0 0.0 0.0 0.0 1.0
RightHandIndex3 0.993498 -0.113131 0.012755 -0.00207 0.113796 0.990167 -0.081358 0.063464 -0.003425 0.082281 0.996603 0.0 0.0 0.0 0.0 1.0
LeftUpLeg -0.987771 -0.021044 0.154488 0.0977 0.088418 -0.891721 0.443865 -0.043973 0.12842 0.452096 0.882676 -0.001965 0.0 0.0 0.0 1.0
LeftLeg 0.996833 -0.077117 0.019428 -0.0 0.02727 0.560943 0.827405 0.246388 -0.074705 -0.824255 0.561269 0.0 0.0 0.0 0.0 1.0
LeftFoot 0.988155 -0.112628 0.104232 0.0 0.143469 0.436977 -0.887957 0.16968 0.054462 0.892394 0.447959 0.0 0.0 0.0 0.0 1.0
LeftToeBase 0.999473 -0.031925 -0.005953 0.0 0.002818 0.267877 -0.963449 0.243202 0.032353 0.962924 0.267826 0.0 0.0 0.0 0.0 1.0
RightUpLeg -0.983142 0.122154 -0.136053 -0.0977 -0.126734 -0.991609 0.025496 -0.043973 -0.131797 0.042308 0.990373 5.92E-4 0.0 0.0 0.0 1.0
RightLeg 0.996378 0.033468 0.07817 0.0 -0.052431 0.965543 0.254908 0.246349 -0.066945 -0.258084 0.9638 -0.0 0.0 0.0 0.0 1.0
RightFoot 0.998031 0.053909 -0.032066 0.0 -0.056151 0.540016 -0.83978 0.16968 -0.027956 0.839927 0.54198 0.0 0.0 0.0 0.0 1.0
RightToeBase 0.999907 0.011662 0.007085 -0.0 -8.21E-4 0.569694 -0.821857 0.23915 -0.013621 0.821774 0.56965 0.0 0.0 0.0 0.0 1.0
Time 0.1
Hips 0.930388 0.151109 0.333982 0.013464 -0.113077 0.984961 -0.130638 0.6291 -0.3487 0.083778 0.933483 0.013329 0.0 0.0 0.0 1.0
Spine 0.987068 -0.054949 -0.150588 0.0 0.093533 0.960344 0.262659 0.079014 0.130184 -0.273348 0.953065 -0.005064 0.0 0.0 0.0 1.0
Spine1 0.998805 -0.044195 -0.020889 0.0 0.042303 0.995593 -0.083696 0.092373 0.024496 0.082713 0.996272 0.0 0.0 0.0 0.0 1.0
Spine2 0.998857 -0.042391 -0.022105 -0.0 0.040392 0.995635 -0.084137 0.105569 0.025575 0.083148 0.996209 -0.0 0.0 0.0 0.0 1.0
Neck 0.998217 -0.018475 -0.056757 -0.0 0.012117 0.993814 -0.110397 0.118765 0.058446 0.109513 0.992266 0.0 0.0 0.0 0.0 1.0
Head 0.972221 0.005767 -0.233994 0.0 -0.041658 0.987999 -0.148738 0.099545 0.230328 0.154354 0.960793 0.01125 0.0 0.0 0.0 1.0
LeftShoulder -0.037825 0.985782 -0.163719 0.062099 0.017394 -0.163162 -0.986446 0.101413 -0.999133 -0.04016 -0.010975 -0.004463 0.0 0.0 0.0 1.0
LeftArm 0.552288 -0.723475 0.414201 0.0 0.822899 0.552661 -0.13192 0.128815 -0.133472 0.413703 0.900575 -0.0 0.0 0.0 0.0 1.0
LeftForeArm -0.296451 -0.94795 0.116225 0.0 0.947988 -0.306842 -0.084658 0.103474 0.115914 0.085083 0.989608 0.0 0.0 0.0 0.0 1.0
LeftHand 0.350604 -0.691681 0.63139 0.0 0.060833 0.689581 0.721649 0.18395 -0.934546 -0.214604 0.283847 0.0 0.0 0.0 0.0 1.0
LeftHandThumb1 0.921671 -0.381089 0.072755 -0.06798 0.385956 0.919707 -0.071956 0.068509 -0.039491 0.0944 0.994751 -0.0 0.0 0.0 0.0 1.0
LeftHandThumb2 0.994034 0.097336 -0.049221 -0.012491 -0.103688 0.983314 -0.149475 0.076193 0.03385 0.153687 0.98754 0.0 0.0 0.0 0.0 1.0
LeftHandThumb3 0.993899 -0.108356 -0.020573 7.14E-4 0.108213 0.994096 -0.007969 0.071887 0.021315 0.005694 0.999757 0.0 0.0 0.0 0.0 1.0
LeftHandIndex1 0.995524 -0.094453 0.003239 0.0 0.094397 0.992088 -0.082773 0.159393 0.004605 0.082709 0.996563 -0.0 0.0 0.0 0.0 1.0
LeftHandIndex2 0.997922 0.064403 -0.001885 0.005707 -0.064338 0.994499 -0.082653 0.097046 -0.003449 0.082602 0.996577 -0.0 0.0 0.0 0.0 1.0
LeftHandIndex3 0.999976 -0.006737 0.001296 -0.00285 0.006785 0.999122 -0.041349 0.066722 -0.001017 0.041357 0.999144 0.0 0.0 0.0 0.0 1.0
RightShoulder -0.287818 -0.874112 0.391267 -0.062099 2.65E-4 -0.408627 -0.912701 0.10136 0.957685 -0.262588 0.117842 -0.003625 0.0 0.0 0.0 1.0
RightArm 0.900973 -0.299549 0.313875 -0.0 0.39719 0.860574 -0.318831 0.128739 -0.174607 0.411926 0.894332 0.0 0.0 0.0 0.0 1.0
RightForeArm -0.231772 0.96739 -0.102163 0.0 -0.967312 -0.240307 -0.080995 0.103393 -0.102905 0.080051 0.991465 0.0 0.0 0.0 0.0 1.0
RightHand 0.49124 -0.431954 -0.756372 0.0 0.179487 0.899934 -0.39737 0.183952 0.852331 0.059445 0.519613 0.0 0.0 0.0 0.0 1.0
RightHandThumb1 0.965458 0.255569 -0.050755 0.068056 -0.260098 0.95688 -0.129346 0.067975 0.01551 0.13808 0.9903 0.0 0.0 0.0 0.0 1.0
RightHandThumb2 0.899789 -0.387161 0.201211 0.01197 0.431047 0.860258 -0.272314 0.076014 -0.067664 0.331756 0.940935 0.0 0.0 0.0 0.0 1.0
RightHandThumb3 0.996655 -0.023079 0.078402 -5.68E-4 0.027937 0.99772 -0.061433 0.072121 -0.076805 0.063418 0.995027 0.0 0.0 0.0 0.0 1.0
RightHandIndex1 0.993513 0.113174 -0.011116 -0.0 -0.113475 0.980243 -0.162011 0.158031 -0.007439 0.162222 0.986726 0.0 0.0 0.0 0.0 1.0
RightHandIndex2 0.997832 0.065816 2.74E-4 -0.004024 -0.064901 0.984637 -0.162107 0.097524 -0.010939 0.161737 0.986773 -0.0 0.0 0.0 0.0 1.0
RightHandIndex3 0.993498 -0.113131 0.012755 -0.00207 0.113796 0.990167 -0.081358 0.063464 -0.003425 0.082281 0.996603 0.0 0.0 0.0 0.0 1.0
LeftUpLeg -0.986171 0.062138 0.153639 0.0977 0.036365 -0.823327 0.566401 -0.043973 0.16169 0.564155 0.809682 -0.001965 0.0 0.0 0.0 1.0
LeftLeg 0.990634 -0.108413 0.083012 -0.0 -0.040175 0.349618 0.936031 0.246388 -0.1305 -0.930599 0.341988 -0.0 0.0 0.0 0.0 1.0
LeftFoot 0.985504 -0.091922 0.14259 0.0 0.167332 0.38815 -0.906278 0.16968 0.027961 0.917 0.397905 -0.0 0.0 0.0 0.0 1.0
LeftToeBase 0.99926 -0.038287 -0.003773 0.0 0.002031 0.150425 -0.988619 0.243202 0.038419 0.98788 0.150392 0.0 0.0 0.0 0.0 1.0
RightUpLeg -0.973733 0.135347 -0.183101 -0.0977 -0.147384 -0.987618 0.053745 -0.043973 -0.173559 0.07932 0.981624 5.92E-4 0.0 0.0 0.0 1.0
RightLeg 0.99867 0.002456 0.051491 0.0 -0.020826 0.93294 0.359429 0.246349 -0.047155 -0.360024 0.931751 0.0 0.0 0.0 0.0 1.0
RightFoot 0.99833 0.048599 -0.031247 -0.0 -0.049942 0.453933 -0.889635 0.16968 -0.029051 0.889709 0.455602 0.0 0.0 0.0 0.0 1.0
RightToeBase 0.999926 0.01001 0.006901 -0.0 -3.92E-4 0.593851 -0.804575 0.23915 -0.012152 0.804512 0.593811 0.0 0.0 0.0 0.0 1.0
Time 0.133333
Hips 0.943135 0.164936 0.288606 0.011745 -0.129107 0.981813 -0.139189 0.630504 -0.306314 0.094013 0.947277 0.014402 0.0 0.0 0.0 1.0
Spine 0.991632 -0.074037 -0.105753 0.0 0.100488 0.956949 0.272306 0.079014 0.081039 -0.280654 0.956382 -0.005064 0.0 0.0 0.0 1.0
Spine1 0.999021 -0.042364 -0.012742 -0.0 0.041295 0.996334 -0.074923 0.092373 0.015869 0.074323 0.997108 0.0 0.0 0.0 0.0 1.0
Spine2 0.99905 -0.04141 -0.013546 -0.0 0.04028 0.996359 -0.07514 0.105569 0.016609 0.074523 0.997081 0.0 0.0 0.0 0.0 1.0
Neck 0.998107 -0.019384 -0.058374 0.0 0.012111 0.9924 -0.122455 0.118765 0.060305 0.121516 0.990756 0.0 0.0 0.0 0.0 1.0
Head 0.970514 -0.003676 -0.241017 0.0 -0.032731 0.988613 -0.146876 0.099545 0.238812 0.150434 0.959343 0.01125 0.0 0.0 0.0 1.0
LeftShoulder -0.076136 0.982726 -0.168682 0.062099 -0.002329 -0.169348 -0.985554 0.101413 -0.997095 -0.074643 0.015182 -0.004463 0.0 0.0 0.0 1.0
LeftArm 0.503971 -0.752356 0.424233 0.0 0.834224 0.551263 -0.013385 0.128815 -0.223794 0.360651 0.905454 -0.0 0.0 0.0 0.0 1.0
LeftForeArm -0.317338 -0.940931 0.11809 0.0 0.940969 -0.327897 -0.084031 0.103474 0.117789 0.084453 0.989441 0.0 0.0 0.0 0.0 1.0
LeftHand 0.313273 -0.706664 0.634417 0.0 -0.003425 0.6672 0.744871 0.18395 -0.949657 -0.235521 0.206596 0.0 0.0 0.0 0.0 1.0
LeftHandThumb1 0.921548 -0.381382 0.072775 -0.06798 0.386244 0.919599 -0.071789 0.068509 -0.039545 0.094266 0.994761 -0.0 0.0 0.0 0.0 1.0
LeftHandThumb2 0.994034 0.097336 -0.049221 -0.012491 -0.103688 0.983314 -0.149475 0.076193 0.03385 0.153687 0.98754 0.0 0.0 0.0 0.0 1.0
LeftHandThumb3 0.993899 -0.108356 -0.020573 7.14E-4 0.108213 0.994096 -0.007968 0.071887 0.021315 0.005694 0.999757 0.0 0.0 0.0 0.0 1.0
LeftHandIndex1 0.995715 -0.09242 0.003075 0.0 0.092377 0.992659 -0.078066 0.159393 0.004163 0.078015 0.996943 -0.0 0.0 0.0 0.0 1.0
LeftHandIndex2 0.997782 0.066537 -0.00177 0.005707 -0.066473 0.994751 -0.077797 0.097046 -0.003416 0.077742 0.996968 -0.0 0.0 0.0 0.0 1.0
LeftHandIndex3 0.999983 -0.005677 0.001152 -0.00285 0.005718 0.999226 -0.038918 0.066722 -9.3E-4 0.038924 0.999242 -0.0 0.0 0.0 0.0 1.0
RightShoulder -0.266905 -0.882617 0.386975 -0.062099 0.001241 -0.401856 -0.915702 0.10136 0.963722 -0.243925 0.108352 -0.003625 0.0 0.0 0.0 1.0
RightArm 0.889135 -0.272155 0.367928 -0.0 0.39701 0.85861 -0.324303 0.128739 -0.227646 0.43442 0.871468 0.0 0.0 0.0 0.0 1.0
RightForeArm -0.154826 0.983294 -0.095721 0.0 -0.983214 -0.162828 -0.082327 0.103393 -0.096537 0.081367 0.991998 0.0 0.0 0.0 0.0 1.0
RightHand 0.48576 -0.4273 -0.76253 -0.0 0.193169 0.903277 -0.383114 0.183952 0.85248 0.038804 0.521317 -0.0 0.0 0.0 0.0 1.0
RightHandThumb1 0.980773 0.190807 -0.040947 0.068056 -0.194958 0.967329 -0.162067 0.067975 0.008686 0.166934 0.98593 0.0 0.0 0.0 0.0 1.0
RightHandThumb2 0.840656 -0.473322 0.263182 0.01197 0.537273 0.789983 -0.295406 0.076014 -0.068087 0.389735 0.918407 -0.0 0.0 0.0 0.0 1.0
RightHandThumb3 0.991476 -0.077748 0.104553 -5.68E-4 0.08661 0.992773 -0.083074 0.072121 -0.097339 0.091421 0.991044 -0.0 0.0 0.0 0.0 1.0
RightHandIndex1 0.993513 0.113174 -0.011116 -0.0 -0.113475 0.980243 -0.162011 0.158031 -0.007439 0.162221 0.986726 0.0 0.0 0.0 0.0 1.0
RightHandIndex2 0.997832 0.065817 2.74E-4 -0.004024 -0.064902 0.984636 -0.162107 0.097524 -0.010939 0.161738 0.986773 0.0 0.0 0.0 0.0 1.0
RightHandIndex3 0.993498 -0.113131 0.012755 -0.00207 0.113796 0.990167 -0.081358 0.063464 -0.003425 0.082281 0.996603 -0.0 0.0 0.0 0.0 1.0
LeftUpLeg -0.98105 0.146465 0.126845 0.0977 -0.026639 -0.750403 0.660444 -0.043973 0.191917 0.644549 0.740084 -0.001965 0.0 0.0 0.0 1.0
LeftLeg 0.980724 -0.184046 0.065633 -0.0 -0.00714 0.301915 0.953308 0.246388 -0.195269 -0.935401 0.294781 -0.0 0.0 0.0 0.0 1.0
LeftFoot 0.999741 -0.02001 0.010854 0.0 0.01938 0.498026 -0.866946 0.16968 0.011942 0.866931 0.498284 -0.0 0.0 0.0 0.0 1.0
LeftToeBase 0.999517 -0.030411 -0.006349 -0.0 0.002896 0.294692 -0.955588 0.243202 0.030932 0.955108 0.294637 0.0 0.0 0.0 0.0 1.0
RightUpLeg -0.966863 0.144759 -0.210288 -0.0977 -0.152579 -0.98806 0.02136 -0.043973 -0.204685 0.052738 0.977406 5.92E-4 0.0 0.0 0.0 1.0
RightLeg 0.99986 -0.008283 -0.014555 0.0 0.011763 0.965969 0.25839 0.246349 0.011919 -0.258525 0.965931 0.0 0.0 0.0 0.0 1.0
RightFoot 0.997917 0.052942 -0.036857 -0.0 -0.058988 0.517672 -0.853543 0.16968 -0.026108 0.853939 0.519717 0.0 0.0 0.0 0.0 1.0
RightToeBase 0.999931 0.009587 0.006846 -0.0 -2.75E-4 0.599968 -0.800024 0.23915 -0.011777 0.799967 0.599929 0.0 0.0 0.0 0.0 1.0
Time 0.166667
Hips 0.958405 0.180272 0.221274 0.012143 -0.151679 0.978441 -0.140168 0.631632 -0.241772 0.100775 0.965086 0.015861 0.0 0.0 0.0 1.0
Spine 0.991127 -0.11441 -0.067658 0.0 0.128933 0.951244 0.280198 0.079014 0.032302 -0.286436 0.957555 -0.005064 0.0 0.0 0.0 1.0
Spine1 0.999267 -0.037994 -0.004706 0.0 0.037579 0.99691 -0.068979 0.092373 0.007312 0.068752 0.997607 0.0 0.0 0.0 0.0 1.0
Spine2 0.999277 -0.037706 -0.004855 0.0 0.037282 0.996918 -0.069027 0.105569 0.007443 0.068796 0.997603 0.0 0.0 0.0 0.0 1.0
Neck 0.998458 -0.009513 -0.054684 0.0 0.002205 0.991225 -0.13217 0.118765 0.055461 0.131845 0.989718 0.0 0.0 0.0 0.0 1.0
Head 0.973739 5.94E-4 -0.227668 0.0 -0.035046 0.988469 -0.147313 0.099545 0.224956 0.151423 0.962531 0.01125 0.0 0.0 0.0 1.0
LeftShoulder -0.165928 0.967776 -0.189416 0.062099 -0.044872 -0.199289 -0.978913 0.101413 -0.985116 -0.15393 0.076494 -0.004463 0.0 0.0 0.0 1.0
LeftArm 0.462418 -0.763172 0.451373 -0.0 0.824542 0.557321 0.09759 0.128815 -0.326038 0.327049 0.886983 -0.0 0.0 0.0 0.0 1.0
LeftForeArm -0.340862 -0.932399 0.120191 0.0 0.932436 -0.35161 -0.083269 0.103474 0.1199 0.083687 0.989252 -0.0 0.0 0.0 0.0 1.0
LeftHand 0.336682 -0.726079 0.599545 0.0 0.036395 0.646276 0.762235 0.18395 -0.940915 -0.234811 0.244016 0.0 0.0 0.0 0.0 1.0
LeftHandThumb1 0.921385 -0.38177 0.072806 -0.06798 0.386627 0.919451 -0.071621 0.068509 -0.039598 0.094139 0.994771 -0.0 0.0 0.0 0.0 1.0
LeftHandThumb2 0.994034 0.097336 -0.049221 -0.012491 -0.103688 0.983314 -0.149475 0.076193 0.03385 0.153687 0.98754 0.0 0.0 0.0 0.0 1.0
LeftHandThumb3 0.993899 -0.108356 -0.020573 7.14E-4 0.108213 0.994096 -0.007969 0.071887 0.021315 0.005694 0.999757 0.0 0.0 0.0 0.0 1.0
LeftHandIndex1 0.995647 -0.093151 0.003133 0.0 0.093104 0.992457 -0.079759 0.159393 0.004321 0.079704 0.996809 -0.0 0.0 0.0 0.0 1.0
LeftHandIndex2 0.997833 0.065777 -0.001812 0.005707 -0.065712 0.994664 -0.079528 0.097046 -0.003429 0.079475 0.996831 -0.0 0.0 0.0 0.0 1.0
LeftHandIndex3 0.999981 -0.006055 0.001203 -0.00285 0.006098 0.99919 -0.039785 0.066722 -9.61E-4 0.039791 0.999208 -0.0 0.0 0.0 0.0 1.0
RightShoulder -0.216867 -0.898554 0.381536 -0.062099 -0.002261 -0.390374 -0.920654 0.10136 0.976199 -0.200522 0.082628 -0.003625 0.0 0.0 0.0 1.0
RightArm 0.881756 -0.230466 0.411573 -0.0 0.385776 0.854427 -0.34804 0.128739 -0.271448 0.465661 0.842304 -0.0 0.0 0.0 0.0 1.0
RightForeArm -0.120542 0.988356 -0.09285 -0.0 -0.988276 -0.128306 -0.082751 0.103393 -0.093701 0.081786 0.992235 -0.0 0.0 0.0 0.0 1.0
RightHand 0.477696 -0.441087 -0.759769 0.0 0.176025 0.895341 -0.409121 0.183952 0.86071 0.061697 0.505343 0.0 0.0 0.0 0.0 1.0
RightHandThumb1 0.984356 0.172102 -0.037727 0.068056 -0.176046 0.969362 -0.171307 0.067975 0.007089 0.175269 0.984495 0.0 0.0 0.0 0.0 1.0
RightHandThumb2 0.820314 -0.497378 0.282311 0.01197 0.568008 0.766123 -0.300704 0.076014 -0.066721 0.407027 0.910976 -0.0 0.0 0.0 0.0 1.0
RightHandThumb3 0.98916 -0.09413 0.112699 -5.68E-4 0.104435 0.990513 -0.089315 0.072121 -0.103223 0.100117 0.989607 -0.0 0.0 0.0 0.0 1.0
RightHandIndex1 0.993513 0.113174 -0.011116 -0.0 -0.113475 0.980243 -0.162011 0.158031 -0.007439 0.162222 0.986726 0.0 0.0 0.0 0.0 1.0
RightHandIndex2 0.997832 0.065816 2.74E-4 -0.004024 -0.064901 0.984637 -0.162107 0.097524 -0.010939 0.161738 0.986773 0.0 0.0 0.0 0.0 1.0
RightHandIndex3 0.993498 -0.113131 0.012755 -0.00207 0.113797 0.990167 -0.081358 0.063464 -0.003425 0.082281 0.996603 -0.0 0.0 0.0 0.0 1.0
LeftUpLeg -0.97576 0.208325 0.067036 0.0977 -0.102371 -0.705237 0.701542 -0.043973 0.193425 0.677674 0.709468 -0.001965 0.0 0.0 0.0 1.0
LeftLeg 0.972961 -0.222343 -0.062539 0.0 0.121762 0.263677 0.956895 0.246388 -0.196269 -0.938636 0.28362 0.0 0.0 0.0 0.0 1.0
LeftFoot 0.99718 0.028634 -0.069368 -0.0 -0.073912 0.534802 -0.841739 0.16968 0.012996 0.844492 0.53541 0.0 0.0 0.0 0.0 1.0
LeftToeBase 0.999273 -0.029187 -0.024527 0.0 -0.013719 0.324963 -0.945627 0.243202 0.03557 0.945276 0.324326 0.0 0.0 0.0 0.0 1.0
RightUpLeg -0.966619 0.166693 -0.194579 -0.0977 -0.166421 -0.985893 -0.017863 -0.043973 -0.194812 0.015115 0.980724 5.92E-4 0.0 0.0 0.0 1.0
RightLeg 0.997683 -0.012979 -0.066783 0.0 0.021882 0.990691 0.134359 0.246349 0.064418 -0.135509 0.98868 0.0 0.0 0.0 0.0 1.0
RightFoot 0.997258 0.060873 -0.042075 -0.0 -0.069966 0.590532 -0.803975 0.16968 -0.024094 0.804715 0.593172 0.0 0.0 0.0 0.0 1.0
RightToeBase 0.999923 0.010248 0.00693 -0.0 -4.57E-4 0.590403 -0.807109 0.23915 -0.012363 0.807044 0.590362 0.0 0.0 0.0 0.0 1.0
Time 0.2
Hips 0.975902 0.178235 0.12589 0.013338 -0.161815 0.978156 -0.130486 0.632598 -0.146397 0.106971 0.983425 0.017187 0.0 0.0 0.0 1.0
Spine 0.990353 -0.117408 -0.073591 0.0 0.133621 0.949796 0.282901 0.079014 0.036682 -0.290005 0.956322 -0.005064 0.0 0.0 0.0 1.0
Spine1 0.998198 -0.059797 -0.004929 0.0 0.0592 0.994936 -0.08123 0.092373 0.009761 0.080792 0.996683 -0.0 0.0 0.0 0.0 1.0
Spine2 0.998216 -0.059373 -0.006341 0.0 0.058661 0.994952 -0.081427 0.105569 0.011144 0.080909 0.996659 0.0 0.0 0.0 0.0 1.0
Neck 0.997931 0.054103 -0.034726 0.0 -0.057478 0.992814 -0.104964 0.118765 0.028797 0.106743 0.99387 0.0 0.0 0.0 0.0 1.0
Head 0.990585 -0.005836 -0.136777 0.0 -0.015613 0.987756 -0.155222 0.099545 0.136008 0.155896 0.978365 0.01125 0.0 0.0 0.0 1.0
LeftShoulder -0.289952 0.932963 -0.213326 0.062099 -0.092974 -0.249306 -0.963951 0.101413 -0.952515 -0.259666 0.159028 -0.004463 0.0 0.0 0.0 1.0
LeftArm 0.432673 -0.750944 0.498877 0.0 0.788984 0.583146 0.193509 0.128815 -0.436232 0.309879 0.844794 -0.0 0.0 0.0 0.0 1.0
LeftForeArm -0.358941 -0.925378 0.121805 0.0 0.925415 -0.369833 -0.082642 0.103474 0.121523 0.083057 0.989108 0.0 0.0 0.0 0.0 1.0
LeftHand 0.404777 -0.746448 0.528176 0.0 0.170841 0.629174 0.758257 0.18395 -0.898314 -0.216691 0.382199 0.0 0.0 0.0 0.0 1.0
LeftHandThumb1 0.921236 -0.382125 0.072838 -0.06798 0.386976 0.91932 -0.071413 0.068509 -0.039673 0.093975 0.994784 -0.0 0.0 0.0 0.0 1.0
LeftHandThumb2 0.994034 0.097336 -0.049221 -0.012491 -0.103688 0.983314 -0.149475 0.076193 0.03385 0.153687 0.98754 0.0 0.0 0.0 0.0 1.0
LeftHandThumb3 0.993899 -0.108356 -0.020573 7.14E-4 0.108213 0.994096 -0.007969 0.071887 0.021315 0.005694 0.999757 0.0 0.0 0.0 0.0 1.0
LeftHandIndex1 0.994743 -0.102327 0.003969 -0.0 0.102204 0.989622 -0.101007 0.159393 0.006407 0.100881 0.994878 -0.0 0.0 0.0 0.0 1.0
LeftHandIndex2 0.998414 0.056258 -0.002227 0.005707 -0.056195 0.993283 -0.10115 0.097046 -0.003479 0.101114 0.994869 -0.0 0.0 0.0 0.0 1.0
LeftHandIndex3 0.99994 -0.010775 0.001872 -0.00285 0.010856 0.998659 -0.050614 0.066722 -0.001325 0.050631 0.998717 0.0 0.0 0.0 0.0 1.0
RightShoulder -0.150084 -0.914966 0.374582 -0.062099 -0.008859 -0.377614 -0.925921 0.10136 0.988634 -0.142284 0.048568 -0.003625 0.0 0.0 0.0 1.0
RightArm 0.900251 -0.065197 0.430463 -0.0 0.261977 0.870813 -0.415996 0.128739 -0.347731 0.487272 0.80103 -0.0 0.0 0.0 0.0 1.0
RightForeArm -0.093156 0.991525 -0.090556 0.0 -0.991444 -0.100731 -0.083016 0.103393 -0.091434 0.082048 0.992425 0.0 0.0 0.0 0.0 1.0
RightHand 0.45743 -0.500668 -0.734908 0.0 0.172365 0.860686 -0.479071 0.183952 0.872381 0.092469 0.480001 -0.0 0.0 0.0 0.0 1.0
RightHandThumb1 0.978044 0.203892 -0.043097 0.068056 -0.208161 0.965647 -0.155548 0.067975 0.009902 0.161104 0.986888 0.0 0.0 0.0 0.0 1.0
RightHandThumb2 0.854687 -0.455299 0.249427 0.01197 0.514586 0.806522 -0.291074 0.076014 -0.068642 0.377128 0.923614 -0.0 0.0 0.0 0.0 1.0
RightHandThumb3 0.992935 -0.065838 0.098721 -5.68E-4 0.073722 0.994187 -0.078464 0.072121 -0.092982 0.085188 0.992017 -0.0 0.0 0.0 0.0 1.0
RightHandIndex1 0.993513 0.113174 -0.011116 -0.0 -0.113475 0.980243 -0.162011 0.158031 -0.007439 0.162221 0.986726 0.0 0.0 0.0 0.0 1.0
RightHandIndex2 0.997832 0.065817 2.74E-4 -0.004024 -0.064902 0.984637 -0.162107 0.097524 -0.010939 0.161738 0.986773 0.0 0.0 0.0 0.0 1.0
RightHandIndex3 0.993498 -0.113131 0.012755 -0.00207 0.113796 0.990167 -0.081358 0.063464 -0.003425 0.082281 0.996603 0.0 0.0 0.0 0.0 1.0
LeftUpLeg -0.961349 0.274472 0.021741 0.0977 -0.195539 -0.736203 0.647897 -0.043973 0.193835 0.618604 0.761418 -0.001965 0.0 0.0 0.0 1.0
LeftLeg 0.972573 -0.225683 -0.056299 -0.0 0.124857 0.302326 0.944992 0.246388 -0.196248 -0.926103 0.322212 0.0 0.0 0.0 0.0 1.0
LeftFoot 0.995245 0.036247 -0.090408 -0.0 -0.096859 0.466319 -0.879298 0.16968 0.010288 0.883874 0.467612 0.0 0.0 0.0 0.0 1.0
LeftToeBase 0.998837 -0.025577 -0.040868 0.0 -0.027228 0.400293 -0.915983 0.243202 0.039787 0.91603 0.399131 0.0 0.0 0.0 0.0 1.0
RightUpLeg -0.972535 0.171152 -0.157742 -0.0977 -0.17946 -0.982955 0.039919 -0.043973 -0.148221 0.067131 0.986673 5.92E-4 0.0 0.0 0.0 1.0
RightLeg 0.992552 -0.004491 -0.121738 0.0 0.033292 0.97128 0.2356 0.246349 0.117183 -0.237898 0.964195 -0.0 0.0 0.0 0.0 1.0
RightFoot 0.991694 0.097146 -0.08429 -0.0 -0.124188 0.552755 -0.824038 0.16968 -0.03346 0.827662 0.560229 0.0 0.0 0.0 0.0 1.0
RightToeBase 0.999929 0.009726 0.006864 -0.0 -3.14E-4 0.597964 -0.801523 0.23915 -0.0119 0.801464 0.597924 0.0 0.0 0.0 0.0 1.0
Time 0.233333
Hips 0.984203 0.174261 0.031268 0.016371 -0.16956 0.978589 -0.116676 0.631991 -0.05093 0.109531 0.992678 0.018513 0.0 0.0 0.0 1.0
Spine 0.98899 -0.132707 -0.065484 0.0 0.1459 0.9484 0.281516 0.079014 0.024746 -0.28797 0.95732 -0.005064 0.0 0.0 0.0 1.0
Spine1 0.99753 -0.070184 -0.00291 -0.0 0.069629 0.993409 -0.091047 0.092373 0.009281 0.090619 0.995842 0.0 0.0 0.0 0.0 1.0
Spine2 0.99754 -0.069896 -0.005262 0.0 0.069126 0.993428 -0.091225 0.105569 0.011603 0.090637 0.995816 0.0 0.0 0.0 0.0 1.0
Neck 0.995034 0.09803 -0.017232 0.0 -0.099095 0.991925 -0.079156 0.118765 0.009333 0.080471 0.996713 0.0 0.0 0.0 0.0 1.0
Head 0.997903 0.00222 -0.064691 0.0 -0.012347 0.98759 -0.156565 0.099545 0.06354 0.157035 0.985547 0.01125 0.0 0.0 0.0 1.0
LeftShoulder -0.397561 0.889029 -0.227097 0.062099 -0.123736 -0.297179 -0.94677 0.101413 -0.909195 -0.348299 0.228151 -0.004463 0.0 0.0 0.0 1.0
LeftArm 0.428539 -0.715986 0.551107 0.0 0.728475 0.634623 0.258027 0.128815 -0.534488 0.290893 0.793538 -0.0 0.0 0.0 0.0 1.0
LeftForeArm -0.364199 -0.923259 0.122275 0.0 0.923296 -0.375134 -0.082453 0.103474 0.121995 0.082867 0.989065 0.0 0.0 0.0 0.0 1.0
LeftHand 0.467297 -0.763407 0.445919 -0.0 0.32155 0.616589 0.718626 0.18395 -0.823552 -0.192426 0.533604 0.0 0.0 0.0 0.0 1.0
LeftHandThumb1 0.921004 -0.382674 0.072887 -0.06798 0.387502 0.919152 -0.070726 0.068509 -0.039929 0.093383 0.994829 -0.0 0.0 0.0 0.0 1.0
LeftHandThumb2 0.994034 0.097336 -0.049221 -0.012491 -0.103688 0.983314 -0.149475 0.076193 0.03385 0.153687 0.98754 0.0 0.0 0.0 0.0 1.0
LeftHandThumb3 0.993899 -0.108356 -0.020573 7.14E-4 0.108212 0.994096 -0.007968 0.071887 0.021315 0.005693 0.999757 0.0 0.0 0.0 0.0 1.0
LeftHandIndex1 0.992128 -0.125041 0.006906 0.0 0.124612 0.980236 -0.153652 0.159393 0.012443 0.153303 0.988101 -0.0 0.0 0.0 0.0 1.0
LeftHandIndex2 0.999462 0.032709 -0.002364 0.005707 -0.032682 0.987478 -0.154335 0.097046 -0.002714 0.154329 0.988016 -0.0 0.0 0.0 0.0 1.0
LeftHandIndex3 0.999742 -0.022399 0.003745 -0.00285 0.022622 0.99675 -0.077319 0.066722 -0.002001 0.077384 0.996999 0.0 0.0 0.0 0.0 1.0
RightShoulder -0.086397 -0.926788 0.365512 -0.062099 -0.015381 -0.365599 -0.930645 0.10136 0.996142 -0.086027 0.017332 -0.003625 0.0 0.0 0.0 1.0
RightArm 0.899954 0.083569 0.427902 -0.0 0.155129 0.855851 -0.49341 0.128739 -0.407454 0.510426 0.757262 0.0 0.0 0.0 0.0 1.0
RightForeArm -0.081713 0.99262 -0.089598 0.0 -0.99254 -0.089208 -0.083108 0.103393 -0.090487 0.082139 0.992505 0.0 0.0 0.0 0.0 1.0
RightHand 0.431226 -0.543484 -0.720187 0.0 0.138536 0.828637 -0.542373 0.183952 0.891545 0.134113 0.432622 0.0 0.0 0.0 0.0 1.0
RightHandThumb1 0.961319 0.270349 -0.052697 0.068056 -0.27489 0.95374 -0.121716 0.067975 0.017354 0.131494 0.991165 0.0 0.0 0.0 0.0 1.0
RightHandThumb2 0.913298 -0.362751 0.1852 0.01197 0.401863 0.876578 -0.264798 0.076014 -0.066287 0.316265 0.946352 0.0 0.0 0.0 0.0 1.0
RightHandThumb3 0.997392 -0.008475 0.071678 -5.68E-4 0.012468 0.998384 -0.055446 0.072121 -0.071092 0.056195 0.995886 0.0 0.0 0.0 0.0 1.0
RightHandIndex1 0.993513 0.113174 -0.011116 -0.0 -0.113475 0.980243 -0.162011 0.158031 -0.007439 0.162221 0.986726 0.0 0.0 0.0 0.0 1.0
RightHandIndex2 0.997832 0.065817 2.74E-4 -0.004024 -0.064902 0.984637 -0.162107 0.097524 -0.010939 0.161738 0.986773 0.0 0.0 0.0 0.0 1.0
RightHandIndex3 0.993498 -0.113132 0.012755 -0.00207 0.113797 0.990167 -0.081358 0.063464 -0.003425 0.082281 0.996603 0.0 0.0 0.0 0.0 1.0
LeftUpLeg -0.947952 0.317705 -0.021229 0.0977 -0.265948 -0.753331 0.601469 -0.043973 0.175097 0.575809 0.798614 -0.001965 0.0 0.0 0.0 1.0
LeftLeg 0.967299 -0.230587 -0.105653 -0.0 0.178132 0.321066 0.930154 0.246388 -0.18056 -0.918557 0.351641 -0.0 0.0 0.0 0.0 1.0
LeftFoot 0.993386 0.047573 -0.1045 -0.0 -0.114753 0.442241 -0.889525 0.16968 0.003897 0.895634 0.444775 0.0 0.0 0.0 0.0 1.0
LeftToeBase 0.998983 -0.023991 -0.038165 -0.0 -0.024426 0.423483 -0.905575 0.243202 0.037888 0.905586 0.422467 -0.0 0.0 0.0 0.0 1.0
RightUpLeg -0.97658 0.173947 -0.126628 -0.0977 -0.185786 -0.978593 0.088537 -0.043973 -0.108517 0.109989 0.987991 5.92E-4 0.0 0.0 0.0 1.0
RightLeg 0.987203 0.011694 -0.159038 0.0 0.04181 0.943438 0.328901 0.246349 0.153889 -0.331341 0.930876 -0.0 0.0 0.0 0.0 1.0
RightFoot 0.98635 0.105814 -0.126163 0.0 -0.162907 0.515507 -0.841258 0.16968 -0.023979 0.850327 0.525708 -0.0 0.0 0.0 0.0 1.0
RightToeBase 0.999932 0.009434 0.006825 -0.0 -2.32E-4 0.602172 -0.798366 0.23915 -0.011642 0.798311 0.602133 0.0 0.0 0.0 0.0 1.0
Time 0.266667
Hips 0.986809 0.154077 -0.049684 0.021559 -0.158288 0.982669 -0.096472 0.631261 0.033959 0.103064 0.994095 0.018461 0.0 0.0 0.0 1.0
Spine 0.983078 -0.182791 -0.012002 0.0 0.178944 0.944237 0.276397 0.079014 -0.03919 -0.273867 0.960969 -0.005064 0.0 0.0 0.0 1.0
Spine1 0.999226 -0.038736 0.0069 -0.0 0.039189 0.995449 -0.08686 0.092373 -0.003504 0.087063 0.996197 -0.0 0.0 0.0 0.0 1.0
Spine2 0.999214 -0.039323 0.004917 0.0 0.039602 0.995435 -0.086838 0.105569 -0.00148 0.086965 0.99621 -0.0 0.0 0.0 0.0 1.0
Neck 0.996359 0.084436 -0.011783 0.0 -0.085148 0.992473 -0.088018 0.118765 0.004262 0.088701 0.996049 0.0 0.0 0.0 0.0 1.0
Head 0.998258 0.02298 -0.054347 0.0 -0.030466 0.989514 -0.141191 0.099545 0.050533 0.142601 0.98849 0.01125 0.0 0.0 0.0 1.0
LeftShoulder -0.44422 0.8665 -0.227698 0.062099 -0.132736 -0.314999 -0.939764 0.101413 -0.88603 -0.387239 0.254945 -0.004463 0.0 0.0 0.0 1.0
LeftArm 0.465806 -0.663138 0.585894 -0.0 0.657706 0.702408 0.272114 0.128815 -0.591986 0.258594 0.763336 -0.0 0.0 0.0 0.0 1.0
LeftForeArm -0.354605 -0.927099 0.121418 0.0 0.927136 -0.365463 -0.082796 0.103474 0.121134 0.083211 0.989142 0.0 0.0 0.0 0.0 1.0
LeftHand 0.495583 -0.77476 0.392613 0.0 0.418916 0.609187 0.67335 0.18395 -0.760859 -0.169229 0.626462 0.0 0.0 0.0 0.0 1.0
LeftHandThumb1 0.92028 -0.384388 0.073017 -0.06798 0.389138 0.918623 -0.06859 0.068509 -0.04071 0.091535 0.994969 -0.0 0.0 0.0 0.0 1.0
LeftHandThumb2 0.994034 0.097336 -0.049221 -0.012491 -0.103688 0.983314 -0.149475 0.076193 0.03385 0.153687 0.98754 0.0 0.0 0.0 0.0 1.0
LeftHandThumb3 0.993899 -0.108356 -0.020573 7.14E-4 0.108213 0.994096 -0.007969 0.071887 0.021315 0.005694 0.999757 0.0 0.0 0.0 0.0 1.0
LeftHandIndex1 0.986652 -0.162202 0.014455 0.0 0.160902 0.957359 -0.239948 0.159393 0.025082 0.239071 0.970678 -0.0 0.0 0.0 0.0 1.0
LeftHandIndex2 0.999982 -0.005983 1.61E-4 0.005707 0.005846 0.970563 -0.240775 0.097046 0.001285 0.240771 0.970581 0.0 0.0 0.0 0.0 1.0
LeftHandIndex3 0.999115 -0.041396 0.0075 -0.00285 0.042 0.991754 -0.121077 0.066722 -0.002426 0.121284 0.992615 -0.0 0.0 0.0 0.0 1.0
RightShoulder -0.03986 -0.933459 0.356463 -0.062099 -0.020053 -0.355928 -0.934298 0.10136 0.999004 -0.044389 -0.004532 -0.003625 0.0 0.0 0.0 1.0
RightArm 0.896703 0.158756 0.413183 -0.0 0.112397 0.821203 -0.559457 0.128739 -0.428124 0.548108 0.718532 0.0 0.0 0.0 0.0 1.0
RightForeArm -0.096928 0.991134 -0.090872 0.0 -0.991054 -0.104528 -0.082983 0.103393 -0.091746 0.082016 0.992399 0.0 0.0 0.0 0.0 1.0
RightHand 0.424211 -0.547244 -0.721505 0.0 0.07453 0.815143 -0.574446 0.183952 0.902491 0.189912 0.386579 0.0 0.0 0.0 0.0 1.0
RightHandThumb1 0.93279 0.355113 -0.061628 0.068056 -0.359164 0.930113 -0.076751 0.067975 0.030065 0.093727 0.995144 0.0 0.0 0.0 0.0 1.0
RightHandThumb2 0.961206 -0.249363 0.117907 0.01197 0.270467 0.935962 -0.225437 0.076014 -0.054141 0.248581 0.967097 0.0 0.0 0.0 0.0 1.0
RightHandThumb3 0.9975 0.055806 0.043356 -5.68E-4 -0.054619 0.998112 -0.028094 0.072121 -0.044842 0.025655 0.998665 -0.0 0.0 0.0 0.0 1.0
RightHandIndex1 0.993513 0.113174 -0.011116 -0.0 -0.113475 0.980243 -0.162011 0.158031 -0.007439 0.162221 0.986726 0.0 0.0 0.0 0.0 1.0
RightHandIndex2 0.997832 0.065816 2.74E-4 -0.004024 -0.064901 0.984637 -0.162107 0.097524 -0.010939 0.161738 0.986773 0.0 0.0 0.0 0.0 1.0
RightHandIndex3 0.993498 -0.113131 0.012755 -0.00207 0.113796 0.990167 -0.081358 0.063464 -0.003425 0.082281 0.996603 0.0 0.0 0.0 0.0 1.0
LeftUpLeg -0.958494 0.284007 -0.025098 0.0977 -0.255352 -0.815953 0.518668 -0.043973 0.126827 0.503549 0.854607 -0.001965 0.0 0.0 0.0 1.0
LeftLeg 0.929754 -0.239711 -0.279457 0.0 0.354585 0.378613 0.85494 0.246388 -0.099132 -0.893975 0.437014 0.0 0.0 0.0 0.0 1.0
LeftFoot 0.996225 0.028661 -0.081942 0.0 -0.086467 0.411472 -0.907312 0.16968 0.007712 0.910972 0.412396 0.0 0.0 0.0 0.0 1.0
LeftToeBase 0.999743 -0.021277 -0.007817 0.0 0.002544 0.447995 -0.894032 0.243202 0.022525 0.893783 0.447934 0.0 0.0 0.0 0.0 1.0
