Root_Bone_Name Hips
Num_Keyframes 22
Num_Bones 34
Time_Wrapping_Mode LOOP
Time 0.0
Hips 0.994858 0.026536 0.097742 -0.005998 0.096498 0.044706 -0.994329 0.621492 -0.030756 0.998648 0.041916 0.024437 0.0 0.0 0.0 1.0
Spine 0.998629 -0.030448 0.042575 -0.0 0.035078 0.993021 -0.112602 0.090819 -0.038849 0.113941 0.992728 0.001036 0.0 0.0 0.0 1.0
Spine1 0.997417 0.036065 -0.062121 -0.0 -0.046533 0.983232 -0.176321 0.105963 0.054721 0.178756 0.982371 0.0 0.0 0.0 0.0 1.0
Spine2 0.998157 0.019492 -0.057475 -0.0 -0.029639 0.982969 -0.181363 0.1211 0.052961 0.182732 0.981735 0.0 0.0 0.0 0.0 1.0
Neck 0.98973 -0.09046 0.11069 0.0 0.039119 0.916148 0.398928 0.136238 -0.137495 -0.390501 0.910277 -0.0 0.0 0.0 0.0 1.0
Head 0.942781 0.148016 -0.298755 0.0 0.047043 0.828035 0.558699 0.048508 0.330076 -0.540786 0.773693 0.01342 0.0 0.0 0.0 1.0
LeftShoulder 0.401716 0.915762 -0.001855 0.074603 0.076955 -0.035776 -0.996393 0.120279 -0.912525 0.400124 -0.084844 2.36E-4 0.0 0.0 0.0 1.0
LeftArm 0.635488 -0.714716 -0.292124 0.0 0.536547 0.680846 -0.498563 0.157184 0.555222 0.160093 0.816148 -0.0 0.0 0.0 0.0 1.0
LeftForeArm 0.809434 -0.544272 0.220422 -0.0 0.468783 0.824996 0.315634 0.243319 -0.353638 -0.152154 0.922924 0.0 0.0 0.0 0.0 1.0
LeftHand 0.835247 -0.382147 -0.395382 0.0 0.326897 -0.233093 0.915864 0.221022 -0.442155 -0.894221 -0.069767 0.0 0.0 0.0 0.0 1.0
LeftHandThumb1 0.829331 -0.422126 0.366087 -0.026336 0.534737 0.789641 -0.300872 0.025057 -0.162072 0.445282 0.8806 0.022961 0.0 0.0 0.0 1.0
LeftHandThumb2 0.979835 0.19746 0.030541 0.00104 -0.199807 0.968043 0.151558 0.034381 3.61E-4 -0.154604 0.987976 0.0 0.0 0.0 0.0 1.0
LeftHandThumb3 0.993923 -0.109921 0.005883 -5.62E-4 0.109668 0.993414 0.033174 0.044143 -0.009491 -0.032328 0.999432 -0.0 0.0 0.0 0.0 1.0
LeftHandIndex1 0.995737 -0.042139 -0.082051 0.0 0.022531 0.973717 -0.226645 0.121989 0.089445 0.22383 0.970515 6.0E-6 0.0 0.0 0.0 1.0
LeftHandIndex2 0.972708 0.177435 -0.149517 0.001042 -0.21381 0.435112 -0.874621 0.032932 -0.090132 0.88272 0.461175 0.0 0.0 0.0 0.0 1.0
LeftHandIndex3 0.81467 0.41021 -0.409929 0.001095 -0.291901 -0.320738 -0.901067 0.03356 -0.501106 0.85373 -0.141555 0.0 0.0 0.0 0.0 1.0
RightShoulder 0.31925 -0.925381 0.204329 -0.074603 -0.040227 -0.228651 -0.972677 0.120277 0.946817 0.302307 -0.110222 1.28E-4 0.0 0.0 0.0 1.0
RightArm 0.402193 0.407546 0.819846 0.0 -0.723035 0.690718 0.011344 0.157184 -0.561659 -0.59734 0.572472 0.0 0.0 0.0 0.0 1.0
RightForeArm 0.354215 0.899844 0.254583 -0.0 -0.916227 0.388442 -0.098184 0.243323 -0.187241 -0.198478 0.962054 -0.0 0.0 0.0 0.0 1.0
RightHand 0.951091 0.187694 0.24535 -0.0 -0.291851 0.285681 0.912803 0.22105 0.101236 -0.939764 0.326488 -0.0 0.0 0.0 0.0 1.0
RightHandThumb1 0.787831 0.497175 -0.363509 0.024462 -0.561251 0.822591 -0.091332 0.024251 0.253611 0.275974 0.927103 0.019483 0.0 0.0 0.0 1.0
RightHandThumb2 0.959536 -0.179935 -0.216599 -0.002391 0.172418 0.983582 -0.053276 0.031569 0.222629 0.013775 0.974806 0.0 0.0 0.0 0.0 1.0
RightHandThumb3 0.509984 -2.7E-4 -0.860184 0.00241 0.040292 0.99891 0.023574 0.045062 0.85924 -0.046681 0.509439 -0.0 0.0 0.0 0.0 1.0
RightHandIndex1 0.999342 0.03577 -0.005946 -0.0 -0.035799 0.999347 -0.004911 0.123753 0.005766 0.00512 0.99997 1.2E-5 0.0 0.0 0.0 1.0
RightHandIndex2 0.999682 -0.02047 0.01474 -0.001174 0.020453 0.99979 0.001324 0.035274 -0.014764 -0.001022 0.99989 0.0 0.0 0.0 0.0 1.0
RightHandIndex3 0.987508 -0.156569 0.017697 -9.54E-4 0.156923 0.987392 -0.020787 0.031699 -0.014219 0.023304 0.999627 -0.0 0.0 0.0 0.0 1.0
LeftUpLeg -0.754862 0.654049 0.049017 0.075562 -0.075332 -0.160697 0.984125 -0.050384 0.651543 0.739186 0.170575 0.016543 0.0 0.0 0.0 1.0
LeftLeg 0.987744 0.094075 0.124548 0.0 -0.142802 0.222571 0.964401 0.453272 0.063005 -0.970367 0.233277 0.0 0.0 0.0 0.0 1.0
LeftFoot 0.937761 0.230416 -0.25983 0.0 -0.342632 0.491864 -0.80042 0.408386 -0.056629 0.83963 0.540199 -0.0 0.0 0.0 0.0 1.0
LeftToeBase 0.982017 0.136521 -0.130405 0.0 -0.188719 0.729308 -0.657644 0.212811 0.005323 0.670427 0.741956 -0.0 0.0 0.0 0.0 1.0
RightUpLeg -0.818783 -0.534778 -0.208822 -0.075562 -0.09363 -0.234478 0.967602 -0.050384 -0.566416 0.811808 0.141915 0.020546 0.0 0.0 0.0 1.0
RightLeg 0.924965 -0.181773 0.333764 0.0 -0.334082 0.029797 0.942073 0.453812 -0.181188 -0.982889 -0.033166 0.0 0.0 0.0 0.0 1.0
RightFoot 0.818238 -0.178178 0.54657 0.0 0.51101 -0.210113 -0.833499 0.407804 0.263353 0.961304 -0.080871 -0.0 0.0 0.0 0.0 1.0
RightToeBase 0.968694 -0.155702 -0.193361 0.0 -0.144298 0.280661 -0.948898 0.209222 0.202015 0.947093 0.249407 0.0 0.0 0.0 0.0 1.0
Time 0.033333
Hips 0.9772 0.020555 0.211325 -0.033711 0.210452 0.038027 -0.976864 0.605991 -0.028115 0.999065 0.032834 0.018495 0.0 0.0 0.0 1.0
Spine 0.99997 -0.00668 -0.004036 0.0 0.006188 0.993752 -0.111438 0.090819 0.004755 0.11141 0.993763 0.001036 0.0 0.0 0.0 1.0
Spine1 0.99131 0.062362 -0.115823 0.0 -0.081321 0.982605 -0.166954 0.105963 0.103397 0.174922 0.979138 0.0 0.0 0.0 0.0 1.0
Spine2 0.992723 0.047939 -0.11047 0.0 -0.067052 0.982033 -0.176395 0.1211 0.100029 0.182519 0.978101 -0.0 0.0 0.0 0.0 1.0
Neck 0.99202 -0.120967 0.03554 -0.0 0.097917 0.916765 0.38724 0.136238 -0.079425 -0.38067 0.921294 -0.0 0.0 0.0 0.0 1.0
Head 0.949268 0.134545 -0.284233 0.0 0.049128 0.829304 0.556634 0.048508 0.310608 -0.542359 0.780621 0.01342 0.0 0.0 0.0 1.0
LeftShoulder 0.582358 0.811749 -0.04384 0.074603 0.11026 -0.132301 -0.985058 0.120279 -0.80542 0.568823 -0.16655 2.36E-4 0.0 0.0 0.0 1.0
LeftArm 0.801674 -0.482437 -0.35295 0.0 0.328994 0.849077 -0.413317 0.157184 0.499081 0.215228 0.839402 -0.0 0.0 0.0 0.0 1.0
LeftForeArm 0.791505 -0.590586 0.157253 0.0 0.470519 0.753051 0.45992 0.243319 -0.390042 -0.290038 0.873925 0.0 0.0 0.0 0.0 1.0
LeftHand 0.794466 -0.418398 -0.44019 0.0 0.378299 -0.226081 0.897651 0.221022 -0.475094 -0.879676 -0.021334 0.0 0.0 0.0 0.0 1.0
LeftHandThumb1 0.828861 -0.439202 0.346542 -0.026336 0.535078 0.803201 -0.261838 0.025057 -0.163344 0.402454 0.900749 0.022961 0.0 0.0 0.0 1.0
LeftHandThumb2 0.981668 0.183222 0.052508 0.00104 -0.188402 0.974506 0.121834 0.034381 -0.028846 -0.129493 0.991161 0.0 0.0 0.0 0.0 1.0
LeftHandThumb3 0.995965 -0.062602 0.064301 -5.62E-4 0.068026 0.993974 -0.085959 0.044143 -0.058532 0.089986 0.994222 0.0 0.0 0.0 0.0 1.0
LeftHandIndex1 0.995866 -0.016762 -0.089271 0.0 -0.020536 0.915825 -0.401053 0.121989 0.088479 0.401229 0.911695 6.0E-6 0.0 0.0 0.0 1.0
LeftHandIndex2 0.95786 0.184693 -0.219984 0.001042 -0.242794 0.111387 -0.963662 0.032932 -0.153478 0.976464 0.151535 0.0 0.0 0.0 0.0 1.0
LeftHandIndex3 0.812821 0.397927 -0.425412 0.001095 -0.27905 -0.375062 -0.884002 0.03356 -0.511324 0.837247 -0.193817 0.0 0.0 0.0 0.0 1.0
RightShoulder 0.269609 -0.957287 0.104463 -0.074603 -0.066254 -0.126663 -0.989731 0.120277 0.960688 0.259919 -0.097574 1.28E-4 0.0 0.0 0.0 1.0
RightArm 0.391641 0.380893 0.837579 0.0 -0.773668 0.629054 0.075692 0.157184 -0.498052 -0.677651 0.541048 0.0 0.0 0.0 0.0 1.0
RightForeArm 0.538138 0.759179 0.366134 0.0 -0.754031 0.627736 -0.193349 0.243323 -0.376622 -0.172028 0.910254 -0.0 0.0 0.0 0.0 1.0
RightHand 0.959687 0.187539 0.209358 -0.0 -0.263487 0.340946 0.902402 0.22105 0.097856 -0.921187 0.376615 -0.0 0.0 0.0 0.0 1.0
RightHandThumb1 0.787831 0.497175 -0.363509 0.024462 -0.561251 0.822591 -0.091332 0.024251 0.253611 0.275974 0.927103 0.019483 0.0 0.0 0.0 1.0
RightHandThumb2 0.967757 -0.22709 -0.108976 -0.002391 0.223864 0.973752 -0.041141 0.031569 0.115459 0.015419 0.993193 0.0 0.0 0.0 0.0 1.0
RightHandThumb3 0.853625 -0.224599 -0.469977 0.00241 0.234384 0.971381 -0.038502 0.045062 0.465175 -0.077289 0.881838 0.0 0.0 0.0 0.0 1.0
RightHandIndex1 0.997548 -0.065453 0.024771 -0.0 0.067165 0.994833 -0.076127 0.123753 -0.01966 0.077604 0.99679 1.2E-5 0.0 0.0 0.0 1.0
RightHandIndex2 0.997682 -0.00658 0.067728 -0.001174 0.014703 0.992648 -0.12014 0.035274 -0.06644 0.120857 0.990444 0.0 0.0 0.0 0.0 1.0
RightHandIndex3 0.99214 -0.124556 0.012013 -9.54E-4 0.121207 0.980426 0.155156 0.031699 -0.031104 -0.15248 0.987817 0.0 0.0 0.0 0.0 1.0
LeftUpLeg -0.769877 0.634867 0.065069 0.075562 -0.02559 -0.132585 0.990841 -0.050384 0.637679 0.761161 0.118321 0.016543 0.0 0.0 0.0 1.0
LeftLeg 0.972723 0.099579 0.209507 0.0 -0.226961 0.221918 0.948283 0.453272 0.047936 -0.969967 0.238466 -0.0 0.0 0.0 0.0 1.0
LeftFoot 0.927716 0.229743 -0.294214 -0.0 -0.363808 0.37997 -0.850451 0.408386 -0.083593 0.896014 0.436087 -0.0 0.0 0.0 0.0 1.0
LeftToeBase 0.987137 0.150581 -0.053717 0.0 -0.143639 0.687794 -0.711553 0.212811 -0.0702 0.710116 0.700576 -0.0 0.0 0.0 0.0 1.0
RightUpLeg -0.804573 -0.544474 -0.237085 -0.075562 -0.047413 -0.339062 0.939568 -0.050384 -0.591957 0.767193 0.246985 0.020546 0.0 0.0 0.0 1.0
RightLeg 0.854575 -0.185644 0.485013 0.0 -0.470321 0.119384 0.874383 0.453812 -0.220227 -0.975338 0.01471 0.0 0.0 0.0 0.0 1.0
RightFoot 0.777549 -0.214764 0.591011 -0.0 0.570878 -0.152988 -0.806655 0.407804 0.263658 0.964609 0.003648 -0.0 0.0 0.0 0.0 1.0
RightToeBase 0.976265 -0.1628 -0.14284 0.0 -0.103342 0.229446 -0.96782 0.209222 0.190336 0.959609 0.207176 0.0 0.0 0.0 0.0 1.0
Time 0.066667
Hips 0.954071 0.01727 0.299083 -0.057551 0.298323 0.036654 -0.953761 0.587529 -0.027434 0.999179 0.029819 0.015265 0.0 0.0 0.0 1.0
Spine 0.998879 0.022481 -0.04165 -0.0 -0.026847 0.993851 -0.107426 0.090819 0.038979 0.108424 0.99334 0.001036 0.0 0.0 0.0 1.0
Spine1 0.987613 0.085735 -0.131413 0.0 -0.107023 0.980536 -0.164606 0.105963 0.114743 0.176632 0.977566 0.0 0.0 0.0 0.0 1.0
Spine2 0.98911 0.075488 -0.126345 -0.0 -0.097055 0.97989 -0.174344 0.1211 0.110643 0.184708 0.976546 0.0 0.0 0.0 0.0 1.0
Neck 0.98721 -0.153609 -0.042676 0.0 0.158501 0.91686 0.366396 0.136238 -0.017154 -0.368474 0.92948 -0.0 0.0 0.0 0.0 1.0
Head 0.955797 0.121553 -0.267726 0.0 0.049664 0.830723 0.554466 0.048508 0.289803 -0.543254 0.787966 0.01342 0.0 0.0 0.0 1.0
LeftShoulder 0.693276 0.683683 -0.227915 0.074603 0.046779 -0.358277 -0.932443 0.120279 -0.719152 0.635779 -0.280367 2.36E-4 0.0 0.0 0.0 1.0
LeftArm 0.898639 -0.25879 -0.354226 0.0 0.263153 0.964055 -0.036725 0.157184 0.350997 -0.060213 0.934439 -0.0 0.0 0.0 0.0 1.0
LeftForeArm 0.772418 -0.571174 0.277722 0.0 0.500931 0.816708 0.286454 0.243319 -0.390433 -0.082143 0.916959 0.0 0.0 0.0 0.0 1.0
LeftHand 0.80408 -0.401934 -0.438069 -0.0 0.325703 -0.31862 0.890168 0.221022 -0.497366 -0.858446 -0.125285 -0.0 0.0 0.0 0.0 1.0
LeftHandThumb1 0.828427 -0.455042 0.326566 -0.026336 0.53536 0.814681 -0.222903 0.025057 -0.164617 0.359489 0.918515 0.022961 0.0 0.0 0.0 1.0
LeftHandThumb2 0.98244 0.170827 0.075033 0.00104 -0.176981 0.980546 0.084893 0.034381 -0.059071 -0.096681 0.993561 0.0 0.0 0.0 0.0 1.0
LeftHandThumb3 0.993252 -0.00974 0.115569 -5.62E-4 0.036591 0.971891 -0.23257 0.044143 -0.110055 0.235229 0.965689 -0.0 0.0 0.0 0.0 1.0
LeftHandIndex1 0.995175 0.002595 -0.098083 0.0 -0.050867 0.868466 -0.493133 0.121989 0.083901 0.495742 0.864407 6.0E-6 0.0 0.0 0.0 1.0
LeftHandIndex2 0.940927 0.164945 -0.295718 0.001042 -0.248988 -0.254834 -0.934379 0.032932 -0.229481 0.952813 -0.198711 0.0 0.0 0.0 0.0 1.0
LeftHandIndex3 0.810106 0.381603 -0.445093 0.001095 -0.259326 -0.447643 -0.855784 0.03356 -0.525812 0.8087 -0.263679 0.0 0.0 0.0 0.0 1.0
RightShoulder 0.220521 -0.975382 1.37E-4 -0.074603 -0.083394 -0.018994 -0.996336 0.120277 0.971811 0.219702 -0.08553 1.28E-4 0.0 0.0 0.0 1.0
RightArm 0.489953 0.341123 0.802235 0.0 -0.683247 0.721799 0.110363 0.157184 -0.541405 -0.602197 0.586719 0.0 0.0 0.0 0.0 1.0
RightForeArm 0.541253 0.752176 0.375867 0.0 -0.758751 0.629549 -0.167228 0.243323 -0.362412 -0.194676 0.91146 -0.0 0.0 0.0 0.0 1.0
RightHand 0.998983 -0.044766 0.005425 0.0 0.007464 0.282794 0.959152 0.22105 -0.044472 -0.958135 0.282841 -0.0 0.0 0.0 0.0 1.0
RightHandThumb1 0.787831 0.497175 -0.363509 0.024462 -0.561251 0.822591 -0.091332 0.024251 0.253611 0.275974 0.927103 0.019483 0.0 0.0 0.0 1.0
RightHandThumb2 0.964988 -0.260781 -0.028116 -0.002391 0.259883 0.965111 -0.031966 0.031569 0.035472 0.02354 0.999093 -0.0 0.0 0.0 0.0 1.0
RightHandThumb3 0.913216 -0.392617 -0.109031 0.00241 0.399776 0.915061 0.053315 0.045062 0.078838 -0.092276 0.992608 0.0 0.0 0.0 0.0 1.0
RightHandIndex1 0.98905 -0.140949 0.043735 -0.0 0.145535 0.980684 -0.130685 0.123753 -0.02447 0.135619 0.990459 1.2E-5 0.0 0.0 0.0 1.0
RightHandIndex2 0.993687 0.031995 0.107532 -0.001174 -0.017445 0.990879 -0.133617 0.035274 -0.110827 0.130898 0.985182 0.0 0.0 0.0 0.0 1.0
RightHandIndex3 0.9953 -0.096672 0.005763 -9.54E-4 0.090363 0.948449 0.303775 0.031699 -0.034832 -0.301826 0.952727 0.0 0.0 0.0 0.0 1.0
LeftUpLeg -0.761152 0.648094 -0.024943 0.075562 0.043423 0.089295 0.995058 -0.050384 0.647119 0.756307 -0.096109 0.016543 0.0 0.0 0.0 1.0
LeftLeg 0.938188 0.12208 0.323882 0.0 -0.32848 0.019067 0.944318 0.453272 0.109107 -0.992337 0.05799 0.0 0.0 0.0 0.0 1.0
LeftFoot 0.932953 0.202803 -0.29744 -0.0 -0.341396 0.236251 -0.909744 0.408386 -0.114228 0.950293 0.289647 -0.0 0.0 0.0 0.0 1.0
LeftToeBase 0.985466 0.145034 0.088437 0.0 -0.018938 0.611171 -0.791272 0.212811 -0.168811 0.778097 0.605035 -0.0 0.0 0.0 0.0 1.0
RightUpLeg -0.792439 -0.540793 -0.282104 -0.075562 -0.020009 -0.439206 0.898163 -0.050384 -0.609623 0.717384 0.337223 0.020546 0.0 0.0 0.0 1.0
RightLeg 0.755162 -0.19059 0.62722 -0.0 -0.590083 0.21913 0.777035 0.453812 -0.285538 -0.9569 0.053015 0.0 0.0 0.0 0.0 1.0
RightFoot 0.750354 -0.262964 0.60648 0.0 0.617475 -0.048719 -0.785081 0.407804 0.235995 0.963575 0.125817 -0.0 0.0 0.0 0.0 1.0
RightToeBase 0.983436 -0.174818 -0.047887 -0.0 -0.024616 0.132931 -0.990819 0.209222 0.179579 0.975586 0.126426 0.0 0.0 0.0 0.0 1.0
Time 0.1
Hips 0.93643 0.01821 0.350383 -0.070492 0.349436 0.041348 -0.936048 0.57403 -0.031533 0.998979 0.032356 0.016859 0.0 0.0 0.0 1.0
Spine 0.995966 0.054562 -0.071235 0.0 -0.061823 0.992648 -0.10406 0.090819 0.065034 0.108044 0.992017 0.001036 0.0 0.0 0.0 1.0
Spine1 0.98878 0.093192 -0.116744 -0.0 -0.112937 0.977907 -0.175909 0.105963 0.097771 0.18712 0.977459 0.0 0.0 0.0 0.0 1.0
Spine2 0.989835 0.086521 -0.112875 0.0 -0.106214 0.977519 -0.182138 0.1211 0.094579 0.192275 0.976773 0.0 0.0 0.0 0.0 1.0
Neck 0.979215 -0.174696 -0.103046 -0.0 0.200049 0.915627 0.348723 0.136238 0.033431 -0.362089 0.931544 -0.0 0.0 0.0 0.0 1.0
Head 0.962978 0.099921 -0.250379 0.0 0.056412 0.833519 0.549603 0.048508 0.263613 -0.54338 0.797024 0.01342 0.0 0.0 0.0 1.0
LeftShoulder 0.651185 0.747605 -0.130557 0.074603 0.103624 -0.258007 -0.96057 0.120279 -0.751812 0.611979 -0.24548 2.36E-4 0.0 0.0 0.0 1.0
LeftArm 0.976919 -0.194421 -0.088487 0.0 0.197334 0.980008 0.025374 0.157184 0.081784 -0.04225 0.995754 -0.0 0.0 0.0 0.0 1.0
LeftForeArm 0.701497 -0.672629 0.235527 0.0 0.620979 0.739059 0.261106 0.243319 -0.349696 -0.036908 0.936136 0.0 0.0 0.0 0.0 1.0
LeftHand 0.853067 -0.410678 -0.3219 0.0 0.439271 0.232246 0.867815 0.221022 -0.281633 -0.881706 0.378521 0.0 0.0 0.0 0.0 1.0
LeftHandThumb1 0.828032 -0.469995 0.305725 -0.026336 0.535581 0.824354 -0.183286 0.025057 -0.165882 0.315507 0.934312 0.022961 0.0 0.0 0.0 1.0
LeftHandThumb2 0.982469 0.158388 0.098321 0.00104 -0.163545 0.985427 0.046759 0.034381 -0.089482 -0.062019 0.994056 0.0 0.0 0.0 0.0 1.0
LeftHandThumb3 0.987901 0.036489 0.150735 -5.62E-4 0.024219 0.923705 -0.382337 0.044143 -0.153186 0.381362 0.911645 -0.0 0.0 0.0 0.0 1.0
LeftHandIndex1 0.994568 0.006209 -0.103902 0.0 -0.040741 0.941799 -0.333699 0.121989 0.095783 0.336119 0.936936 6.0E-6 0.0 0.0 0.0 1.0
LeftHandIndex2 0.93251 0.142894 -0.331673 0.001042 -0.241379 -0.436518 -0.866711 0.032932 -0.268629 0.888275 -0.372565 0.0 0.0 0.0 0.0 1.0
LeftHandIndex3 0.811036 0.384294 -0.441066 0.001095 -0.278559 -0.409304 -0.868836 0.03356 -0.514418 0.82752 -0.224911 0.0 0.0 0.0 0.0 1.0
RightShoulder 0.281067 -0.956133 0.082534 -0.074603 -0.189778 -0.139678 -0.971841 0.120277 0.940737 0.257489 -0.220712 1.28E-4 0.0 0.0 0.0 1.0
RightArm 0.626939 0.199001 0.753224 0.0 -0.621587 0.710615 0.329629 0.157184 -0.469656 -0.674851 0.569209 0.0 0.0 0.0 0.0 1.0
RightForeArm 0.599024 0.755336 0.265777 0.0 -0.783809 0.620999 0.001721 0.243323 -0.163747 -0.20935 0.964033 -0.0 0.0 0.0 0.0 1.0
RightHand 0.85576 -0.459051 -0.238637 0.0 0.311725 0.089357 0.945961 0.22105 -0.41292 -0.883905 0.219566 -0.0 0.0 0.0 0.0 1.0
RightHandThumb1 0.787832 0.497175 -0.363509 0.024462 -0.561251 0.822591 -0.091332 0.024251 0.253611 0.275974 0.927103 0.019483 0.0 0.0 0.0 1.0
RightHandThumb2 0.963174 -0.268849 0.003956 -0.002391 0.268635 0.961576 -0.056635 0.031569 0.011422 0.055612 0.998387 0.0 0.0 0.0 0.0 1.0
RightHandThumb3 0.886107 -0.463449 0.005384 0.00241 0.460634 0.88189 0.10043 0.045062 -0.051292 -0.086511 0.99493 0.0 0.0 0.0 0.0 1.0
RightHandIndex1 0.986543 -0.16082 0.029502 0.0 0.163498 0.971843 -0.169674 0.123753 -0.001384 0.172214 0.985059 1.2E-5 0.0 0.0 0.0 1.0
RightHandIndex2 0.989305 0.087704 0.116549 -0.001174 -0.08652 0.996134 -0.015194 0.035274 -0.117431 0.004948 0.993069 0.0 0.0 0.0 0.0 1.0
RightHandIndex3 0.996749 -0.07968 -0.011962 -9.54E-4 0.077964 0.916308 0.392812 0.031699 -0.020339 -0.392467 0.919541 0.0 0.0 0.0 0.0 1.0
LeftUpLeg -0.75814 0.64615 -0.087828 0.075562 0.123173 0.274161 0.953763 -0.050384 0.640353 0.712268 -0.28744 0.016543 0.0 0.0 0.0 1.0
LeftLeg 0.907994 0.145857 0.392776 -0.0 -0.378109 -0.118607 0.918132 0.453272 0.180502 -0.98217 -0.052545 0.0 0.0 0.0 0.0 1.0
LeftFoot 0.944095 0.180979 -0.275556 0.0 -0.306615 0.174928 -0.935621 0.408386 -0.121125 0.967805 0.220639 0.0 0.0 0.0 0.0 1.0
LeftToeBase 0.985762 0.113752 0.123833 0.0 0.059063 0.455283 -0.888385 0.212811 -0.157434 0.88305 0.442082 -0.0 0.0 0.0 0.0 1.0
RightUpLeg -0.789487 -0.502767 -0.352044 -0.075562 -0.003653 -0.56972 0.821831 -0.050384 -0.613756 0.650111 0.44795 0.020546 0.0 0.0 0.0 1.0
RightLeg 0.677592 -0.190067 0.710454 -0.0 -0.608049 0.398625 0.686567 0.453812 -0.413698 -0.897203 0.154535 0.0 0.0 0.0 0.0 1.0
RightFoot 0.755288 -0.294447 0.585526 -0.0 0.624711 0.053291 -0.779035 0.407804 0.198182 0.954181 0.224194 0.0 0.0 0.0 0.0 1.0
RightToeBase 0.983541 -0.180651 0.003596 0.0 0.018433 0.080515 -0.996583 0.209222 0.179744 0.980246 0.08252 0.0 0.0 0.0 0.0 1.0
Time 0.133333
Hips 0.922289 0.021962 0.385876 -0.077871 0.384622 0.04615 -0.92192 0.568681 -0.038055 0.998693 0.034117 0.018336 0.0 0.0 0.0 1.0
Spine 0.991478 0.08597 -0.097878 0.0 -0.09573 0.99039 -0.099819 0.090819 0.088356 0.108338 0.99018 0.001036 0.0 0.0 0.0 1.0
Spine1 0.99089 0.092774 -0.097622 0.0 -0.109939 0.975906 -0.188468 0.105963 0.077785 0.197483 0.977215 0.0 0.0 0.0 0.0 1.0
Spine2 0.991474 0.08899 -0.095182 -0.0 -0.1059 0.975921 -0.19069 0.1211 0.075921 0.199144 0.977025 -0.0 0.0 0.0 0.0 1.0
Neck 0.977631 -0.168837 -0.125423 0.0 0.20311 0.912723 0.354517 0.136238 0.054621 -0.372062 0.9266 -0.0 0.0 0.0 0.0 1.0
Head 0.969477 0.060304 -0.237651 0.0 0.080216 0.837923 0.539861 0.048508 0.231689 -0.542446 0.80751 0.01342 0.0 0.0 0.0 1.0
LeftShoulder 0.566313 0.824088 -0.01294 0.074603 0.139151 -0.111075 -0.984022 0.120279 -0.812358 0.555464 -0.177576 2.36E-4 0.0 0.0 0.0 1.0
LeftArm 0.997158 -0.073046 0.01842 0.0 0.071605 0.995009 0.069489 0.157184 -0.023404 -0.067973 0.997413 -0.0 0.0 0.0 0.0 1.0
LeftForeArm 0.425967 -0.85072 0.30794 0.0 0.819433 0.507046 0.26727 0.243319 -0.383512 0.138488 0.913094 0.0 0.0 0.0 0.0 1.0
LeftHand 0.890025 -0.353149 -0.288341 0.0 0.454939 0.64667 0.612249 0.221022 -0.029754 -0.676095 0.736214 -0.0 0.0 0.0 0.0 1.0
LeftHandThumb1 0.827821 -0.47713 0.29506 -0.026336 0.535685 0.8285 -0.163185 0.025057 -0.166597 0.293147 0.941441 0.022961 0.0 0.0 0.0 1.0
LeftHandThumb2 0.981909 0.144155 0.122778 0.00104 -0.14726 0.988959 0.016558 0.034381 -0.119036 -0.034338 0.992296 0.0 0.0 0.0 0.0 1.0
LeftHandThumb3 0.982434 0.072109 0.172113 -5.62E-4 0.024723 0.863896 -0.503063 0.044143 -0.184963 0.498481 0.846939 0.0 0.0 0.0 0.0 1.0
LeftHandIndex1 0.988344 0.108068 -0.107225 -0.0 -0.129993 0.96566 -0.224951 0.121989 0.079233 0.236268 0.968452 6.0E-6 0.0 0.0 0.0 1.0
LeftHandIndex2 0.939876 0.159849 -0.301796 0.001042 -0.248757 -0.285043 -0.925673 0.032932 -0.233993 0.945092 -0.228142 0.0 0.0 0.0 0.0 1.0
LeftHandIndex3 0.830588 0.414859 -0.371505 0.001095 -0.35626 -0.116899 -0.927045 0.03356 -0.428022 0.902345 0.050703 0.0 0.0 0.0 0.0 1.0
RightShoulder 0.42523 -0.882907 0.199134 -0.074603 -0.262869 -0.331009 -0.906274 0.120277 0.866071 0.333028 -0.372844 1.28E-4 0.0 0.0 0.0 1.0
RightArm 0.768151 -0.02719 0.639691 0.0 -0.400091 0.759632 0.512725 0.157184 -0.499871 -0.649785 0.572633 0.0 0.0 0.0 0.0 1.0
RightForeArm 0.38609 0.876086 0.288806 0.0 -0.920863 0.347625 0.176543 0.243323 0.05427 -0.334112 0.94097 -0.0 0.0 0.0 0.0 1.0
RightHand 0.684221 -0.673826 -0.278928 0.0 0.43782 0.073662 0.89604 0.22105 -0.583228 -0.735209 0.345416 -0.0 0.0 0.0 0.0 1.0
RightHandThumb1 0.819899 0.507363 -0.265232 0.024462 -0.543735 0.835109 -0.083342 0.024251 0.179213 0.212548 0.960576 0.019483 0.0 0.0 0.0 1.0
RightHandThumb2 0.964841 -0.261249 0.028836 -0.002391 0.262596 0.953454 -0.148219 0.031569 0.011228 0.15058 0.988534 0.0 0.0 0.0 0.0 1.0
RightHandThumb3 0.84353 -0.536253 0.029841 0.00241 0.531057 0.841077 0.102801 0.045062 -0.080225 -0.070869 0.994254 0.0 0.0 0.0 0.0 1.0
RightHandIndex1 0.988222 -0.145006 -0.048887 -0.0 0.127601 0.957196 -0.259794 0.123753 0.084466 0.250496 0.964426 1.2E-5 0.0 0.0 0.0 1.0
RightHandIndex2 0.994033 0.003984 0.10901 -0.001174 0.02498 0.964462 -0.263039 0.035274 -0.106184 0.264192 0.958607 0.0 0.0 0.0 0.0 1.0
RightHandIndex3 0.997103 -0.071006 -0.02726 -9.54E-4 0.075734 0.893751 0.442124 0.031699 -0.00703 -0.442908 0.89654 -0.0 0.0 0.0 0.0 1.0
LeftUpLeg -0.78853 0.608282 -0.090631 0.075562 0.218105 0.414384 0.883581 -0.050384 0.575023 0.676963 -0.459424 0.016543 0.0 0.0 0.0 1.0
LeftLeg 0.899472 0.173027 0.401264 -0.0 -0.371551 -0.180497 0.910698 0.453272 0.230002 -0.968237 -0.098064 0.0 0.0 0.0 0.0 1.0
LeftFoot 0.962167 0.157296 -0.222468 -0.0 -0.254106 0.223451 -0.94101 0.408386 -0.098307 0.96194 0.254967 -0.0 0.0 0.0 0.0 1.0
LeftToeBase 0.984839 0.091059 0.147652 0.0 0.094275 0.433548 -0.896185 0.212811 -0.145621 0.896518 0.418391 0.0 0.0 0.0 0.0 1.0
RightUpLeg -0.820632 -0.486283 -0.300155 -0.075562 0.057235 -0.592544 0.803502 -0.050384 -0.568584 0.6422 0.514092 0.020546 0.0 0.0 0.0 1.0
RightLeg 0.638248 -0.198078 0.743912 0.0 -0.615106 0.449851 0.647517 0.453812 -0.462908 -0.870861 0.165278 -0.0 0.0 0.0 0.0 1.0
RightFoot 0.885747 -0.231172 0.402507 0.0 0.46416 0.446427 -0.765022 0.407804 -0.002839 0.864444 0.502722 -0.0 0.0 0.0 0.0 1.0
RightToeBase 0.986601 -0.148373 -0.067856 0.0 -0.040073 0.18279 -0.982335 0.209222 0.158156 0.971892 0.174395 0.0 0.0 0.0 0.0 1.0
Time 0.166667
Hips 0.931774 0.032092 0.361619 -0.07251 0.359929 0.048457 -0.93172 0.570493 -0.047424 0.99831 0.0336 0.02073 0.0 0.0 0.0 1.0
Spine 0.988954 0.100303 -0.109128 0.0 -0.110969 0.989128 -0.096493 0.090819 0.098263 0.107537 0.989333 0.001036 0.0 0.0 0.0 1.0
Spine1 0.993857 0.078821 -0.07769 -0.0 -0.092461 0.977137 -0.191454 0.105963 0.060823 0.197461 0.978422 0.0 0.0 0.0 0.0 1.0
Spine2 0.994049 0.077346 -0.076705 0.0 -0.090766 0.977451 -0.190659 0.1211 0.060228 0.196486 0.978655 -0.0 0.0 0.0 0.0 1.0
Neck 0.98562 -0.131331 -0.106331 -0.0 0.162864 0.906058 0.390556 0.136238 0.04505 -0.402257 0.914418 -0.0 0.0 0.0 0.0 1.0
Head 0.971127 0.001697 -0.238558 0.0 0.126472 0.844226 0.520852 0.048508 0.202281 -0.535984 0.819636 0.01342 0.0 0.0 0.0 1.0
LeftShoulder 0.456721 0.889478 -0.01531 0.074603 0.118225 -0.077745 -0.989939 0.120279 -0.881719 0.450316 -0.140666 2.36E-4 0.0 0.0 0.0 1.0
LeftArm 0.995451 0.059437 -0.07446 -0.0 -0.053308 0.995225 0.081761 0.157184 0.078964 -0.07742 0.993867 -0.0 0.0 0.0 0.0 1.0
LeftForeArm 0.067065 -0.9709 0.229902 0.0 0.884822 0.164356 0.435979 0.243319 -0.461078 0.174183 0.870096 0.0 0.0 0.0 0.0 1.0
LeftHand 0.885137 -0.342588 -0.314906 0.0 0.462736 0.719397 0.518018 0.221022 0.049076 -0.604236 0.795293 0.0 0.0 0.0 0.0 1.0
LeftHandThumb1 0.82781 -0.477626 0.294287 -0.026336 0.53569 0.828776 -0.161762 0.025057 -0.166636 0.291554 0.941928 0.022961 0.0 0.0 0.0 1.0
LeftHandThumb2 0.980806 0.126556 0.148333 0.00104 -0.127975 0.991777 2.3E-5 0.034381 -0.14711 -0.019005 0.988937 0.0 0.0 0.0 0.0 1.0
LeftHandThumb3 0.978024 0.093683 0.186261 -5.62E-4 0.033007 0.81253 -0.581985 0.044143 -0.205864 0.575343 0.791581 0.0 0.0 0.0 0.0 1.0
LeftHandIndex1 0.950129 0.295939 -0.098366 0.0 -0.310508 0.927042 -0.210186 0.121989 0.028987 0.230247 0.9727 6.0E-6 0.0 0.0 0.0 1.0
LeftHandIndex2 0.962346 0.180609 -0.203154 0.001042 -0.237098 0.192178 -0.952288 0.032932 -0.13295 0.964597 0.227764 0.0 0.0 0.0 0.0 1.0
LeftHandIndex3 0.871501 0.424714 -0.245161 0.001095 -0.423761 0.400622 -0.81236 0.03356 -0.246804 0.811862 0.52912 0.0 0.0 0.0 0.0 1.0
RightShoulder 0.567493 -0.783496 0.253151 -0.074603 -0.273615 -0.469431 -0.839506 0.120277 0.776586 0.407148 -0.480775 1.28E-4 0.0 0.0 0.0 1.0
RightArm 0.815468 -0.122776 0.565631 -0.0 -0.292217 0.756225 0.585434 0.157184 -0.499621 -0.64269 0.5808 0.0 0.0 0.0 0.0 1.0
RightForeArm 0.332339 0.900454 0.280593 0.0 -0.8856 0.195587 0.421259 0.243323 0.324444 -0.388494 0.862443 -0.0 0.0 0.0 0.0 1.0
RightHand 0.549384 -0.782511 -0.293007 -0.0 0.490496 0.018129 0.871255 0.22105 -0.676455 -0.622372 0.393778 -0.0 0.0 0.0 0.0 1.0
RightHandThumb1 0.825678 0.509375 -0.242471 0.024462 -0.540453 0.837458 -0.08108 0.024251 0.161759 0.197991 0.966765 0.019483 0.0 0.0 0.0 1.0
RightHandThumb2 0.965488 -0.258238 0.033861 -0.002391 0.26015 0.949963 -0.172892 0.031569 0.012481 0.175734 0.984359 0.0 0.0 0.0 0.0 1.0
RightHandThumb3 0.834097 -0.55079 0.03021 0.00241 0.545718 0.831926 0.100455 0.045062 -0.080462 -0.067303 0.994483 0.0 0.0 0.0 0.0 1.0
RightHandIndex1 0.987861 -0.138252 -0.070827 -0.0 0.113193 0.952919 -0.281305 0.123753 0.106384 0.269873 0.957001 1.2E-5 0.0 0.0 0.0 1.0
RightHandIndex2 0.993875 -0.023089 0.108074 -0.001174 0.05875 0.938684 -0.339737 0.035274 -0.093603 0.344006 0.93429 0.0 0.0 0.0 0.0 1.0
RightHandIndex3 0.997113 -0.069834 -0.029802 -9.54E-4 0.075773 0.89024 0.449146 0.031699 -0.004835 -0.450107 0.892961 0.0 0.0 0.0 0.0 1.0
LeftUpLeg -0.795228 0.598493 -0.097053 0.075562 0.268368 0.490986 0.828801 -0.050384 0.543683 0.63304 -0.551062 0.016543 0.0 0.0 0.0 1.0
LeftLeg 0.913243 0.196984 0.356629 0.0 -0.305764 -0.247111 0.919481 0.453272 0.26925 -0.948754 -0.165441 0.0 0.0 0.0 0.0 1.0
LeftFoot 0.970678 0.127044 -0.204069 0.0 -0.217985 0.107372 -0.970028 0.408386 -0.101325 0.986068 0.131918 0.0 0.0 0.0 0.0 1.0
LeftToeBase 0.983613 0.074266 0.164284 -0.0 0.111212 0.467271 -0.877091 0.212811 -0.141903 0.880989 0.451355 0.0 0.0 0.0 0.0 1.0
RightUpLeg -0.843832 -0.419286 -0.334885 -0.075562 0.045416 -0.677641 0.733989 -0.050384 -0.534683 0.604154 0.590857 0.020546 0.0 0.0 0.0 1.0
RightLeg 0.650493 -0.154897 0.743549 -0.0 -0.513499 0.63164 0.580818 0.453812 -0.559622 -0.75963 0.331338 0.0 0.0 0.0 0.0 1.0
RightFoot 0.951564 -0.171696 0.255043 0.0 0.301378 0.684968 -0.663317 0.407804 -0.060807 0.708053 0.703536 0.0 0.0 0.0 0.0 1.0
RightToeBase 0.988172 -0.11885 -0.096904 0.0 -0.080838 0.133259 -0.987779 0.209222 0.130311 0.983929 0.122075 0.0 0.0 0.0 0.0 1.0
Time 0.2
Hips 0.966738 0.045229 0.251737 -0.053661 0.249669 0.046776 -0.967201 0.580541 -0.055521 0.997881 0.033928 0.027821 0.0 0.0 0.0 1.0
Spine 0.990605 0.09426 -0.099084 0.0 -0.103698 0.990074 -0.094865 0.090819 0.089159 0.104249 0.990547 0.001036 0.0 0.0 0.0 1.0
Spine1 0.997458 0.052358 -0.048329 0.0 -0.06039 0.98118 -0.183409 0.105963 0.037817 0.185861 0.981848 0.0 0.0 0.0 0.0 1.0
Spine2 0.997357 0.053734 -0.048896 -0.0 -0.061732 0.981657 -0.180387 0.1211 0.038306 0.182929 0.98238 0.0 0.0 0.0 0.0 1.0
Neck 0.992205 -0.097261 -0.077911 -0.0 0.121126 0.899661 0.41945 0.136238 0.029297 -0.425617 0.904429 -0.0 0.0 0.0 0.0 1.0
Head 0.975858 -0.055679 -0.211192 0.0 0.158044 0.847416 0.506861 0.048508 0.150745 -0.528002 0.835757 0.01342 0.0 0.0 0.0 1.0
LeftShoulder 0.335984 0.924857 -0.178196 0.074603 0.04242 -0.203862 -0.97808 0.120279 -0.940912 0.32106 -0.107727 2.36E-4 0.0 0.0 0.0 1.0
LeftArm 0.936729 0.128977 -0.325427 -0.0 -0.099717 0.989448 0.105118 0.157184 0.335551 -0.066016 0.939706 -0.0 0.0 0.0 0.0 1.0
LeftForeArm -0.203146 -0.971492 -0.12221 0.0 0.853107 -0.23687 0.464867 0.243319 -0.480562 -0.009822 0.876906 0.0 0.0 0.0 0.0 1.0
LeftHand 0.845255 -0.397546 -0.357073 0.0 0.532967 0.578916 0.617092 0.221022 -0.038607 -0.711908 0.70121 0.0 0.0 0.0 0.0 1.0
LeftHandThumb1 0.827911 -0.474031 0.299763 -0.026336 0.535642 0.82674 -0.172013 0.025057 -0.166286 0.302977 0.938378 0.022961 0.0 0.0 0.0 1.0
LeftHandThumb2 0.979127 0.104359 0.174412 0.00104 -0.106151 0.99435 9.5E-4 0.034381 -0.173328 -0.019444 0.984672 0.0 0.0 0.0 0.0 1.0
LeftHandThumb3 0.974676 0.102978 0.198498 -5.62E-4 0.042191 0.787032 -0.615468 0.044143 -0.219604 0.608257 0.762756 -0.0 0.0 0.0 0.0 1.0
LeftHandIndex1 0.85748 0.504626 -0.100399 0.0 -0.512186 0.818636 -0.259809 0.121989 -0.048917 0.274204 0.960427 6.0E-6 0.0 0.0 0.0 1.0
LeftHandIndex2 0.987782 0.133827 -0.07986 0.001042 -0.153122 0.738078 -0.657111 0.032932 -0.028996 0.661311 0.749552 0.0 0.0 0.0 0.0 1.0
LeftHandIndex3 0.919187 0.371922 -0.129494 0.001095 -0.392753 0.841528 -0.370911 0.03356 -0.028977 0.391796 0.919596 0.0 0.0 0.0 0.0 1.0
RightShoulder 0.683855 -0.678019 0.269506 -0.074603 -0.243939 -0.560591 -0.791348 0.120277 0.687631 0.475424 -0.548758 1.28E-4 0.0 0.0 0.0 1.0
RightArm 0.831625 -0.081529 0.549321 0.0 -0.316319 0.743475 0.589226 0.157184 -0.456446 -0.663775 0.592503 0.0 0.0 0.0 0.0 1.0
RightForeArm 0.339984 0.923494 0.17768 0.0 -0.752981 0.154124 0.639738 0.243323 0.56341 -0.351291 0.747773 -0.0 0.0 0.0 0.0 1.0
RightHand 0.498131 -0.815494 -0.294678 0.0 0.505346 -0.00313 0.862911 0.22105 -0.704621 -0.578757 0.410547 -0.0 0.0 0.0 0.0 1.0
RightHandThumb1 0.825678 0.509375 -0.242471 0.024462 -0.540453 0.837458 -0.08108 0.024251 0.161759 0.197991 0.966765 0.019483 0.0 0.0 0.0 1.0
RightHandThumb2 0.965494 -0.258217 0.033856 -0.002391 0.260127 0.94997 -0.172891 0.031569 0.012481 0.175732 0.984359 0.0 0.0 0.0 0.0 1.0
RightHandThumb3 0.834097 -0.55079 0.03021 0.00241 0.545718 0.831926 0.100455 0.045062 -0.080462 -0.067303 0.994483 0.0 0.0 0.0 0.0 1.0
RightHandIndex1 0.987861 -0.138252 -0.070827 -0.0 0.113193 0.952919 -0.281305 0.123753 0.106384 0.269874 0.957001 1.2E-5 0.0 0.0 0.0 1.0
RightHandIndex2 0.993875 -0.023089 0.108074 -0.001174 0.05875 0.938684 -0.339737 0.035274 -0.093603 0.344006 0.93429 0.0 0.0 0.0 0.0 1.0
RightHandIndex3 0.997113 -0.069834 -0.029802 -9.54E-4 0.075773 0.890239 0.449146 0.031699 -0.004835 -0.450108 0.892961 0.0 0.0 0.0 0.0 1.0
LeftUpLeg -0.741994 0.661368 -0.109716 0.075562 0.235326 0.410185 0.881119 -0.050384 0.627747 0.627966 -0.459991 0.016543 0.0 0.0 0.0 1.0
LeftLeg 0.912437 0.196171 0.359133 0.0 -0.309809 -0.242219 0.919428 0.453272 0.267354 -0.950183 -0.160235 -0.0 0.0 0.0 0.0 1.0
LeftFoot 0.975646 0.104089 -0.193082 0.0 -0.192825 -0.012617 -0.981152 0.408386 -0.104563 0.994488 0.007761 -0.0 0.0 0.0 0.0 1.0
LeftToeBase 0.984043 0.071838 0.162787 -0.0 0.113083 0.453859 -0.883869 0.212811 -0.137378 0.888173 0.438493 -0.0 0.0 0.0 0.0 1.0
RightUpLeg -0.867692 -0.347655 -0.35531 -0.075562 -0.005433 -0.70809 0.706102 -0.050384 -0.497072 0.614609 0.612515 0.020546 0.0 0.0 0.0 1.0
RightLeg 0.788805 -0.074536 0.610107 -0.0 -0.368993 0.736419 0.567037 0.453812 -0.491559 -0.672407 0.553388 0.0 0.0 0.0 0.0 1.0
RightFoot 0.964093 -0.177065 0.197923 0.0 0.246817 0.872489 -0.421716 0.407804 -0.098014 0.455424 0.884863 0.0 0.0 0.0 0.0 1.0
RightToeBase 0.994184 0.031572 0.102961 0.0 0.098474 0.120525 -0.987814 0.209222 -0.043596 0.992208 0.116715 0.0 0.0 0.0 0.0 1.0
Time 0.233333
Hips 0.993196 0.060192 0.099696 -0.029216 0.097279 0.041831 -0.994378 0.598345 -0.064024 0.99731 0.035691 0.038553 0.0 0.0 0.0 1.0
Spine 0.993881 0.078033 -0.078173 0.0 -0.085262 0.991928 -0.093853 0.090819 0.070218 0.099944 0.992512 0.001036 0.0 0.0 0.0 1.0
Spine1 0.999674 0.020848 -0.014765 0.0 -0.023049 0.985294 -0.169303 0.105963 0.011018 0.169588 0.985453 0.0 0.0 0.0 0.0 1.0
Spine2 0.999537 0.025285 -0.016914 0.0 -0.027728 0.985961 -0.164657 0.1211 0.012513 0.16505 0.986206 0.0 0.0 0.0 0.0 1.0
Neck 0.994617 -0.088161 -0.054449 -0.0 0.103004 0.898404 0.426919 0.136238 0.01128 -0.430229 0.902649 -0.0 0.0 0.0 0.0 1.0
Head 0.986495 -0.114452 -0.117166 0.0 0.158625 0.845827 0.509329 0.048508 0.040808 -0.521036 0.852559 0.01342 0.0 0.0 0.0 1.0
LeftShoulder 0.215209 0.949779 -0.227167 0.074603 -0.004951 -0.231554 -0.97281 0.120279 -0.976556 0.210482 -0.04513 2.36E-4 0.0 0.0 0.0 1.0
LeftArm 0.795271 -0.138603 -0.590198 0.0 0.192747 0.980808 0.029385 0.157184 0.574799 -0.137128 0.806723 -0.0 0.0 0.0 0.0 1.0
LeftForeArm -0.206282 -0.966035 -0.155638 0.0 0.97113 -0.221599 0.08832 0.243319 -0.119809 -0.132926 0.983858 0.0 0.0 0.0 0.0 1.0
LeftHand 0.687077 -0.631704 -0.358993 -0.0 0.722693 0.543089 0.427515 0.221022 -0.075098 -0.553177 0.829672 0.0 0.0 0.0 0.0 1.0
LeftHandThumb1 0.82807 -0.46815 0.30844 -0.026336 0.535562 0.823228 -0.188331 0.025057 -0.16575 0.32114 0.932414 0.022961 0.0 0.0 0.0 1.0
LeftHandThumb2 0.977443 0.068148 0.199904 0.00104 -0.080067 0.995424 0.052152 0.034381 -0.195435 -0.066982 0.978427 0.0 0.0 0.0 0.0 1.0
LeftHandThumb3 0.971415 0.095524 0.21732 -5.62E-4 0.034002 0.850037 -0.525624 0.044143 -0.23494 0.517989 0.822491 0.0 0.0 0.0 0.0 1.0
LeftHandIndex1 0.820688 0.562129 -0.102376 0.0 -0.566512 0.777204 -0.273895 0.121989 -0.074397 0.28278 0.956295 6.0E-6 0.0 0.0 0.0 1.0
LeftHandIndex2 0.993916 0.09989 -0.0464 0.001042 -0.109906 0.872024 -0.476965 0.032932 -0.007183 0.479162 0.877697 0.0 0.0 0.0 0.0 1.0
LeftHandIndex3 0.935661 0.336579 -0.106077 0.001095 -0.350617 0.920751 -0.171128 0.03356 0.040072 0.19731 0.979522 0.0 0.0 0.0 0.0 1.0
RightShoulder 0.76716 -0.581593 0.270581 -0.074603 -0.195767 -0.613981 -0.764659 0.120277 0.610852 0.533645 -0.584878 1.28E-4 0.0 0.0 0.0 1.0
RightArm 0.833232 0.048215 0.550818 0.0 -0.39054 0.756518 0.524556 0.157184 -0.391412 -0.652193 0.649185 0.0 0.0 0.0 0.0 1.0
RightForeArm 0.344566 0.938637 0.015295 0.0 -0.683466 0.239659 0.68952 0.243323 0.643544 -0.248039 0.724105 -0.0 0.0 0.0 0.0 1.0
RightHand 0.625613 -0.714331 -0.313591 -0.0 0.443737 -0.004781 0.896144 0.22105 -0.641643 -0.699792 0.313984 -0.0 0.0 0.0 0.0 1.0
RightHandThumb1 0.825678 0.509375 -0.242471 0.024462 -0.540453 0.837458 -0.08108 0.024251 0.161759 0.197991 0.966765 0.019483 0.0 0.0 0.0 1.0
RightHandThumb2 0.965492 -0.258224 0.033858 -0.002391 0.260135 0.949968 -0.172892 0.031569 0.012481 0.175733 0.984359 0.0 0.0 0.0 0.0 1.0
RightHandThumb3 0.834097 -0.55079 0.03021 0.00241 0.545718 0.831926 0.100455 0.045062 -0.080462 -0.067303 0.994483 -0.0 0.0 0.0 0.0 1.0
RightHandIndex1 0.987861 -0.138252 -0.070827 -0.0 0.113193 0.952919 -0.281305 0.123753 0.106384 0.269874 0.957001 1.2E-5 0.0 0.0 0.0 1.0
RightHandIndex2 0.993875 -0.023089 0.108074 -0.001174 0.05875 0.938684 -0.339738 0.035274 -0.093603 0.344006 0.93429 0.0 0.0 0.0 0.0 1.0
RightHandIndex3 0.997113 -0.069834 -0.029802 -9.54E-4 0.075773 0.89024 0.449146 0.031699 -0.004835 -0.450108 0.892961 0.0 0.0 0.0 0.0 1.0
LeftUpLeg -0.658573 0.74385 -0.113879 0.075562 0.210887 0.327701 0.920944 -0.050384 0.722363 0.582493 -0.372684 0.016543 0.0 0.0 0.0 1.0
LeftLeg 0.949721 0.175537 0.259261 0.0 -0.215182 -0.235554 0.94774 0.453272 0.227433 -0.955877 -0.185938 0.0 0.0 0.0 0.0 1.0
LeftFoot 0.983529 0.077345 -0.163366 -0.0 -0.16376 -0.001272 -0.986499 0.408386 -0.076508 0.997004 0.011415 -0.0 0.0 0.0 0.0 1.0
LeftToeBase 0.987664 0.073832 0.138091 0.0 0.107894 0.318256 -0.941845 0.212811 -0.113487 0.945125 0.306364 0.0 0.0 0.0 0.0 1.0
RightUpLeg -0.896386 -0.288299 -0.336712 -0.075562 -0.040806 -0.702709 0.710306 -0.050384 -0.441391 0.650449 0.618134 0.020546 0.0 0.0 0.0 1.0
RightLeg 0.876761 -0.082187 0.473851 0.0 -0.244419 0.772406 0.586216 0.453812 -0.414185 -0.62979 0.657127 0.0 0.0 0.0 0.0 1.0
RightFoot 0.974014 -0.170042 0.149606 -0.0 0.20969 0.926677 -0.31193 0.407804 -0.085595 0.335195 0.938253 0.0 0.0 0.0 0.0 1.0
RightToeBase 0.992682 -0.120703 -0.003521 0.0 0.077122 0.656164 -0.750667 0.209222 0.092918 0.744902 0.660672 0.0 0.0 0.0 0.0 1.0
Time 0.266667
Hips 0.995643 0.072599 -0.058515 -0.00353 -0.061072 0.033513 -0.997571 0.611219 -0.070462 0.996798 0.0378 0.049484 0.0 0.0 0.0 1.0
Spine 0.997081 0.055934 -0.051978 0.0 -0.06063 0.993756 -0.093662 0.090819 0.046415 0.09654 0.994246 0.001036 0.0 0.0 0.0 1.0
Spine1 0.999729 -0.010669 0.020714 -0.0 0.013742 0.987908 -0.154434 0.105963 -0.018816 0.154677 0.987786 0.0 0.0 0.0 0.0 1.0
Spine2 0.999847 -0.003297 0.017166 -0.0 0.005816 0.988843 -0.14885 0.1211 -0.016483 0.148927 0.988711 0.0 0.0 0.0 0.0 1.0
Neck 0.995871 -0.08606 -0.028889 -0.0 0.090162 0.900601 0.425193 0.136238 -0.010575 -0.426042 0.904641 -0.0 0.0 0.0 0.0 1.0
Head 0.985733 -0.168235 0.005333 -0.0 0.140638 0.840619 0.52305 0.048508 -0.092479 -0.514837 0.852285 0.01342 0.0 0.0 0.0 1.0
LeftShoulder 0.118509 0.980459 -0.157019 0.074603 9.63E-4 -0.158247 -0.987399 0.120279 -0.992952 0.116865 -0.019698 2.36E-4 0.0 0.0 0.0 1.0
LeftArm 0.649539 -0.360356 -0.669509 -0.0 0.363583 0.920561 -0.142743 0.157184 0.667762 -0.150706 0.728959 -0.0 0.0 0.0 0.0 1.0
LeftForeArm -0.00798 -0.965982 -0.258488 0.0 0.996296 0.014454 -0.084771 0.243319 0.085623 -0.258207 0.962288 0.0 0.0 0.0 0.0 1.0
LeftHand 0.636463 -0.684826 -0.354863 -0.0 0.759925 0.478015 0.440472 0.221022 -0.132017 -0.550013 0.824656 0.0 0.0 0.0 0.0 1.0
LeftHandThumb1 0.828283 -0.460376 0.319376 -0.026336 0.535443 0.818276 -0.209107 0.025057 -0.165069 0.344207 0.924269 0.022961 0.0 0.0 0.0 1.0
LeftHandThumb2 0.976187 0.036864 0.213777 0.00104 -0.064523 0.990197 0.123885 0.034381 -0.207115 -0.134729 0.968995 0.0 0.0 0.0 0.0 1.0
LeftHandThumb3 0.97394 0.059687 0.218812 -5.62E-4 0.02092 0.936997 -0.348709 0.044143 -0.22584 0.3442 0.91133 -0.0 0.0 0.0 0.0 1.0
LeftHandIndex1 0.841448 0.529491 -0.107729 -0.0 -0.538762 0.806932 -0.242065 0.121989 -0.041241 0.261726 0.964261 6.0E-6 0.0 0.0 0.0 1.0
LeftHandIndex2 0.994086 0.099072 -0.044475 0.001042 -0.108347 0.877043 -0.468034 0.032932 -0.007362 0.470085 0.882591 0.0 0.0 0.0 0.0 1.0
LeftHandIndex3 0.935316 0.336237 -0.110127 0.001095 -0.351824 0.916812 -0.188882 0.03356 0.037456 0.215409 0.975805 -0.0 0.0 0.0 0.0 1.0
RightShoulder 0.817353 -0.508739 0.270405 -0.074603 -0.150886 -0.641977 -0.751731 0.120277 0.556028 0.573629 -0.601483 1.28E-4 0.0 0.0 0.0 1.0
RightArm 0.828123 0.176366 0.532079 0.0 -0.445303 0.783524 0.433354 0.157184 -0.340468 -0.595807 0.72739 -0.0 0.0 0.0 0.0 1.0
RightForeArm 0.421027 0.897764 -0.129447 0.0 -0.707038 0.414225 0.573161 0.243323 0.568184 -0.149793 0.809154 -0.0 0.0 0.0 0.0 1.0
RightHand 0.839942 -0.447275 -0.307316 0.0 0.328651 -0.031385 0.94393 0.22105 -0.431841 -0.893846 0.120636 -0.0 0.0 0.0 0.0 1.0
RightHandThumb1 0.825678 0.509375 -0.242471 0.024462 -0.540453 0.837458 -0.08108 0.024251 0.161759 0.19799 0.966765 0.019483 0.0 0.0 0.0 1.0
RightHandThumb2 0.965486 -0.258244 0.033862 -0.002391 0.260156 0.949962 -0.172893 0.031569 0.012481 0.175735 0.984358 0.0 0.0 0.0 0.0 1.0
RightHandThumb3 0.834097 -0.55079 0.03021 0.00241 0.545718 0.831926 0.100455 0.045062 -0.080462 -0.067303 0.994483 0.0 0.0 0.0 0.0 1.0
RightHandIndex1 0.987861 -0.138252 -0.070827 -0.0 0.113193 0.952919 -0.281305 0.123753 0.106384 0.269874 0.957001 1.2E-5 0.0 0.0 0.0 1.0
RightHandIndex2 0.993875 -0.023089 0.108074 -0.001174 0.05875 0.938684 -0.339737 0.035274 -0.093603 0.344006 0.93429 0.0 0.0 0.0 0.0 1.0
RightHandIndex3 0.997113 -0.069834 -0.029802 -9.54E-4 0.075773 0.890239 0.449146 0.031699 -0.004835 -0.450108 0.892961 -0.0 0.0 0.0 0.0 1.0
LeftUpLeg -0.577752 0.80956 -0.103997 0.075562 0.155612 0.234328 0.959622 -0.050384 0.801241 0.538241 -0.261361 0.016543 0.0 0.0 0.0 1.0
LeftLeg 0.977274 0.166961 0.13061 0.0 -0.096615 -0.197603 0.975509 0.453272 0.188681 -0.965959 -0.176981 0.0 0.0 0.0 0.0 1.0
LeftFoot 0.981458 0.073564 -0.177 0.0 -0.179149 0.023666 -0.983537 0.408386 -0.068164 0.99701 0.036406 -0.0 0.0 0.0 0.0 1.0
