Root_Bone_Name Hips
Num_Keyframes 47
Num_Bones 34
Time_Wrapping_Mode CLAMP
Time 0.0
Hips 0.995307 0.07993 0.054546 6.12E-4 -0.07457 0.992767 -0.094085 0.960567 -0.061672 0.089576 0.994069 0.0 0.0 0.0 0.0 1.0
Spine 0.998406 -0.051668 0.022717 0.0 0.053648 0.993788 -0.097508 0.090819 -0.017538 0.098571 0.994975 0.001036 0.0 0.0 0.0 1.0
Spine1 0.998355 -0.029457 0.049193 -0.0 0.037476 0.984559 -0.170993 0.105963 -0.043397 0.172555 0.984043 0.0 0.0 0.0 0.0 1.0
Spine2 0.998355 -0.029457 0.049193 0.0 0.037476 0.984559 -0.170993 0.1211 -0.043397 0.172556 0.984043 -0.0 0.0 0.0 0.0 1.0
Neck 0.998465 0.007577 -0.054863 0.0 2.66E-4 0.989931 0.141551 0.136238 0.055383 -0.141349 0.988409 -0.0 0.0 0.0 0.0 1.0
Head 0.987594 0.090815 -0.128108 -0.0 -0.057729 0.968649 0.241632 0.048508 0.146036 -0.231239 0.961874 0.01342 0.0 0.0 0.0 1.0
LeftShoulder 0.026541 0.923154 -0.383514 0.074603 0.018078 -0.384029 -0.923144 0.120279 -0.999484 0.017568 -0.026881 2.36E-4 0.0 0.0 0.0 1.0
LeftArm 0.895498 0.431628 -0.108542 -0.0 -0.344336 0.517386 -0.783418 0.157184 -0.281987 0.738924 0.611943 -0.0 0.0 0.0 0.0 1.0
LeftForeArm -0.242969 -0.953577 0.177925 0.0 0.97 -0.240371 0.036348 0.243319 0.008108 0.181418 0.983373 0.0 0.0 0.0 0.0 1.0
LeftHand 0.930215 -0.34863 0.114706 0.0 0.348356 0.937078 0.023081 0.221022 -0.115535 0.018488 0.993131 0.0 0.0 0.0 0.0 1.0
LeftHandThumb1 0.744941 -0.552593 0.373771 -0.026336 0.666643 0.638003 -0.385408 0.025057 -0.025493 0.536278 0.843656 0.022961 0.0 0.0 0.0 1.0
LeftHandThumb2 0.954232 0.299018 -0.005464 0.00104 -0.299051 0.953822 -0.028156 0.034381 -0.003208 0.028501 0.999589 0.0 0.0 0.0 0.0 1.0
LeftHandThumb3 0.999997 0.001874 0.001479 -5.62E-4 -0.001874 0.999998 2.1E-5 0.044143 -0.001479 -2.3E-5 0.999999 0.0 0.0 0.0 0.0 1.0
LeftHandIndex1 0.99813 -0.060196 0.010633 0.0 0.022776 0.204798 -0.978539 0.121989 0.056726 0.976952 0.205786 6.0E-6 0.0 0.0 0.0 1.0
LeftHandIndex2 0.997382 -0.06135 -0.038275 0.001042 -0.033962 0.06988 -0.996977 0.032932 0.063839 0.995667 0.067613 0.0 0.0 0.0 0.0 1.0
LeftHandIndex3 0.990977 0.133912 -0.005645 0.001095 -0.133913 0.990993 1.85E-4 0.03356 0.005619 5.72E-4 0.999984 -0.0 0.0 0.0 0.0 1.0
RightShoulder 0.109249 -0.91547 0.387272 -0.074603 -0.012875 -0.390875 -0.920354 0.120277 0.993931 0.095562 -0.054489 1.28E-4 0.0 0.0 0.0 1.0
RightArm 0.98054 -0.173999 0.090921 0.0 0.19041 0.730081 -0.656297 0.157184 0.047816 0.660837 0.749004 0.0 0.0 0.0 0.0 1.0
RightForeArm 0.017356 0.997468 -0.068969 0.0 -0.998878 0.014258 -0.045153 0.243323 -0.044055 0.069676 0.996596 -0.0 0.0 0.0 0.0 1.0
RightHand 0.993025 0.101682 0.059686 0.0 -0.098973 0.993993 -0.046724 0.22105 -0.064078 0.040491 0.997123 -0.0 0.0 0.0 0.0 1.0
RightHandThumb1 0.763108 0.498828 -0.410898 0.024462 -0.643384 0.64641 -0.410135 0.024251 0.061022 0.577342 0.814219 0.019483 0.0 0.0 0.0 1.0
RightHandThumb2 0.942319 -0.334702 0.003175 -0.002391 0.334681 0.942034 -0.023688 0.031569 0.004937 0.023385 0.999714 0.0 0.0 0.0 0.0 1.0
RightHandThumb3 0.998578 0.05314 -0.004322 0.00241 -0.053139 0.998587 2.31E-4 0.045062 0.004328 -1.0E-6 0.999991 -0.0 0.0 0.0 0.0 1.0
RightHandIndex1 0.998051 -0.050261 -0.036975 0.0 -0.020596 0.293996 -0.955585 0.123753 0.058899 0.954484 0.292388 1.2E-5 0.0 0.0 0.0 1.0
RightHandIndex2 0.996037 0.085082 0.025926 -0.001174 0.028941 -0.034403 -0.998989 0.035274 -0.084104 0.99578 -0.036729 0.0 0.0 0.0 0.0 1.0
RightHandIndex3 0.988568 -0.150384 0.010874 -9.54E-4 0.15039 0.988627 3.43E-4 0.031699 -0.010802 0.001297 0.999941 0.0 0.0 0.0 0.0 1.0
LeftUpLeg -0.99736 0.001438 0.072603 0.075562 0.04382 -0.78534 0.617511 -0.050384 0.057906 0.619063 0.783204 0.016543 0.0 0.0 0.0 1.0
LeftLeg 0.971897 -0.046883 -0.230692 -0.0 0.21693 -0.202212 0.955014 0.453272 -0.091423 -0.978219 -0.186359 -0.0 0.0 0.0 0.0 1.0
LeftFoot 0.995658 -0.002876 0.093045 0.0 0.08758 0.367709 -0.925808 0.408386 -0.03155 0.929937 0.366364 0.0 0.0 0.0 0.0 1.0
LeftToeBase 0.979664 0.190804 0.062066 0.0 -0.105981 0.754742 -0.647405 0.212811 -0.170371 0.627661 0.759615 0.0 0.0 0.0 0.0 1.0
RightUpLeg -0.989667 0.097696 -0.104949 -0.075562 -0.125178 -0.94565 0.300129 -0.050384 -0.069924 0.310165 0.948108 0.020546 0.0 0.0 0.0 1.0
RightLeg 0.999623 0.026865 0.005681 0.0 -0.021022 0.615648 0.787741 0.453812 0.017665 -0.787563 0.615981 -0.0 0.0 0.0 0.0 1.0
RightFoot 0.998742 -0.034501 -0.036397 -0.0 -0.031254 0.139397 -0.989743 0.407804 0.039221 0.989635 0.138144 -0.0 0.0 0.0 0.0 1.0
RightToeBase 0.910506 -0.361273 -0.201149 0.0 0.075933 0.624273 -0.777507 0.209222 0.406464 0.692651 0.595836 -0.0 0.0 0.0 0.0 1.0
Time 0.033333
Hips 0.998469 -0.048388 -0.026798 0.014927 0.048365 0.998829 -0.001504 0.983319 0.02684 2.06E-4 0.99964 0.0 0.0 0.0 0.0 1.0
Spine 0.999535 -0.010599 0.028602 0.0 0.013242 0.995498 -0.093849 0.090819 -0.027478 0.094184 0.995176 0.001036 0.0 0.0 0.0 1.0
Spine1 0.998328 0.017816 0.054992 -0.0 -0.008534 0.986321 -0.164616 0.105963 -0.057172 0.163872 0.984824 0.0 0.0 0.0 0.0 1.0
Spine2 0.998328 0.017816 0.054992 -0.0 -0.008534 0.986321 -0.164616 0.1211 -0.057172 0.163872 0.984824 0.0 0.0 0.0 0.0 1.0
Neck 0.997218 0.044891 -0.059507 -0.0 -0.046966 0.998319 -0.033951 0.136238 0.057883 0.036651 0.99765 -0.0 0.0 0.0 0.0 1.0
Head 0.985313 0.08729 -0.146758 0.0 -0.055363 0.976343 0.209022 0.048508 0.161531 -0.197827 0.966836 0.01342 0.0 0.0 0.0 1.0
LeftShoulder 0.103122 0.931865 -0.347841 0.074603 0.015898 -0.351205 -0.936164 0.120279 -0.994542 0.091009 -0.051032 2.36E-4 0.0 0.0 0.0 1.0
LeftArm 0.847735 0.459892 -0.264284 0.0 -0.496353 0.512119 -0.700976 0.157184 -0.187028 0.72542 0.66241 -0.0 0.0 0.0 0.0 1.0
LeftForeArm -0.02634 -0.981966 0.187215 0.0 0.99902 -0.019193 0.039884 0.243319 -0.035572 0.188082 0.981509 0.0 0.0 0.0 0.0 1.0
LeftHand 0.92827 -0.352935 0.117266 -0.0 0.350126 0.935648 0.044439 0.221022 -0.125404 -1.93E-4 0.992106 0.0 0.0 0.0 0.0 1.0
LeftHandThumb1 0.747174 -0.550113 0.37297 -0.026336 0.664026 0.641771 -0.383666 0.025057 -0.028302 0.534327 0.844804 0.022961 0.0 0.0 0.0 1.0
LeftHandThumb2 0.954036 0.299642 -0.005511 0.00104 -0.299675 0.95362 -0.028336 0.034381 -0.003236 0.028685 0.999583 0.0 0.0 0.0 0.0 1.0
LeftHandThumb3 0.999997 0.001874 0.001479 -5.62E-4 -0.001874 0.999998 2.1E-5 0.044143 -0.001479 -2.3E-5 0.999999 0.0 0.0 0.0 0.0 1.0
LeftHandIndex1 0.99815 -0.059991 0.009895 0.0 0.023451 0.229699 -0.972979 0.121989 0.056097 0.971411 0.230681 6.0E-6 0.0 0.0 0.0 1.0
LeftHandIndex2 0.997481 -0.059284 -0.038943 0.001042 -0.033182 0.095228 -0.994902 0.032932 0.06269 0.993689 0.093021 0.0 0.0 0.0 0.0 1.0
LeftHandIndex3 0.990977 0.133912 -0.005645 0.001095 -0.133913 0.990993 1.85E-4 0.03356 0.005618 5.72E-4 0.999984 0.0 0.0 0.0 0.0 1.0
RightShoulder 0.125584 -0.944564 0.303359 -0.074603 -0.003453 -0.306194 -0.951963 0.120277 0.992077 0.118504 -0.041715 1.28E-4 0.0 0.0 0.0 1.0
RightArm 0.992115 -0.069379 0.104372 0.0 0.117594 0.803337 -0.583799 0.157184 -0.043343 0.59147 0.805161 0.0 0.0 0.0 0.0 1.0
RightForeArm -0.127186 0.989488 -0.068827 0.0 -0.986237 -0.133549 -0.097479 0.243323 -0.105646 0.055482 0.992855 -0.0 0.0 0.0 0.0 1.0
RightHand 0.983993 0.144352 0.104502 -0.0 -0.157619 0.978584 0.132398 0.22105 -0.083152 -0.14675 0.985672 -0.0 0.0 0.0 0.0 1.0
RightHandThumb1 0.761198 0.506024 -0.405607 0.024462 -0.645684 0.649774 -0.401106 0.024251 0.060584 0.567215 0.821338 0.019483 0.0 0.0 0.0 1.0
RightHandThumb2 0.944532 -0.328409 0.002759 -0.002391 0.328387 0.944283 -0.022179 0.031569 0.004678 0.021855 0.99975 0.0 0.0 0.0 0.0 1.0
RightHandThumb3 0.998578 0.05314 -0.004322 0.00241 -0.053139 0.998587 2.31E-4 0.045062 0.004328 -1.0E-6 0.999991 0.0 0.0 0.0 0.0 1.0
RightHandIndex1 0.998534 -0.04005 -0.03641 -0.0 -0.021583 0.322271 -0.946401 0.123753 0.049637 0.9458 0.320934 1.2E-5 0.0 0.0 0.0 1.0
RightHandIndex2 0.996246 0.081993 0.027775 -0.001174 0.027592 0.003371 -0.999614 0.035274 -0.082055 0.996627 0.001096 0.0 0.0 0.0 0.0 1.0
RightHandIndex3 0.988568 -0.150384 0.010874 -9.54E-4 0.15039 0.988627 3.42E-4 0.031699 -0.010802 0.001297 0.999941 0.0 0.0 0.0 0.0 1.0
LeftUpLeg -0.999 -0.036354 0.026035 0.075562 0.043274 -0.63942 0.767639 -0.050384 -0.01126 0.767997 0.640354 0.016543 0.0 0.0 0.0 1.0
LeftLeg 0.964002 -0.047646 -0.261591 -0.0 0.261206 -0.014242 0.965178 0.453272 -0.049712 -0.998763 -0.001284 0.0 0.0 0.0 0.0 1.0
LeftFoot 0.992387 -0.028196 0.119887 0.0 0.115115 0.558367 -0.821568 0.408386 -0.043776 0.829114 0.557362 0.0 0.0 0.0 0.0 1.0
LeftToeBase 0.970935 0.203178 0.126505 -0.0 -0.059155 0.715866 -0.695727 0.212811 -0.231917 0.668022 0.707079 0.0 0.0 0.0 0.0 1.0
RightUpLeg -0.996135 -0.042854 -0.076669 -0.075562 0.038455 -0.997578 0.057961 -0.050384 -0.078968 0.054788 0.99537 0.020546 0.0 0.0 0.0 1.0
RightLeg 0.996968 0.074676 -0.02187 -0.0 -0.028394 0.610813 0.791266 0.453812 0.072447 -0.788246 0.611081 0.0 0.0 0.0 0.0 1.0
RightFoot 0.997864 -0.065071 -0.005771 -0.0 0.027433 0.497577 -0.866986 0.407804 0.059287 0.864976 0.498299 0.0 0.0 0.0 0.0 1.0
RightToeBase 0.940502 -0.327796 -0.089473 0.0 -0.054467 0.114476 -0.991932 0.209222 0.335393 0.937788 0.089811 0.0 0.0 0.0 0.0 1.0
Time 0.066667
Hips 0.9792 -0.147343 -0.139487 0.026414 0.163328 0.980301 0.111058 0.97406 0.120375 -0.13153 0.983976 0.0 0.0 0.0 0.0 1.0
Spine 0.998694 0.038375 0.033738 0.0 -0.034738 0.994131 -0.102455 0.090819 -0.037472 0.101149 0.994165 0.001036 0.0 0.0 0.0 1.0
Spine1 0.996541 0.060924 0.05652 -0.0 -0.04971 0.982027 -0.182077 0.105963 -0.066597 0.178637 0.981659 0.0 0.0 0.0 0.0 1.0
Spine2 0.996541 0.060924 0.05652 0.0 -0.04971 0.982027 -0.182077 0.1211 -0.066597 0.178638 0.981659 0.0 0.0 0.0 0.0 1.0
Neck 0.995334 0.075961 -0.059494 -0.0 -0.085834 0.978718 -0.186399 0.136238 0.044069 0.190636 0.980671 -0.0 0.0 0.0 0.0 1.0
Head 0.9883 0.087708 -0.124782 -0.0 -0.063436 0.980373 0.186668 0.048508 0.138705 -0.176568 0.974466 0.01342 0.0 0.0 0.0 1.0
LeftShoulder 0.16768 0.927555 -0.333955 0.074603 0.012873 -0.340782 -0.940054 0.120279 -0.985757 0.153329 -0.069083 2.36E-4 0.0 0.0 0.0 1.0
LeftArm 0.769404 0.543542 -0.33553 0.0 -0.62351 0.524967 -0.579349 0.157184 -0.138759 0.654959 0.742815 -0.0 0.0 0.0 0.0 1.0
LeftForeArm 0.212622 -0.932784 0.291042 0.0 0.952972 0.26378 0.149213 0.243319 -0.215955 0.245629 0.945003 0.0 0.0 0.0 0.0 1.0
LeftHand 0.92486 -0.347984 0.153432 0.0 0.343808 0.937496 0.05383 0.221022 -0.162574 0.002966 0.986692 0.0 0.0 0.0 0.0 1.0
LeftHandThumb1 0.75243 -0.544095 0.371227 -0.026336 0.657743 0.650587 -0.379619 0.025057 -0.034966 0.529809 0.847396 0.022961 0.0 0.0 0.0 1.0
LeftHandThumb2 0.95354 0.301213 -0.005617 0.00104 -0.301248 0.953114 -0.028712 0.034381 -0.003294 0.02907 0.999572 0.0 0.0 0.0 0.0 1.0
LeftHandThumb3 0.999997 0.001874 0.001479 -5.62E-4 -0.001874 0.999998 2.1E-5 0.044143 -0.001479 -2.3E-5 0.999999 0.0 0.0 0.0 0.0 1.0
LeftHandIndex1 0.9982 -0.059422 0.008095 -0.0 0.024881 0.287533 -0.957448 0.121989 0.054566 0.955926 0.288494 6.0E-6 0.0 0.0 0.0 1.0
LeftHandIndex2 0.997704 -0.054354 -0.040408 0.001042 -0.031579 0.154459 -0.987494 0.032932 0.059916 0.986503 0.152388 0.0 0.0 0.0 0.0 1.0
LeftHandIndex3 0.990977 0.133912 -0.005645 0.001095 -0.133913 0.990993 1.85E-4 0.03356 0.005618 5.72E-4 0.999984 0.0 0.0 0.0 0.0 1.0
RightShoulder 0.133542 -0.970149 0.20243 -0.074603 0.003482 -0.203799 -0.979007 0.120277 0.991037 0.131443 -0.023837 1.28E-4 0.0 0.0 0.0 1.0
RightArm 0.983459 -0.016152 0.18041 0.0 0.108363 0.850578 -0.514562 0.157184 -0.145142 0.5256 0.838259 0.0 0.0 0.0 0.0 1.0
RightForeArm -0.268665 0.962505 -0.037464 0.0 -0.950864 -0.271228 -0.149311 0.243323 -0.153874 -0.004492 0.98808 -0.0 0.0 0.0 0.0 1.0
RightHand 0.976179 0.066559 0.206505 0.0 -0.101483 0.981321 0.163432 0.22105 -0.19177 -0.180495 0.9647 -0.0 0.0 0.0 0.0 1.0
RightHandThumb1 0.756998 0.52228 -0.392655 0.024462 -0.650673 0.657542 -0.379819 0.024251 0.059815 0.543012 0.837592 0.019483 0.0 0.0 0.0 1.0
RightHandThumb2 0.949418 -0.314009 0.001861 -0.002391 0.313987 0.949243 -0.018721 0.031569 0.004112 0.018359 0.999823 -0.0 0.0 0.0 0.0 1.0
RightHandThumb3 0.998578 0.05314 -0.004322 0.00241 -0.05314 0.998587 2.31E-4 0.045062 0.004328 -1.0E-6 0.999991 0.0 0.0 0.0 0.0 1.0
RightHandIndex1 0.999226 -0.016724 -0.035613 -0.0 -0.026303 0.389195 -0.92078 0.123753 0.029259 0.921003 0.388454 1.2E-5 0.0 0.0 0.0 1.0
RightHandIndex2 0.996722 0.074277 0.032063 -0.001174 0.025036 0.093682 -0.995287 0.035274 -0.076931 0.992828 0.091516 0.0 0.0 0.0 0.0 1.0
RightHandIndex3 0.988568 -0.150384 0.010874 -9.54E-4 0.15039 0.988627 3.42E-4 0.031699 -0.010802 0.001297 0.999941 -0.0 0.0 0.0 0.0 1.0
LeftUpLeg -0.996452 -0.082265 -0.017771 0.075562 0.036146 -0.608993 0.792351 -0.050384 -0.076005 0.788898 0.609806 0.016543 0.0 0.0 0.0 1.0
LeftLeg 0.921339 -0.059631 -0.38416 0.0 0.385917 0.259592 0.885257 0.453272 0.046936 -0.963876 0.262185 0.0 0.0 0.0 0.0 1.0
LeftFoot 0.992869 -0.026239 0.116283 -0.0 0.109476 0.586709 -0.802364 0.408386 -0.047172 0.809373 0.585398 0.0 0.0 0.0 0.0 1.0
LeftToeBase 0.920569 0.291938 0.259471 0.0 -0.032002 0.718466 -0.694825 0.212811 -0.389267 0.631331 0.67074 -0.0 0.0 0.0 0.0 1.0
RightUpLeg -0.975958 -0.209666 0.059554 -0.075562 0.206594 -0.976946 -0.053816 -0.050384 0.069465 -0.040218 0.996773 0.020546 0.0 0.0 0.0 1.0
RightLeg 0.993372 0.070118 -0.091075 -0.0 0.039012 0.539649 0.840986 0.453812 0.108116 -0.838965 0.533337 0.0 0.0 0.0 0.0 1.0
RightFoot 0.998742 -0.004023 -0.049986 -0.0 -0.007053 0.975601 -0.219437 0.407804 0.049649 0.219513 0.974345 0.0 0.0 0.0 0.0 1.0
RightToeBase 0.991775 -0.124334 0.030385 0.0 -0.004574 -0.271671 -0.962379 0.209222 0.127911 0.954325 -0.270005 -0.0 0.0 0.0 0.0 1.0
Time 0.1
Hips 0.938584 -0.190999 -0.287367 0.019883 0.247682 0.952776 0.175705 0.929353 0.240237 -0.23609 0.941567 0.0 0.0 0.0 0.0 1.0
Spine 0.997185 0.06539 0.036691 0.0 -0.060936 0.991882 -0.111613 0.090819 -0.043692 0.109063 0.993074 0.001036 0.0 0.0 0.0 1.0
Spine1 0.992872 0.103554 0.059004 0.0 -0.089822 0.975536 -0.200655 0.105963 -0.078339 0.193925 0.977883 0.0 0.0 0.0 0.0 1.0
Spine2 0.992872 0.103554 0.059004 0.0 -0.089822 0.975536 -0.200655 0.1211 -0.078339 0.193925 0.977883 0.0 0.0 0.0 0.0 1.0
Neck 0.99344 0.104623 -0.046158 -0.0 -0.113392 0.953482 -0.279312 0.136238 0.014788 0.282714 0.95909 -0.0 0.0 0.0 0.0 1.0
Head 0.993193 0.101819 -0.056569 0.0 -0.090028 0.9792 0.181829 0.048508 0.073907 -0.175498 0.981702 0.01342 0.0 0.0 0.0 1.0
LeftShoulder 0.193776 0.928315 -0.317304 0.074603 0.008629 -0.325035 -0.945663 0.120279 -0.981008 0.180509 -0.070995 2.36E-4 0.0 0.0 0.0 1.0
LeftArm 0.687052 0.648989 -0.326762 -0.0 -0.710719 0.506707 -0.487982 0.157184 -0.151122 0.567504 0.809383 -0.0 0.0 0.0 0.0 1.0
LeftForeArm 0.457013 -0.785242 0.417774 0.0 0.816209 0.556894 0.15386 0.243319 -0.353473 0.270675 0.895429 0.0 0.0 0.0 0.0 1.0
LeftHand 0.920853 -0.344606 0.182416 -0.0 0.341124 0.938626 0.051153 0.221022 -0.188848 0.015122 0.98189 0.0 0.0 0.0 0.0 1.0
LeftHandThumb1 0.760663 -0.534333 0.36862 -0.026336 0.647564 0.66424 -0.373426 0.025057 -0.045319 0.522756 0.851277 0.022961 0.0 0.0 0.0 1.0
LeftHandThumb2 0.952708 0.303833 -0.005784 0.00104 -0.303869 0.952264 -0.029256 0.034381 -0.003381 0.02963 0.999555 0.0 0.0 0.0 0.0 1.0
LeftHandThumb3 0.999997 0.001874 0.001479 -5.62E-4 -0.001874 0.999998 2.1E-5 0.044143 -0.001479 -2.4E-5 0.999999 0.0 0.0 0.0 0.0 1.0
LeftHandIndex1 0.998283 -0.058328 0.005368 -0.0 0.026932 0.375687 -0.926355 0.121989 0.052016 0.924909 0.376613 6.0E-6 0.0 0.0 0.0 1.0
LeftHandIndex2 0.998031 -0.046512 -0.04209 0.001042 -0.029407 0.245767 -0.968883 0.032932 0.055409 0.968212 0.243915 0.0 0.0 0.0 0.0 1.0
LeftHandIndex3 0.990977 0.133912 -0.005645 0.001095 -0.133913 0.990993 1.85E-4 0.03356 0.005619 5.72E-4 0.999984 0.0 0.0 0.0 0.0 1.0
RightShoulder 0.129666 -0.986202 0.102915 -0.074603 0.006887 -0.102893 -0.994669 0.120277 0.991534 0.129683 -0.006549 1.28E-4 0.0 0.0 0.0 1.0
RightArm 0.9656 -0.079449 0.247598 0.0 0.191426 0.861629 -0.470055 0.157184 -0.175992 0.501281 0.847198 0.0 0.0 0.0 0.0 1.0
RightForeArm -0.463439 0.884902 -0.04661 -0.0 -0.85492 -0.460335 -0.239173 0.243323 -0.233101 -0.070994 0.969858 -0.0 0.0 0.0 0.0 1.0
RightHand 0.961251 -0.048058 0.271454 -0.0 0.00659 0.988412 0.15165 0.22105 -0.275597 -0.143985 0.950429 -0.0 0.0 0.0 0.0 1.0
RightHandThumb1 0.750606 0.545822 -0.372383 0.024462 -0.658099 0.667997 -0.347399 0.024251 0.059133 0.505824 0.860608 0.019483 0.0 0.0 0.0 1.0
RightHandThumb2 0.956287 -0.292429 4.92E-4 -0.002391 0.292409 0.956197 -0.013569 0.031569 0.003498 0.01312 0.999908 -0.0 0.0 0.0 0.0 1.0
RightHandThumb3 0.998578 0.05314 -0.004321 0.00241 -0.05314 0.998587 2.31E-4 0.045062 0.004327 -1.0E-6 0.999991 -0.0 0.0 0.0 0.0 1.0
RightHandIndex1 0.999267 0.017514 -0.034044 -0.0 -0.038262 0.487335 -0.872376 0.123753 0.001312 0.873039 0.487648 1.2E-5 0.0 0.0 0.0 1.0
RightHandIndex2 0.997379 0.062015 0.037273 -0.001174 0.022101 0.229413 -0.973078 0.035274 -0.068896 0.971352 0.227441 0.0 0.0 0.0 0.0 1.0
RightHandIndex3 0.988568 -0.150384 0.010874 -9.54E-4 0.15039 0.988627 3.43E-4 0.031699 -0.010802 0.001297 0.999941 -0.0 0.0 0.0 0.0 1.0
LeftUpLeg -0.996863 -0.049969 -0.061377 0.075562 -0.011797 -0.673019 0.739531 -0.050384 -0.078262 0.737936 0.670318 0.016543 0.0 0.0 0.0 1.0
LeftLeg 0.879817 -0.072584 -0.469738 0.0 0.428584 0.548464 0.717986 0.453272 0.20552 -0.833018 0.513656 0.0 0.0 0.0 0.0 1.0
LeftFoot 0.988082 -0.048352 0.146137 -0.0 0.147959 0.560162 -0.815062 0.408386 -0.04245 0.826971 0.56064 0.0 0.0 0.0 0.0 1.0
LeftToeBase 0.877808 0.335512 0.341884 0.0 0.001029 0.712404 -0.701768 0.212811 -0.479011 0.61637 0.625009 0.0 0.0 0.0 0.0 1.0
RightUpLeg -0.967873 -0.218139 0.12505 -0.075562 0.201982 -0.97072 -0.130024 -0.050384 0.149751 -0.100589 0.983594 0.020546 0.0 0.0 0.0 1.0
RightLeg 0.979009 -0.024195 -0.202374 0.0 0.190558 0.460917 0.866743 0.453812 0.072307 -0.887113 0.455853 -0.0 0.0 0.0 0.0 1.0
RightFoot 0.992733 -0.120332 0.001408 -0.0 0.119846 0.989646 0.078975 0.407804 -0.010896 -0.078232 0.996876 0.0 0.0 0.0 0.0 1.0
RightToeBase 0.993469 -0.007861 0.11383 0.0 0.099493 0.54807 -0.830494 0.209222 -0.055858 0.836395 0.545273 0.0 0.0 0.0 0.0 1.0
Time 0.133333
Hips 0.893632 -0.216968 -0.392871 0.015412 0.310526 0.930929 0.192212 0.849267 0.324031 -0.293763 0.899282 0.0 0.0 0.0 0.0 1.0
Spine 0.996517 0.07833 0.028606 0.0 -0.074523 0.990451 -0.115989 0.090819 -0.037419 0.113453 0.992839 0.001036 0.0 0.0 0.0 1.0
Spine1 0.990745 0.128364 0.044116 0.0 -0.116461 0.970858 -0.209457 0.105963 -0.069717 0.20238 0.976822 -0.0 0.0 0.0 0.0 1.0
Spine2 0.990745 0.128364 0.044116 -0.0 -0.116461 0.970858 -0.209457 0.1211 -0.069717 0.20238 0.976822 0.0 0.0 0.0 0.0 1.0
Neck 0.988844 0.148113 -0.015789 0.0 -0.145661 0.939384 -0.310387 0.136238 -0.03114 0.309224 0.950479 -0.0 0.0 0.0 0.0 1.0
Head 0.990674 0.125665 0.052654 0.0 -0.132904 0.976391 0.170287 0.048508 -0.030012 -0.175696 0.983987 0.01342 0.0 0.0 0.0 1.0
LeftShoulder 0.171458 0.937512 -0.302776 0.074603 0.006221 -0.308351 -0.951252 0.120279 -0.985172 0.161216 -0.058702 2.36E-4 0.0 0.0 0.0 1.0
LeftArm 0.626328 0.726539 -0.282583 0.0 -0.745927 0.45322 -0.488042 0.157184 -0.226509 0.516461 0.82581 0.0 0.0 0.0 0.0 1.0
LeftForeArm 0.642883 -0.617948 0.452595 -0.0 0.671604 0.738877 0.054852 0.243319 -0.368308 0.268701 0.890028 0.0 0.0 0.0 0.0 1.0
LeftHand 0.921333 -0.34584 0.177594 -0.0 0.33852 0.938279 0.070974 0.221022 -0.191179 -0.005271 0.981541 -0.0 0.0 0.0 0.0 1.0
LeftHandThumb1 0.771393 -0.521006 0.365383 -0.026336 0.633656 0.681739 -0.365666 0.025057 -0.058582 0.513599 0.856028 0.022961 0.0 0.0 0.0 1.0
LeftHandThumb2 0.951533 0.307488 -0.006022 0.00104 -0.307527 0.951065 -0.030027 0.034381 -0.003506 0.030423 0.999531 0.0 0.0 0.0 0.0 1.0
LeftHandThumb3 0.999997 0.001874 0.001479 -5.62E-4 -0.001874 0.999998 2.1E-5 0.044143 -0.001479 -2.3E-5 0.999999 0.0 0.0 0.0 0.0 1.0
LeftHandIndex1 0.998399 -0.056527 0.00204 -0.0 0.029247 0.485029 -0.874009 0.121989 0.048416 0.872669 0.485906 6.0E-6 0.0 0.0 0.0 1.0
LeftHandIndex2 0.998414 -0.036152 -0.043153 0.001042 -0.027222 0.360919 -0.9322 0.032932 0.049275 0.931896 0.359363 0.0 0.0 0.0 0.0 1.0
LeftHandIndex3 0.990977 0.133912 -0.005644 0.001095 -0.133913 0.990993 1.85E-4 0.03356 0.005618 5.72E-4 0.999984 0.0 0.0 0.0 0.0 1.0
RightShoulder 0.129478 -0.989729 0.060591 -0.074603 0.003749 -0.060616 -0.998154 0.120277 0.991575 0.129466 -0.004138 1.28E-4 0.0 0.0 0.0 1.0
RightArm 0.937377 -0.27647 0.211871 0.0 0.345253 0.817992 -0.460097 0.157184 -0.046106 0.504433 0.862219 0.0 0.0 0.0 0.0 1.0
RightForeArm -0.634815 0.760503 -0.136547 -0.0 -0.705587 -0.642603 -0.298677 0.243323 -0.314891 -0.093259 0.944535 -0.0 0.0 0.0 0.0 1.0
RightHand 0.969288 -0.139352 0.202636 0.0 0.102991 0.978244 0.180088 0.22105 -0.223323 -0.153688 0.962552 0.0 0.0 0.0 0.0 1.0
RightHandThumb1 0.742577 0.573169 -0.346493 0.024462 -0.667141 0.678712 -0.307039 0.024251 0.059184 0.45916 0.88638 0.019483 0.0 0.0 0.0 1.0
RightHandThumb2 0.963974 -0.265996 -0.001007 -0.002391 0.265982 0.963951 -0.007279 0.031569 0.002907 0.006749 0.999973 0.0 0.0 0.0 0.0 1.0
RightHandThumb3 0.998578 0.05314 -0.004321 0.00241 -0.053139 0.998587 2.3E-4 0.045062 0.004328 -0.0 0.999991 0.0 0.0 0.0 0.0 1.0
RightHandIndex1 0.997794 0.057956 -0.032388 0.0 -0.060722 0.599379 -0.798159 0.123753 -0.026845 0.798364 0.601576 1.2E-5 0.0 0.0 0.0 1.0
RightHandIndex2 0.998079 0.046204 0.041277 -0.001174 0.020029 0.389834 -0.920667 0.035274 -0.058629 0.919725 0.388159 0.0 0.0 0.0 0.0 1.0
RightHandIndex3 0.988568 -0.150384 0.010874 -9.54E-4 0.15039 0.988627 3.42E-4 0.031699 -0.010802 0.001297 0.999941 -0.0 0.0 0.0 0.0 1.0
LeftUpLeg -0.990712 -0.010927 -0.135536 0.075562 -0.085957 -0.722014 0.686518 -0.050384 -0.105361 0.691792 0.714369 0.016543 0.0 0.0 0.0 1.0
LeftLeg 0.896716 -0.121606 -0.425573 0.0 0.358496 0.763461 0.537223 0.453272 0.259579 -0.634303 0.728202 -0.0 0.0 0.0 0.0 1.0
LeftFoot 0.982047 -0.076631 0.172371 0.0 0.182361 0.619412 -0.763593 0.408386 -0.048254 0.781317 0.622266 0.0 0.0 0.0 0.0 1.0
LeftToeBase 0.895623 0.307765 0.321155 0.0 0.006946 0.712233 -0.701909 0.212811 -0.44476 0.630877 0.635754 -0.0 0.0 0.0 0.0 1.0
RightUpLeg -0.965538 -0.224754 0.131229 -0.075562 0.232361 -0.971558 0.045655 -0.050384 0.117235 0.074574 0.9903 0.020546 0.0 0.0 0.0 1.0
RightLeg 0.941672 -0.102667 -0.32049 0.0 0.334682 0.185963 0.9238 0.453812 -0.035245 -0.977178 0.209477 0.0 0.0 0.0 0.0 1.0
RightFoot 0.975008 -0.220437 0.027695 0.0 0.219059 0.974645 0.045613 0.407804 -0.037048 -0.038406 0.998575 -0.0 0.0 0.0 0.0 1.0
RightToeBase 0.990702 0.012238 0.135498 0.0 0.100783 0.603008 -0.791343 0.209222 -0.09139 0.797641 0.596168 0.0 0.0 0.0 0.0 1.0
Time 0.166667
Hips 0.825048 -0.247988 -0.507738 0.018831 0.383865 0.905363 0.181565 0.743907 0.414661 -0.344703 0.842161 0.0 0.0 0.0 0.0 1.0
Spine 0.995788 0.089186 0.02126 0.0 -0.086048 0.989146 -0.119107 0.090819 -0.031652 0.116776 0.992654 0.001036 0.0 0.0 0.0 1.0
Spine1 0.988901 0.145504 0.03006 0.0 -0.135732 0.967016 -0.215538 0.105963 -0.06043 0.209065 0.976033 -0.0 0.0 0.0 0.0 1.0
Spine2 0.988901 0.145504 0.03006 0.0 -0.135732 0.967016 -0.215538 0.1211 -0.06043 0.209065 0.976033 0.0 0.0 0.0 0.0 1.0
Neck 0.977477 0.209636 0.024321 0.0 -0.192245 0.932026 -0.307197 0.136238 -0.087067 0.295602 0.951335 -0.0 0.0 0.0 0.0 1.0
Head 0.972634 0.150792 0.17676 0.0 -0.174983 0.975908 0.130321 0.048508 -0.15285 -0.157685 0.975588 0.01342 0.0 0.0 0.0 1.0
LeftShoulder 0.111568 0.938715 -0.326139 0.074603 0.008135 -0.329039 -0.944281 0.120279 -0.993724 0.102699 -0.044347 2.36E-4 0.0 0.0 0.0 1.0
LeftArm 0.606788 0.759709 -0.233773 0.0 -0.724158 0.407103 -0.556653 0.157184 -0.327725 0.507059 0.797175 -0.0 0.0 0.0 0.0 1.0
LeftForeArm 0.730043 -0.518848 0.444786 -0.0 0.579818 0.814745 -0.001265 0.243319 -0.361731 0.258819 0.895636 0.0 0.0 0.0 0.0 1.0
LeftHand 0.922782 -0.344315 0.172978 0.0 0.325273 0.936732 0.12935 0.221022 -0.206571 -0.063097 0.976395 0.0 0.0 0.0 0.0 1.0
LeftHandThumb1 0.783372 -0.505273 0.361978 -0.026336 0.617224 0.700996 -0.357266 0.025057 -0.073228 0.503294 0.861007 0.022961 0.0 0.0 0.0 1.0
LeftHandThumb2 0.950095 0.311896 -0.006314 0.00104 -0.311938 0.949598 -0.030951 0.034381 -0.003658 0.031375 0.999501 0.0 0.0 0.0 0.0 1.0
LeftHandThumb3 0.999997 0.001874 0.001479 -5.62E-4 -0.001874 0.999998 2.1E-5 0.044143 -0.001479 -2.3E-5 0.999999 0.0 0.0 0.0 0.0 1.0
LeftHandIndex1 0.998533 -0.054126 -0.001352 0.0 0.031384 0.598982 -0.800148 0.121989 0.044119 0.798931 0.599802 6.0E-6 0.0 0.0 0.0 1.0
LeftHandIndex2 0.998784 -0.024573 -0.042747 0.001042 -0.025548 0.48359 -0.874922 0.032932 0.042171 0.874949 0.482374 0.0 0.0 0.0 0.0 1.0
LeftHandIndex3 0.990977 0.133912 -0.005644 0.001095 -0.133913 0.990993 1.85E-4 0.03356 0.005618 5.72E-4 0.999984 -0.0 0.0 0.0 0.0 1.0
RightShoulder 0.1452 -0.985894 0.083245 -0.074603 -0.004504 -0.084794 -0.996388 0.120277 0.989392 0.144301 -0.016753 1.28E-4 0.0 0.0 0.0 1.0
RightArm 0.854818 -0.509607 0.09791 0.0 0.483087 0.712585 -0.508772 0.157184 0.189505 0.482206 0.855316 0.0 0.0 0.0 0.0 1.0
RightForeArm -0.686661 0.686062 -0.240448 0.0 -0.617122 -0.724917 -0.306031 0.243323 -0.384261 -0.061754 0.921157 0.0 0.0 0.0 0.0 1.0
RightHand 0.981615 -0.189506 0.022767 -0.0 0.179385 0.956717 0.229157 0.22105 -0.065208 -0.22086 0.973123 -0.0 0.0 0.0 0.0 1.0
RightHandThumb1 0.73408 0.600192 -0.317641 0.024462 -0.676375 0.687828 -0.263457 0.024251 0.060358 0.408243 0.910876 0.019483 0.0 0.0 0.0 1.0
RightHandThumb2 0.971241 -0.238086 -0.002364 -0.002391 0.238085 0.971244 -6.15E-4 0.031569 0.002443 3.4E-5 0.999997 0.0 0.0 0.0 0.0 1.0
RightHandThumb3 0.998578 0.05314 -0.004321 0.00241 -0.053139 0.998587 2.31E-4 0.045062 0.004328 -1.0E-6 0.999991 -0.0 0.0 0.0 0.0 1.0
RightHandIndex1 0.994634 0.099192 -0.029381 0.0 -0.091021 0.704096 -0.704247 0.123753 -0.049169 0.703143 0.709346 1.2E-5 0.0 0.0 0.0 1.0
RightHandIndex2 0.998688 0.029136 0.042109 -0.001174 0.019356 0.546521 -0.837222 0.035274 -0.047407 0.836938 0.54524 0.0 0.0 0.0 0.0 1.0
RightHandIndex3 0.988568 -0.150385 0.010874 -9.54E-4 0.15039 0.988627 3.42E-4 0.031699 -0.010802 0.001297 0.999941 -0.0 0.0 0.0 0.0 1.0
LeftUpLeg -0.982537 0.039503 -0.181825 0.075562 -0.151382 -0.737897 0.657717 -0.050384 -0.108187 0.673756 0.730991 0.016543 0.0 0.0 0.0 1.0
LeftLeg 0.947912 -0.168539 -0.270291 0.0 0.275116 0.860864 0.428046 0.453272 0.160541 -0.480112 0.862391 0.0 0.0 0.0 0.0 1.0
LeftFoot 0.98249 -0.086219 0.165163 0.0 0.176595 0.713515 -0.678019 0.408386 -0.059388 0.695314 0.716248 0.0 0.0 0.0 0.0 1.0
LeftToeBase 0.919067 0.271704 0.285471 0.0 0.003215 0.719164 -0.694833 0.212811 -0.394089 0.639515 0.660086 -0.0 0.0 0.0 0.0 1.0
RightUpLeg -0.956277 -0.246003 0.15817 -0.075562 0.280166 -0.925719 0.254069 -0.050384 0.083919 0.287274 0.954165 0.020546 0.0 0.0 0.0 1.0
RightLeg 0.873302 -0.177762 -0.45359 0.0 0.435078 -0.134351 0.890313 0.453812 -0.219204 -0.974859 -0.039988 0.0 0.0 0.0 0.0 1.0
RightFoot 0.962644 -0.266645 0.047077 0.0 0.267851 0.963223 -0.021369 0.407804 -0.039648 0.033181 0.998663 0.0 0.0 0.0 0.0 1.0
RightToeBase 0.994479 -0.026602 0.101506 0.0 0.09296 0.672086 -0.734615 0.209222 -0.048678 0.739995 0.670848 -0.0 0.0 0.0 0.0 1.0
Time 0.2
Hips 0.712633 -0.291788 -0.637977 0.023266 0.479321 0.866549 0.139082 0.620612 0.512256 -0.40491 0.757392 0.0 0.0 0.0 0.0 1.0
Spine 0.994584 0.101967 0.020137 0.0 -0.098797 0.987659 -0.121529 0.090819 -0.03228 0.118881 0.992384 0.001036 0.0 0.0 0.0 1.0
Spine1 0.986016 0.164088 0.029129 0.0 -0.153777 0.963197 -0.220465 0.105963 -0.064232 0.212902 0.97496 0.0 0.0 0.0 0.0 1.0
Spine2 0.986016 0.164088 0.029129 0.0 -0.153777 0.963197 -0.220465 0.1211 -0.064233 0.212902 0.97496 0.0 0.0 0.0 0.0 1.0
Neck 0.957777 0.278557 0.071196 0.0 -0.249996 0.929169 -0.272301 0.136238 -0.142004 0.243005 0.959575 -0.0 0.0 0.0 0.0 1.0
Head 0.939208 0.180809 0.291885 0.0 -0.209541 0.975284 0.070103 0.048508 -0.271995 -0.127003 0.953881 0.01342 0.0 0.0 0.0 1.0
LeftShoulder 0.022176 0.902318 -0.4305 0.074603 0.016773 -0.430882 -0.902253 0.120279 -0.999613 0.012787 -0.02469 2.36E-4 0.0 0.0 0.0 1.0
LeftArm 0.666907 0.727254 -0.162284 -0.0 -0.628303 0.431755 -0.647165 0.157184 -0.400587 0.533563 0.744876 0.0 0.0 0.0 0.0 1.0
LeftForeArm 0.739567 -0.481564 0.470252 -0.0 0.542222 0.8402 0.007657 0.243319 -0.398793 0.249319 0.882499 0.0 0.0 0.0 0.0 1.0
LeftHand 0.915796 -0.334548 0.22225 0.0 0.286207 0.931792 0.223269 0.221022 -0.281785 -0.140859 0.949082 0.0 0.0 0.0 0.0 1.0
LeftHandThumb1 0.796186 -0.487356 0.358569 -0.026336 0.59854 0.721118 -0.348911 0.025057 -0.088527 0.492416 0.865846 0.022961 0.0 0.0 0.0 1.0
LeftHandThumb2 0.948354 0.317145 -0.006669 0.00104 -0.317192 0.94782 -0.032048 0.034381 -0.003843 0.032508 0.999464 0.0 0.0 0.0 0.0 1.0
LeftHandThumb3 0.999997 0.001874 0.001479 -5.62E-4 -0.001874 0.999998 2.1E-5 0.044143 -0.001479 -2.4E-5 0.999999 0.0 0.0 0.0 0.0 1.0
LeftHandIndex1 0.998686 -0.051034 -0.004608 0.0 0.032945 0.708362 -0.70508 0.121989 0.039247 0.704002 0.709112 6.0E-6 0.0 0.0 0.0 1.0
LeftHandIndex2 0.999097 -0.012331 -0.040656 0.001042 -0.024932 0.604667 -0.796088 0.032932 0.0344 0.796383 0.603814 0.0 0.0 0.0 0.0 1.0
LeftHandIndex3 0.990977 0.133912 -0.005644 0.001095 -0.133913 0.990993 1.85E-4 0.03356 0.005618 5.72E-4 0.999984 0.0 0.0 0.0 0.0 1.0
RightShoulder 0.175339 -0.972273 0.154732 -0.074603 -0.01381 -0.15958 -0.987088 0.120277 0.984411 0.170938 -0.041408 1.28E-4 0.0 0.0 0.0 1.0
RightArm 0.756509 -0.653723 0.018444 0.0 0.524079 0.589129 -0.615035 0.157184 0.391197 0.474946 0.788284 0.0 0.0 0.0 0.0 1.0
RightForeArm -0.645201 0.732101 -0.218503 0.0 -0.719135 -0.678511 -0.149891 0.243323 -0.257992 0.060424 0.964256 -0.0 0.0 0.0 0.0 1.0
RightHand 0.961763 -0.200731 -0.186328 0.0 0.24605 0.932068 0.26591 0.22105 0.120294 -0.301588 0.945819 -0.0 0.0 0.0 0.0 1.0
RightHandThumb1 0.726506 0.623739 -0.288336 0.024462 -0.684206 0.695481 -0.219471 0.024251 0.06364 0.356729 0.932038 0.019483 0.0 0.0 0.0 1.0
RightHandThumb2 0.977348 -0.211611 -0.00348 -0.002391 0.211628 0.977334 0.005678 0.031569 0.0022 -0.006286 0.999978 0.0 0.0 0.0 0.0 1.0
RightHandThumb3 0.998578 0.05314 -0.004321 0.00241 -0.053139 0.998587 2.31E-4 0.045062 0.004328 -1.0E-6 0.999991 0.0 0.0 0.0 0.0 1.0
RightHandIndex1 0.990229 0.136724 -0.027427 0.0 -0.125864 0.791643 -0.597879 0.123753 -0.060032 0.59549 0.801117 1.2E-5 0.0 0.0 0.0 1.0
RightHandIndex2 0.999133 0.012257 0.039777 -0.001174 0.02067 0.683367 -0.729782 0.035274 -0.036128 0.729972 0.682522 0.0 0.0 0.0 0.0 1.0
RightHandIndex3 0.988568 -0.150385 0.010874 -9.54E-4 0.15039 0.988627 3.42E-4 0.031699 -0.010802 0.001297 0.999941 0.0 0.0 0.0 0.0 1.0
LeftUpLeg -0.981971 0.109009 -0.154437 0.075562 -0.185518 -0.712572 0.676627 -0.050384 -0.036289 0.693078 0.719948 0.016543 0.0 0.0 0.0 1.0
LeftLeg 0.979163 -0.185917 -0.081698 0.0 0.202666 0.869069 0.451271 0.453272 -0.012898 -0.458425 0.88864 0.0 0.0 0.0 0.0 1.0
LeftFoot 0.993593 -0.03962 0.105841 -0.0 0.097515 0.773927 -0.625722 0.408386 -0.057122 0.632035 0.772832 0.0 0.0 0.0 0.0 1.0
LeftToeBase 0.937765 0.239418 0.251547 0.0 -0.005648 0.734773 -0.67829 0.212811 -0.347225 0.634655 0.690396 0.0 0.0 0.0 0.0 1.0
RightUpLeg -0.955236 -0.255795 0.148638 -0.075562 0.295678 -0.842303 0.450666 -0.050384 0.00992 0.474441 0.880231 0.020546 0.0 0.0 0.0 1.0
RightLeg 0.810245 -0.199824 -0.550974 0.0 0.443505 -0.405532 0.799279 0.453812 -0.383153 -0.891972 -0.239957 0.0 0.0 0.0 0.0 1.0
RightFoot 0.963197 -0.262025 0.059959 0.0 0.267081 0.958103 -0.10347 0.407804 -0.030336 0.115676 0.992824 0.0 0.0 0.0 0.0 1.0
RightToeBase 0.990229 -0.134492 0.036845 0.0 0.132266 0.822151 -0.553691 0.209222 0.044175 0.553154 0.831907 0.0 0.0 0.0 0.0 1.0
Time 0.233333
Hips 0.606072 -0.337356 -0.720325 0.034159 0.561847 0.822603 0.087473 0.495807 0.563032 -0.457728 0.688099 0.0 0.0 0.0 0.0 1.0
Spine 0.994586 0.103513 0.009148 0.0 -0.101551 0.986847 -0.125778 0.090819 -0.022048 0.124168 0.992016 0.001036 0.0 0.0 0.0 1.0
Spine1 0.98528 0.170597 0.010988 0.0 -0.163622 0.959706 -0.228456 0.105963 -0.04952 0.223295 0.973492 0.0 0.0 0.0 0.0 1.0
Spine2 0.98528 0.170597 0.010989 0.0 -0.163621 0.959706 -0.228456 0.1211 -0.04952 0.223295 0.973492 -0.0 0.0 0.0 0.0 1.0
Neck 0.93635 0.33023 0.119154 0.0 -0.300911 0.929759 -0.212134 0.136238 -0.180838 0.162777 0.969949 -0.0 0.0 0.0 0.0 1.0
Head 0.898932 0.226211 0.375165 0.0 -0.255987 0.96619 0.030791 0.048508 -0.355515 -0.123717 0.926447 0.01342 0.0 0.0 0.0 1.0
LeftShoulder -0.053879 0.821321 -0.567917 0.074603 0.028833 -0.567226 -0.823057 0.120279 -0.998131 -0.06072 0.00688 2.36E-4 0.0 0.0 0.0 1.0
LeftArm 0.790284 0.609857 -0.059378 -0.0 -0.477197 0.551782 -0.683974 0.157184 -0.384362 0.568869 0.727086 -0.0 0.0 0.0 0.0 1.0
LeftForeArm 0.755609 -0.410517 0.510423 0.0 0.474173 0.88041 0.006139 0.243319 -0.451902 0.23739 0.859902 0.0 0.0 0.0 0.0 1.0
LeftHand 0.897874 -0.315525 0.307027 0.0 0.216849 0.923884 0.315301 0.221022 -0.383142 -0.216522 0.897953 -0.0 0.0 0.0 0.0 1.0
LeftHandThumb1 0.809071 -0.468089 0.355384 -0.026336 0.578518 0.740849 -0.341263 0.025057 -0.103544 0.481702 0.870197 0.022961 0.0 0.0 0.0 1.0
LeftHandThumb2 0.946329 0.323127 -0.007085 0.00104 -0.323179 0.945752 -0.033301 0.034381 -0.00406 0.033803 0.99942 0.0 0.0 0.0 0.0 1.0
LeftHandThumb3 0.999997 0.001874 0.001479 -5.62E-4 -0.001874 0.999998 2.1E-5 0.044143 -0.001479 -2.3E-5 0.999999 0.0 0.0 0.0 0.0 1.0
LeftHandIndex1 0.998845 -0.047469 -0.007403 0.0 0.033778 0.803454 -0.594408 0.121989 0.034164 0.593472 0.80413 6.0E-6 0.0 0.0 0.0 1.0
LeftHandIndex2 0.999323 -4.29E-4 -0.03679 0.001042 -0.02546 0.713789 -0.699898 0.032932 0.026561 0.700361 0.713295 0.0 0.0 0.0 0.0 1.0
LeftHandIndex3 0.990977 0.133912 -0.005644 0.001095 -0.133913 0.990993 1.85E-4 0.03356 0.005618 5.72E-4 0.999984 0.0 0.0 0.0 0.0 1.0
RightShoulder 0.205114 -0.951581 0.228958 -0.074603 -0.01846 -0.237651 -0.971175 0.120277 0.978564 0.194975 -0.066311 1.28E-4 0.0 0.0 0.0 1.0
RightArm 0.784981 -0.617949 0.04409 0.0 0.462229 0.53681 -0.705818 0.157184 0.412492 0.574433 0.70702 0.0 0.0 0.0 0.0 1.0
RightForeArm -0.448658 0.889603 -0.085513 0.0 -0.882981 -0.426464 0.196147 0.243323 0.138024 0.163509 0.976839 -0.0 0.0 0.0 0.0 1.0
RightHand 0.925238 -0.209715 -0.316156 0.0 0.30614 0.904904 0.295679 0.22105 0.224083 -0.370361 0.901454 -0.0 0.0 0.0 0.0 1.0
RightHandThumb1 0.721527 0.641065 -0.261599 0.024462 -0.688902 0.702542 -0.178462 0.024251 0.069378 0.308981 0.948534 0.019483 0.0 0.0 0.0 1.0
RightHandThumb2 0.981825 -0.189738 -0.004267 -0.002391 0.189774 0.981768 0.010869 0.031569 0.002126 -0.011481 0.999932 0.0 0.0 0.0 0.0 1.0
RightHandThumb3 0.998578 0.05314 -0.004321 0.00241 -0.053139 0.998587 2.31E-4 0.045062 0.004328 -1.0E-6 0.999991 0.0 0.0 0.0 0.0 1.0
RightHandIndex1 0.985777 0.166404 -0.023533 0.0 -0.157193 0.863417 -0.479375 0.123753 -0.059452 0.476256 0.877294 1.2E-5 0.0 0.0 0.0 1.0
RightHandIndex2 0.999378 -0.003637 0.035088 -0.001174 0.024059 0.79772 -0.602548 0.035274 -0.025799 0.603017 0.797311 0.0 0.0 0.0 0.0 1.0
RightHandIndex3 0.988568 -0.150384 0.010874 -9.54E-4 0.15039 0.988627 3.42E-4 0.031699 -0.010802 0.001297 0.999941 -0.0 0.0 0.0 0.0 1.0
LeftUpLeg -0.966768 0.230471 -0.110646 0.075562 -0.238866 -0.660047 0.712237 -0.050384 0.091119 0.714997 0.693164 0.016543 0.0 0.0 0.0 1.0
LeftLeg 0.986533 -0.132517 0.095871 -0.0 0.085365 0.91715 0.389293 0.453272 -0.139516 -0.375866 0.916111 0.0 0.0 0.0 0.0 1.0
LeftFoot 0.98638 0.146845 -0.074099 -0.0 -0.164481 0.880702 -0.444196 0.408386 3.1E-5 0.450334 0.89286 0.0 0.0 0.0 0.0 1.0
LeftToeBase 0.949792 0.213403 0.228809 0.0 -0.007707 0.747033 -0.664743 0.212811 -0.312786 0.629604 0.711171 -0.0 0.0 0.0 0.0 1.0
RightUpLeg -0.979927 -0.199244 -0.006635 -0.075562 0.147604 -0.747517 0.647635 -0.050384 -0.133997 0.633656 0.761922 0.020546 0.0 0.0 0.0 1.0
RightLeg 0.82492 -0.127973 -0.550572 0.0 0.385401 -0.585182 0.713462 0.453812 -0.413489 -0.80074 -0.433408 0.0 0.0 0.0 0.0 1.0
RightFoot 0.952951 -0.283248 0.107956 0.0 0.299921 0.932694 -0.200321 0.407804 -0.04395 0.223275 0.973764 0.0 0.0 0.0 0.0 1.0
RightToeBase 0.988316 -0.151294 -0.018485 0.0 0.116899 0.830226 -0.545031 0.209222 0.097807 0.536502 0.838212 0.0 0.0 0.0 0.0 1.0
Time 0.266667
Hips 0.530642 -0.37508 -0.760088 0.061059 0.62304 0.780605 0.049759 0.382865 0.574665 -0.49997 0.647912 0.0 0.0 0.0 0.0 1.0
Spine 0.994985 0.096721 -0.025497 0.0 -0.09938 0.984812 -0.142367 0.090819 0.01134 0.144187 0.989486 0.001036 0.0 0.0 0.0 1.0
Spine1 0.985609 0.161379 -0.050311 0.0 -0.168932 0.95096 -0.259109 0.105963 0.006029 0.263879 0.964537 0.0 0.0 0.0 0.0 1.0
Spine2 0.985609 0.16138 -0.050311 0.0 -0.168933 0.95096 -0.259109 0.1211 0.006029 0.263879 0.964537 -0.0 0.0 0.0 0.0 1.0
Neck 0.918838 0.360265 0.161076 0.0 -0.338887 0.929472 -0.145732 0.136238 -0.202218 0.079318 0.976123 -0.0 0.0 0.0 0.0 1.0
Head 0.860172 0.285262 0.422764 0.0 -0.328797 0.943854 0.032114 0.048508 -0.389867 -0.166627 0.905671 0.01342 0.0 0.0 0.0 1.0
LeftShoulder -0.074032 0.742032 -0.666264 0.074603 0.03573 -0.665695 -0.745368 0.120279 -0.996616 -0.078987 0.02277 2.36E-4 0.0 0.0 0.0 1.0
LeftArm 0.913117 0.407068 0.022632 -0.0 -0.300595 0.709706 -0.637149 0.157184 -0.275425 0.574989 0.770408 -0.0 0.0 0.0 0.0 1.0
LeftForeArm 0.81578 -0.278227 0.507042 0.0 0.342419 0.938867 -0.035737 0.243319 -0.466103 0.202774 0.86118 0.0 0.0 0.0 0.0 1.0
LeftHand 0.887747 -0.283611 0.362587 0.0 0.13589 0.914022 0.382228 0.221022 -0.439817 -0.29005 0.84996 0.0 0.0 0.0 0.0 1.0
LeftHandThumb1 0.821411 -0.448317 0.352555 -0.026336 0.558092 0.759213 -0.334857 0.025057 -0.117543 0.471814 0.873828 0.022961 0.0 0.0 0.0 1.0
LeftHandThumb2 0.944049 0.32972 -0.007558 0.00104 -0.329779 0.943421 -0.034683 0.034381 -0.004305 0.035235 0.99937 0.0 0.0 0.0 0.0 1.0
LeftHandThumb3 0.999997 0.001874 0.001479 -5.62E-4 -0.001874 0.999998 2.1E-5 0.044143 -0.001479 -2.4E-5 0.999999 0.0 0.0 0.0 0.0 1.0
LeftHandIndex1 0.998999 -0.043691 -0.009587 -0.0 0.033857 0.878653 -0.476259 0.121989 0.029232 0.475457 0.879253 6.0E-6 0.0 0.0 0.0 1.0
LeftHandIndex2 0.99945 0.010334 -0.031502 0.001042 -0.027026 0.804304 -0.593604 0.032932 0.019202 0.594129 0.804141 0.0 0.0 0.0 0.0 1.0
LeftHandIndex3 0.990977 0.133912 -0.005645 0.001095 -0.133913 0.990993 1.85E-4 0.03356 0.005619 5.72E-4 0.999984 0.0 0.0 0.0 0.0 1.0
RightShoulder 0.232193 -0.927211 0.293882 -0.074603 -0.017768 -0.306132 -0.951823 0.120277 0.972507 0.215785 -0.087557 1.28E-4 0.0 0.0 0.0 1.0
RightArm 0.908446 -0.404948 0.103645 0.0 0.34797 0.595244 -0.724294 0.157184 0.231607 0.694047 0.681657 0.0 0.0 0.0 0.0 1.0
RightForeArm -0.084253 0.994179 -0.067153 -0.0 -0.967915 -0.065644 0.242552 0.243323 0.236732 0.085434 0.967811 -0.0 0.0 0.0 0.0 1.0
RightHand 0.904397 -0.19596 -0.379032 -0.0 0.35087 0.84703 0.399287 0.22105 0.242807 -0.494105 0.834808 -0.0 0.0 0.0 0.0 1.0
RightHandThumb1 0.719621 0.651918 -0.239058 0.024462 -0.6901 0.709583 -0.142313 0.024251 0.076855 0.267386 0.96052 0.019483 0.0 0.0 0.0 1.0
RightHandThumb2 0.984834 -0.173435 -0.004774 -0.002391 0.173488 0.984726 0.014734 0.031569 0.002146 -0.015338 0.99988 0.0 0.0 0.0 0.0 1.0
RightHandThumb3 0.998578 0.05314 -0.004321 0.00241 -0.053139 0.998587 2.31E-4 0.045062 0.004327 -1.0E-6 0.999991 0.0 0.0 0.0 0.0 1.0
RightHandIndex1 0.982292 0.186739 -0.015215 -0.0 -0.180729 0.922998 -0.339724 0.123753 -0.049396 0.336458 0.940402 1.2E-5 0.0 0.0 0.0 1.0
RightHandIndex2 0.999423 -0.019056 0.0281 -0.001174 0.029674 0.892421 -0.450227 0.035274 -0.016498 0.450801 0.892472 0.0 0.0 0.0 0.0 1.0
RightHandIndex3 0.988568 -0.150384 0.010874 -9.54E-4 0.15039 0.988627 3.42E-4 0.031699 -0.010802 0.001297 0.999941 0.0 0.0 0.0 0.0 1.0
LeftUpLeg -0.958287 0.231862 -0.167111 0.075562 -0.270658 -0.548368 0.791225 -0.050384 0.091817 0.80345 0.58825 0.016543 0.0 0.0 0.0 1.0
LeftLeg 0.959772 -0.19001 0.206724 0.0 0.054365 0.848066 0.527094 0.453272 -0.275469 -0.494651 0.82428 0.0 0.0 0.0 0.0 1.0
LeftFoot 0.948374 0.257097 -0.185708 -0.0 -0.316418 0.806863 -0.49885 0.408386 0.021588 0.531858 0.846559 0.0 0.0 0.0 0.0 1.0
LeftToeBase 0.983448 0.132187 0.12392 -0.0 -0.018367 0.753132 -0.657613 0.212811 -0.180256 0.644452 0.743095 -0.0 0.0 0.0 0.0 1.0
