Root_Bone_Name Hips
Num_Keyframes 1
Num_Bones 34
Time_Wrapping_Mode LOOP
Time 0.0
Hips 1.0 -2.50342E-12 1.42753E-14 -2.0E-6 2.50342E-12 0.999935 -0.01140431 1.045032 1.42753E-14 0.01140431 0.999935 -0.007925 0.0 0.0 0.0 1.0
Spine 1.0 2.04405E-12 -1.12398E-14 -2.27374E-13 -2.27373E-12 1.0 3.19444E-7 0.09082544 1.20191E-14 -3.20375E-7 1.0 -1.86265E-9 0.0 0.0 0.0 1.0
Spine1 1.0 -2.32609E-15 9.59702E-16 0.0 -1.13679E-13 1.0 -1.02445E-8 0.1059631 0.0 8.3819E-9 1.0 0.0 0.0 0.0 0.0 1.0
Spine2 1.0 1.78026E-12 -1.14621E-14 0.0 -1.7826E-12 0.9999999 -8.36328E-7 0.1211001 1.0644E-14 8.3819E-7 1.0 -1.86265E-9 0.0 0.0 0.0 1.0
Neck 1.0 -2.12202E-12 5.05054E-13 -2.27374E-13 1.91454E-12 0.9667748 -0.2556293 0.136238 5.71715E-14 0.2556293 0.9667749 0.0 0.0 0.0 0.0 1.0
Head 1.0 -3.73259E-14 -3.03133E-14 2.27374E-13 -1.09571E-13 1.0 2.98023E-7 0.05033028 0.0 -2.98023E-7 1.0 2.98023E-8 0.0 0.0 0.0 1.0
LeftShoulder 0.003439941 0.9716913 -0.2362289 0.07460212 -1.71858E-4 -0.2362297 -0.9716972 0.1202787 -0.999994 0.003383103 -6.45622E-4 2.35895E-4 0.0 0.0 0.0 1.0
LeftArm 0.9999675 0.007972928 0.001223716 0.0 -0.008066292 0.9884288 0.1514722 0.1571853 -1.87755E-6 -0.1514771 0.9884608 -1.19209E-7 0.0 0.0 0.0 1.0
LeftForeArm 0.9996156 -0.02743852 -0.00401419 0.0 0.0277306 0.9890954 0.1446411 0.2433187 1.68197E-6 -0.1446968 0.9894761 1.19209E-7 0.0 0.0 0.0 1.0
LeftHand 0.9970353 -7.45058E-9 -0.07694495 1.86265E-9 1.11759E-7 1.0 1.34623E-6 0.2210224 0.07694494 -1.33242E-6 0.9970353 -2.38419E-7 0.0 0.0 0.0 1.0
LeftHandThumb1 0.7109666 -0.6068924 0.3552579 -0.02609444 0.6889267 0.4997403 -0.5250137 0.02148777 0.1410902 0.618014 0.7734032 0.02657306 0.0 0.0 0.0 1.0
LeftHandThumb2 0.99554 -0.03250909 0.08856115 0.0 0.04795325 0.9828095 -0.1782848 0.03439677 -0.08124292 0.1817365 0.9799855 0.0 0.0 0.0 0.0 1.0
LeftHandThumb3 0.9994226 5.06639E-7 0.03397644 5.96046E-8 -5.06639E-7 1.0 -3.57628E-7 0.04414618 -0.03397644 2.98023E-7 0.9994226 1.19209E-7 0.0 0.0 0.0 1.0
LeftHandIndex1 0.9883386 -0.1423933 -0.05395213 0.00141906 0.1404605 0.9893536 -0.0380845 0.1204919 0.05880073 0.03006223 0.9978171 0.0189997 0.0 0.0 0.0 1.0
LeftHandIndex2 0.9999952 0.002958894 -0.00107681 -5.58794E-9 -0.003020018 0.9980675 -0.06206463 0.03294814 8.91075E-4 0.06206758 0.9980716 -1.19209E-7 0.0 0.0 0.0 1.0
LeftHandIndex3 0.9998814 -2.08616E-7 -0.01539511 7.45058E-9 1.93715E-7 0.9999998 5.27129E-7 0.03357959 0.01539512 -5.27129E-7 0.9998816 -1.19209E-7 0.0 0.0 0.0 1.0
RightShoulder 0.002021554 -0.9716912 0.2362452 -0.07460395 1.87202E-4 -0.2362453 -0.9716933 0.1202774 0.9999978 0.002008335 -2.95674E-4 1.2714E-4 0.0 0.0 0.0 1.0
RightArm 0.9999594 -0.008912784 -0.001364684 0.0 0.009016654 0.9884225 0.151459 0.1571838 -1.03749E-6 -0.1514652 0.9884627 0.0 0.0 0.0 0.0 1.0
RightForeArm 0.9993906 0.03454162 0.005056081 0.0 -0.03490971 0.9888629 0.1446777 0.2433223 -2.36928E-6 -0.144766 0.9894658 0.0 0.0 0.0 0.0 1.0
RightHand 0.9986211 -5.58794E-9 0.05249648 3.72529E-9 -7.26432E-8 1.0 1.40606E-6 0.2210491 -0.05249648 -1.40144E-6 0.9986212 0.0 0.0 0.0 0.0 1.0
RightHandThumb1 0.7371889 0.6147524 -0.2804137 0.02432877 -0.6552721 0.5492026 -0.518647 0.02173364 -0.1648355 0.5660881 0.8076965 0.02240193 0.0 0.0 0.0 1.0
RightHandThumb2 0.9580871 0.08939004 -0.2721744 1.49012E-8 -0.1604379 0.9545288 -0.251266 0.03165948 0.2373376 0.2844018 0.928863 -1.19209E-7 0.0 0.0 0.0 1.0
RightHandThumb3 0.9992151 -4.17233E-7 -0.03961104 0.0 5.36442E-7 1.0 8.9407E-7 0.0451256 0.03961104 -8.34465E-7 0.9992152 0.0 0.0 0.0 0.0 1.0
RightHandIndex1 0.9941029 0.1020349 0.03671582 -9.55079E-4 -0.09569523 0.9847116 -0.1455523 0.122717 -0.05100592 0.1411804 0.988669 0.015962 0.0 0.0 0.0 1.0
RightHandIndex2 0.9999784 0.005737513 -0.003198363 -9.31323E-9 -0.005486801 0.9972768 0.07354465 0.03529263 0.003611617 -0.07352557 0.9972869 1.19209E-7 0.0 0.0 0.0 1.0
RightHandIndex3 0.9998834 -2.98023E-8 0.01527117 -2.79397E-9 2.98023E-8 0.9999999 -1.36811E-6 0.03171366 -0.01527117 1.40257E-6 0.9998834 0.0 0.0 0.0 0.0 1.0
LeftUpLeg -0.9999531 -0.008935086 -2.93553E-5 0.0755621 0.008933032 -0.9992104 -0.03869801 -0.050192 2.5624E-4 -0.0387071 0.9991202 0.01711619 0.0 0.0 0.0 1.0
LeftLeg 0.9999962 0.002804548 1.96742E-6 -7.45058E-9 -0.002803367 0.9995537 0.02974181 0.4532725 8.14458E-5 -0.02974168 0.9995576 -3.72529E-9 0.0 0.0 0.0 1.0
LeftFoot 0.9991451 0.03427595 0.02311376 -7.45058E-9 1.75089E-6 0.559064 -0.8291245 0.4083862 -0.04134109 0.8284156 0.558586 -3.72529E-9 0.0 0.0 0.0 1.0
LeftToeBase 0.998603 -7.07805E-8 0.05283856 -7.45058E-9 6.70552E-8 0.9999999 2.98023E-8 0.2128295 -0.05283855 2.98023E-8 0.998603 0.0 0.0 0.0 0.0 1.0
RightUpLeg -0.999958 0.008925785 2.94149E-5 -0.07556225 -0.008914793 -0.9982493 -0.05845575 -0.0501467 -4.63367E-4 -0.05846496 0.9981944 0.02111823 0.0 0.0 0.0 1.0
RightLeg 0.9999961 -0.002824937 8.55815E-5 0.0 0.002825678 0.9999413 -0.01046861 0.4538118 -5.60033E-5 0.01046882 0.9999452 -3.72529E-9 0.0 0.0 0.0 1.0
RightFoot 0.9990644 -0.03501099 -0.02539108 7.45058E-9 -4.81028E-7 0.5870816 -0.8095278 0.4078042 0.043249 0.8087703 0.5865322 -3.72529E-9 0.0 0.0 0.0 1.0
RightToeBase 0.9988627 -3.35276E-8 -0.04767691 0.0 3.72529E-8 1.0 -1.19209E-7 0.209235 0.04767692 2.08616E-7 0.9988629 7.45058E-9 0.0 0.0 0.0 1.0
