Root_Bone_Name Hips
Num_Keyframes 23
Num_Bones 34
Time_Wrapping_Mode LOOP
Time 0.0
Hips 0.997021 -0.046979 -0.061167 -0.003496 0.024976 0.94701 -0.320232 0.892996 0.07297 0.31775 0.945362 -0.005036 0.0 0.0 0.0 1.0
Spine 0.997866 -0.013257 0.063943 0.0 0.018537 0.996402 -0.0827 0.090819 -0.062616 0.083709 0.994521 0.001036 0.0 0.0 0.0 1.0
Spine1 0.999027 -0.011321 0.042628 0.0 0.013602 0.998469 -0.053619 0.105963 -0.041955 0.054147 0.997651 0.0 0.0 0.0 0.0 1.0
Spine2 0.998981 -0.012821 0.043269 0.0 0.015082 0.998516 -0.052327 0.1211 -0.042534 0.052927 0.997692 0.0 0.0 0.0 0.0 1.0
Neck 0.999713 -0.023547 -0.004423 0.0 0.023928 0.99065 0.134311 0.136238 0.001219 -0.134379 0.990929 -0.0 0.0 0.0 0.0 1.0
Head 0.997705 0.057973 0.034971 0.0 -0.06325 0.982359 0.175986 0.048508 -0.024152 -0.177794 0.983771 0.01342 0.0 0.0 0.0 1.0
LeftShoulder 0.18147 0.890783 -0.416623 0.074603 0.006652 -0.42476 -0.905282 0.120279 -0.983374 0.16151 -0.083006 2.36E-4 0.0 0.0 0.0 1.0
LeftArm 0.916937 0.079498 0.391034 0.0 0.185885 0.782032 -0.594872 0.157184 -0.353092 0.618147 0.702296 -0.0 0.0 0.0 0.0 1.0
LeftForeArm 0.279719 -0.960031 -0.009857 0.0 0.960054 0.279618 0.01045 0.243319 -0.007276 -0.012386 0.999897 0.0 0.0 0.0 0.0 1.0
LeftHand 0.878763 -0.307492 -0.364999 -0.0 0.315199 0.948185 -0.039929 0.221022 0.358365 -0.079959 0.930151 -0.0 0.0 0.0 0.0 1.0
LeftHandThumb1 0.791462 -0.525139 0.312757 -0.026336 0.566731 0.82215 -0.053723 0.025057 -0.228921 0.219769 0.948313 0.022961 0.0 0.0 0.0 1.0
LeftHandThumb2 0.883407 0.467739 0.028496 0.00104 -0.464747 0.882298 -0.074573 0.034381 -0.060023 0.052635 0.996808 0.0 0.0 0.0 0.0 1.0
LeftHandThumb3 0.98162 -0.170564 -0.085617 -5.62E-4 0.187264 0.947341 0.259763 0.044143 0.036802 -0.271022 0.961869 0.0 0.0 0.0 0.0 1.0
LeftHandIndex1 0.991115 -0.04222 -0.126125 -0.0 -0.123534 0.05922 -0.990572 0.121989 0.049291 0.997352 0.053478 6.0E-6 0.0 0.0 0.0 1.0
LeftHandIndex2 0.98509 0.136895 -0.104195 0.001042 -0.162915 0.547694 -0.820664 0.032932 -0.055277 0.825404 0.56183 0.0 0.0 0.0 0.0 1.0
LeftHandIndex3 0.963391 0.253761 -0.086506 0.001095 -0.236351 0.651564 -0.720835 0.03356 -0.126556 0.714891 0.687687 0.0 0.0 0.0 0.0 1.0
RightShoulder 0.112677 -0.9258 0.36083 -0.074603 -0.009592 -0.364139 -0.931295 0.120277 0.993585 0.101474 -0.04991 1.28E-4 0.0 0.0 0.0 1.0
RightArm 0.890357 0.088131 -0.446651 0.0 -0.295841 0.857709 -0.420491 0.157184 0.346039 0.506525 0.78974 0.0 0.0 0.0 0.0 1.0
RightForeArm 0.157559 0.987445 0.01134 -0.0 -0.987474 0.157445 0.010314 0.243323 0.008399 -0.012823 0.999883 -0.0 0.0 0.0 0.0 1.0
RightHand 0.950762 0.152543 0.269782 0.0 -0.180505 0.980156 0.081924 0.22105 -0.251931 -0.126587 0.95943 -0.0 0.0 0.0 0.0 1.0
RightHandThumb1 0.777105 0.519777 -0.354881 0.024462 -0.608623 0.764215 -0.213432 0.024251 0.160268 0.381848 0.910223 0.019483 0.0 0.0 0.0 1.0
RightHandThumb2 0.848777 -0.528574 -0.013677 -0.002391 0.526252 0.846995 -0.075222 0.031569 0.051345 0.056649 0.997073 0.0 0.0 0.0 0.0 1.0
RightHandThumb3 0.98113 -0.188497 -0.043035 0.00241 0.193327 0.953229 0.232335 0.045062 -0.002773 -0.236271 0.971683 0.0 0.0 0.0 0.0 1.0
RightHandIndex1 0.997654 -0.047171 0.049621 0.0 0.067902 0.589021 -0.80526 0.123753 0.008758 0.80674 0.590842 1.2E-5 0.0 0.0 0.0 1.0
RightHandIndex2 0.993977 -0.084461 0.069825 -0.001174 0.108274 0.658586 -0.744676 0.035274 0.01691 0.747751 0.663764 0.0 0.0 0.0 0.0 1.0
RightHandIndex3 0.969928 -0.231722 0.07446 -9.54E-4 0.211708 0.652284 -0.727808 0.031699 0.12008 0.721685 0.681726 0.0 0.0 0.0 0.0 1.0
LeftUpLeg -0.997495 0.039518 0.058669 0.075562 0.025744 -0.569721 0.821435 -0.050384 0.065886 0.820887 0.567277 0.016543 0.0 0.0 0.0 1.0
LeftLeg 0.993025 -0.026199 0.114954 0.0 -0.117172 -0.11101 0.986888 0.453272 -0.013094 -0.993474 -0.113306 0.0 0.0 0.0 0.0 1.0
LeftFoot 0.993548 -0.10681 -0.038126 0.0 0.034188 0.602611 -0.797302 0.408386 0.108135 0.790855 0.602375 -0.0 0.0 0.0 0.0 1.0
LeftToeBase 0.989361 0.1274 0.070248 0.0 -0.041728 0.711067 -0.701885 0.212811 -0.139372 0.691486 0.708817 -0.0 0.0 0.0 0.0 1.0
RightUpLeg -0.995115 0.051998 -0.08392 -0.075562 -0.091729 -0.801264 0.591237 -0.050384 -0.036499 0.596047 0.80212 0.020546 0.0 0.0 0.0 1.0
RightLeg 0.999259 -0.038455 0.001367 0.0 0.01486 0.418421 0.908132 0.453812 -0.035494 -0.907439 0.418682 0.0 0.0 0.0 0.0 1.0
RightFoot 0.987901 -0.013947 -0.154457 -0.0 -0.154885 -0.139244 -0.97807 0.407804 -0.007866 0.99016 -0.139719 0.0 0.0 0.0 0.0 1.0
RightToeBase 0.975046 -0.140252 -0.172088 -0.0 -0.0 0.775164 -0.63176 0.209222 0.222002 0.615995 0.755821 -0.0 0.0 0.0 0.0 1.0
Time 0.033333
Hips 0.997044 -0.060369 -0.047517 -0.00581 0.042848 0.950327 -0.30829 0.925349 0.063768 0.305343 0.950105 -0.01381 0.0 0.0 0.0 1.0
Spine 0.995597 0.005356 0.093587 0.0 0.002099 0.996842 -0.079379 0.090819 -0.093717 0.079226 0.992442 0.001036 0.0 0.0 0.0 1.0
Spine1 0.998338 0.001461 0.057613 0.0 0.001588 0.998602 -0.052837 0.105963 -0.05761 0.052841 0.99694 0.0 0.0 0.0 0.0 1.0
Spine2 0.998282 -3.39E-4 0.05859 -0.0 0.003364 0.998665 -0.05154 0.1211 -0.058494 0.051648 0.996951 0.0 0.0 0.0 0.0 1.0
Neck 0.99972 -0.019858 -0.012877 -0.0 0.021258 0.992577 0.119748 0.136238 0.010403 -0.119988 0.992721 -0.0 0.0 0.0 0.0 1.0
Head 0.999331 0.031757 -0.018135 0.0 -0.028648 0.988037 0.151536 0.048508 0.02273 -0.150915 0.988285 0.01342 0.0 0.0 0.0 1.0
LeftShoulder 0.149111 0.901409 -0.406482 0.074603 0.008487 -0.412229 -0.911041 0.120279 -0.988784 0.132396 -0.069118 2.36E-4 0.0 0.0 0.0 1.0
LeftArm 0.889933 0.114668 0.441441 0.0 0.171221 0.813092 -0.556386 0.157184 -0.422731 0.57073 0.703964 -0.0 0.0 0.0 0.0 1.0
LeftForeArm 0.181829 -0.983269 -0.010924 0.0 0.983293 0.181715 0.010667 0.243319 -0.008504 -0.012681 0.999883 0.0 0.0 0.0 0.0 1.0
LeftHand 0.920034 -0.300883 -0.251011 0.0 0.282204 0.953227 -0.108253 0.221022 0.271843 0.02876 0.961912 0.0 0.0 0.0 0.0 1.0
LeftHandThumb1 0.790239 -0.532269 0.303665 -0.026336 0.566419 0.823554 -0.030476 0.025057 -0.233862 0.196085 0.952291 0.022961 0.0 0.0 0.0 1.0
LeftHandThumb2 0.88102 0.472172 0.029269 0.00104 -0.469089 0.879934 -0.07531 0.034381 -0.061314 0.05262 0.996731 0.0 0.0 0.0 0.0 1.0
LeftHandThumb3 0.974983 -0.19973 -0.097552 -5.62E-4 0.218519 0.941642 0.256047 0.044143 0.040718 -0.270958 0.96173 0.0 0.0 0.0 0.0 1.0
LeftHandIndex1 0.989566 -0.05087 -0.1348 0.0 -0.135423 -0.008994 -0.990747 0.121989 0.049187 0.998665 -0.015789 6.0E-6 0.0 0.0 0.0 1.0
LeftHandIndex2 0.984247 0.139058 -0.109183 0.001042 -0.166584 0.522538 -0.836184 0.032932 -0.059225 0.8412 0.537472 0.0 0.0 0.0 0.0 1.0
LeftHandIndex3 0.962789 0.255217 -0.088892 0.001095 -0.237094 0.639795 -0.73106 0.03356 -0.129707 0.724932 0.676499 0.0 0.0 0.0 0.0 1.0
RightShoulder 0.110259 -0.925479 0.362397 -0.074603 -0.009361 -0.365571 -0.930736 0.120277 0.993859 0.09923 -0.048971 1.28E-4 0.0 0.0 0.0 1.0
RightArm 0.881736 0.058644 -0.468084 -0.0 -0.282039 0.860911 -0.423421 0.157184 0.378148 0.505364 0.775636 0.0 0.0 0.0 0.0 1.0
RightForeArm 0.00261 0.999913 0.012958 0.0 -0.999943 0.002475 0.010401 0.243323 0.010368 -0.012985 0.999862 -0.0 0.0 0.0 0.0 1.0
RightHand 0.935381 0.131349 0.328344 0.0 -0.189885 0.969815 0.152979 0.22105 -0.29834 -0.205441 0.932088 -0.0 0.0 0.0 0.0 1.0
RightHandThumb1 0.778974 0.523932 -0.344522 0.024462 -0.60694 0.768036 -0.204318 0.024251 0.157556 0.368262 0.916275 0.019483 0.0 0.0 0.0 1.0
RightHandThumb2 0.851423 -0.524319 -0.013012 -0.002391 0.522083 0.849639 -0.074448 0.031569 0.05009 0.056594 0.99714 0.0 0.0 0.0 0.0 1.0
RightHandThumb3 0.974365 -0.218307 -0.054366 0.00241 0.224966 0.94764 0.226647 0.045062 0.002041 -0.233067 0.972459 0.0 0.0 0.0 0.0 1.0
RightHandIndex1 0.997912 -0.046943 0.04436 0.0 0.063974 0.624082 -0.778736 0.123753 0.008872 0.779948 0.625782 1.2E-5 0.0 0.0 0.0 1.0
RightHandIndex2 0.994186 -0.083521 0.067955 -0.001174 0.106521 0.670794 -0.733954 0.035274 0.015717 0.736926 0.675791 0.0 0.0 0.0 0.0 1.0
RightHandIndex3 0.969978 -0.231592 0.074214 -9.54E-4 0.211699 0.653898 -0.726361 0.031699 0.119691 0.720265 0.683295 0.0 0.0 0.0 0.0 1.0
LeftUpLeg -0.997424 0.019382 0.069057 0.075562 0.047727 -0.539356 0.840724 -0.050384 0.053541 0.841855 0.537042 0.016543 0.0 0.0 0.0 1.0
LeftLeg 0.992648 -0.026273 0.118149 0.0 -0.116242 0.065042 0.991089 0.453272 -0.033723 -0.997537 0.06151 0.0 0.0 0.0 0.0 1.0
LeftFoot 0.9952 -0.092392 -0.032248 0.0 0.026472 0.571429 -0.820224 0.408386 0.094209 0.815434 0.571132 -0.0 0.0 0.0 0.0 1.0
LeftToeBase 0.990161 0.107011 0.090166 0.0 0.015612 0.555851 -0.831135 0.212811 -0.139059 0.824365 0.548712 -0.0 0.0 0.0 0.0 1.0
RightUpLeg -0.994068 0.024863 -0.105879 -0.075562 -0.063086 -0.924827 0.37512 -0.050384 -0.088594 0.379574 0.92091 0.020546 0.0 0.0 0.0 1.0
RightLeg 0.998774 -0.026858 -0.041591 -0.0 0.049058 0.650007 0.758343 0.453812 0.006667 -0.759453 0.650528 0.0 0.0 0.0 0.0 1.0
RightFoot 0.988078 -0.014631 -0.15326 -0.0 -0.153933 -0.111418 -0.981779 0.407804 -0.002712 0.993666 -0.112342 0.0 0.0 0.0 0.0 1.0
RightToeBase 0.974928 -0.140578 -0.172494 0.0 -2.46E-4 0.774491 -0.632585 0.209222 0.222522 0.616767 0.755038 0.0 0.0 0.0 0.0 1.0
Time 0.066667
Hips 0.995188 -0.095871 -0.020249 -0.007943 0.085881 0.952913 -0.29083 0.950878 0.047177 0.287691 0.956561 -0.024987 0.0 0.0 0.0 1.0
Spine 0.993355 0.04717 0.104976 -0.0 -0.03824 0.995603 -0.085514 0.090819 -0.108548 0.080932 0.990791 0.001036 0.0 0.0 0.0 1.0
Spine1 0.997914 0.009738 0.063816 0.0 -0.006191 0.998437 -0.055539 0.105963 -0.064257 0.055028 0.996415 0.0 0.0 0.0 0.0 1.0
Spine2 0.997843 0.007629 0.065202 0.0 -0.004096 0.998524 -0.054154 0.1211 -0.065519 0.05377 0.996402 0.0 0.0 0.0 0.0 1.0
Neck 0.999683 -0.014815 -0.020376 0.0 0.01692 0.994081 0.107315 0.136238 0.018666 -0.107626 0.994016 -0.0 0.0 0.0 0.0 1.0
Head 0.997682 0.012733 -0.066842 -0.0 -0.004403 0.992356 0.123327 0.048508 0.067902 -0.122747 0.990112 0.01342 0.0 0.0 0.0 1.0
LeftShoulder 0.129166 0.90787 -0.398859 0.074603 0.009527 -0.403346 -0.914998 0.120279 -0.991577 0.114387 -0.060748 2.36E-4 0.0 0.0 0.0 1.0
LeftArm 0.873822 0.129308 0.468737 0.0 0.156261 0.838181 -0.522527 0.157184 -0.460453 0.529841 0.712215 -0.0 0.0 0.0 0.0 1.0
LeftForeArm 0.102159 -0.994698 -0.01179 0.0 0.994722 0.102033 0.010828 0.243319 -0.009567 -0.012834 0.999872 0.0 0.0 0.0 0.0 1.0
LeftHand 0.932877 -0.284256 -0.221223 0.0 0.263339 0.957268 -0.119546 0.221022 0.245751 0.053265 0.967868 -0.0 0.0 0.0 0.0 1.0
LeftHandThumb1 0.789784 -0.535056 0.299926 -0.026336 0.566228 0.823979 -0.021081 0.025057 -0.235854 0.186476 0.953729 0.022961 0.0 0.0 0.0 1.0
LeftHandThumb2 0.880048 0.473962 0.029579 0.00104 -0.470841 0.878972 -0.075612 0.034381 -0.061836 0.052615 0.996699 0.0 0.0 0.0 0.0 1.0
LeftHandThumb3 0.972018 -0.211457 -0.10231 -5.62E-4 0.231067 0.939106 0.254338 0.044143 0.042298 -0.270862 0.961689 0.0 0.0 0.0 0.0 1.0
LeftHandIndex1 0.988892 -0.05459 -0.13825 0.0 -0.140341 -0.036509 -0.98943 0.121989 0.048966 0.997841 -0.043765 6.0E-6 0.0 0.0 0.0 1.0
LeftHandIndex2 0.983901 0.139889 -0.111215 0.001042 -0.168032 0.512237 -0.842246 0.032932 -0.060853 0.847375 0.527496 0.0 0.0 0.0 0.0 1.0
LeftHandIndex3 0.962546 0.255795 -0.089863 0.001095 -0.237381 0.634993 -0.735142 0.03356 -0.130983 0.728939 0.671931 0.0 0.0 0.0 0.0 1.0
RightShoulder 0.09911 -0.925036 0.366722 -0.074603 -0.011228 -0.369553 -0.929142 0.120277 0.995013 0.08797 -0.047013 1.28E-4 0.0 0.0 0.0 1.0
RightArm 0.88053 0.04629 -0.471724 0.0 -0.276369 0.858678 -0.431615 0.157184 0.38508 0.51042 0.768885 -0.0 0.0 0.0 0.0 1.0
RightForeArm -0.130959 0.991284 0.014354 0.0 -0.991313 -0.131113 0.010354 0.243323 0.012146 -0.012873 0.999843 -0.0 0.0 0.0 0.0 1.0
RightHand 0.925824 0.10261 0.363759 0.0 -0.170658 0.972237 0.1601 0.22105 -0.337232 -0.210302 0.917632 -0.0 0.0 0.0 0.0 1.0
RightHandThumb1 0.77971 0.525583 -0.340315 0.024462 -0.606282 0.76953 -0.200615 0.024251 0.156443 0.362748 0.918662 0.019483 0.0 0.0 0.0 1.0
RightHandThumb2 0.852485 -0.522596 -0.01274 -0.002391 0.520395 0.850701 -0.074139 0.031569 0.049582 0.056572 0.997167 0.0 0.0 0.0 0.0 1.0
RightHandThumb3 0.971333 -0.230311 -0.058889 0.00241 0.237687 0.945128 0.224137 0.045062 0.004037 -0.231709 0.972777 0.0 0.0 0.0 0.0 1.0
RightHandIndex1 0.998012 -0.046783 0.042241 0.0 0.062391 0.637914 -0.767576 0.123753 0.008964 0.768685 0.639565 1.2E-5 0.0 0.0 0.0 1.0
RightHandIndex2 0.99427 -0.083132 0.067203 -0.001174 0.105806 0.675678 -0.729564 0.035274 0.015242 0.732494 0.680603 -0.0 0.0 0.0 0.0 1.0
RightHandIndex3 0.969998 -0.231539 0.074115 -9.54E-4 0.211695 0.65455 -0.725775 0.031699 0.119533 0.71969 0.683928 0.0 0.0 0.0 0.0 1.0
LeftUpLeg -0.995663 -0.042364 0.082824 0.075562 0.092464 -0.548723 0.830875 -0.050384 0.010248 0.83493 0.55026 0.016543 0.0 0.0 0.0 1.0
LeftLeg 0.994639 -0.025914 0.10011 -0.0 -0.089627 0.266847 0.959562 0.453272 -0.05158 -0.963391 0.263093 0.0 0.0 0.0 0.0 1.0
LeftFoot 0.992033 -0.105811 -0.068365 0.0 -6.32E-4 0.538499 -0.842626 0.408386 0.125973 0.835956 0.534142 0.0 0.0 0.0 0.0 1.0
LeftToeBase 0.987147 0.119103 0.106561 0.0 0.006957 0.634117 -0.773206 0.212811 -0.159663 0.764009 0.625138 -0.0 0.0 0.0 0.0 1.0
RightUpLeg -0.987895 -0.021992 -0.153554 -0.075562 -0.008928 -0.980196 0.197827 -0.050384 -0.154864 0.196803 0.968135 0.020546 0.0 0.0 0.0 1.0
RightLeg 0.996619 -0.013387 -0.081066 0.0 0.060813 0.783645 0.618225 0.453812 0.05525 -0.621065 0.781809 0.0 0.0 0.0 0.0 1.0
RightFoot 0.988586 -0.01352 -0.150047 -0.0 -0.149858 0.014066 -0.988607 0.407804 0.015476 0.99981 0.011879 -0.0 0.0 0.0 0.0 1.0
RightToeBase 0.972428 -0.145241 -0.182451 0.0 -0.063491 0.587925 -0.80642 0.209222 0.224393 0.795769 0.562493 0.0 0.0 0.0 0.0 1.0
Time 0.1
Hips 0.988788 -0.148002 0.01984 -0.012156 0.147833 0.951477 -0.269882 0.971901 0.021065 0.269789 0.962689 -0.040305 0.0 0.0 0.0 1.0
Spine 0.987963 0.114512 0.103995 -0.0 -0.104313 0.989632 -0.098729 0.090819 -0.114223 0.086692 0.989665 0.001036 0.0 0.0 0.0 1.0
Spine1 0.997944 0.018441 0.061383 -0.0 -0.014689 0.998028 -0.061031 0.105963 -0.062388 0.060004 0.996247 0.0 0.0 0.0 0.0 1.0
Spine2 0.997886 0.016208 0.062939 0.0 -0.012435 0.998128 -0.05988 0.1211 -0.063792 0.058971 0.996219 0.0 0.0 0.0 0.0 1.0
Neck 0.999665 -0.001634 -0.02584 0.0 0.00394 0.995984 0.089448 0.136238 0.02559 -0.08952 0.995656 -0.0 0.0 0.0 0.0 1.0
Head 0.992538 -0.013866 -0.121149 -0.0 0.025916 0.994804 0.098459 0.048508 0.119154 -0.100864 0.987739 0.01342 0.0 0.0 0.0 1.0
LeftShoulder 0.105812 0.916678 -0.385365 0.074603 0.011225 -0.388617 -0.921331 0.120279 -0.994323 0.093162 -0.05141 2.36E-4 0.0 0.0 0.0 1.0
LeftArm 0.857105 0.156933 0.490656 0.0 0.118511 0.866851 -0.484278 0.157184 -0.501325 0.473225 0.724383 -0.0 0.0 0.0 0.0 1.0
LeftForeArm -0.024613 -0.99961 -0.013169 0.0 0.999634 -0.024757 0.010881 0.243319 -0.011202 -0.012897 0.999854 0.0 0.0 0.0 0.0 1.0
LeftHand 0.935616 -0.245269 -0.253901 0.0 0.211431 0.965287 -0.153354 0.221022 0.2827 0.089798 0.954996 -0.0 0.0 0.0 0.0 1.0
LeftHandThumb1 0.790026 -0.533569 0.301934 -0.026336 0.566334 0.823762 -0.026115 0.025057 -0.234788 0.191626 0.952971 0.022961 0.0 0.0 0.0 1.0
LeftHandThumb2 0.88057 0.473003 0.029413 0.00104 -0.469902 0.879488 -0.07545 0.034381 -0.061556 0.052618 0.996716 0.0 0.0 0.0 0.0 1.0
LeftHandThumb3 0.973627 -0.205178 -0.099765 -5.62E-4 0.22435 0.940481 0.255268 0.044143 0.041452 -0.270918 0.96171 0.0 0.0 0.0 0.0 1.0
LeftHandIndex1 0.989256 -0.052578 -0.136408 0.0 -0.1377 -0.021774 -0.990235 0.121989 0.049095 0.998379 -0.02878 6.0E-6 0.0 0.0 0.0 1.0
LeftHandIndex2 0.984087 0.139447 -0.110125 0.001042 -0.167259 0.517766 -0.839013 0.032932 -0.059979 0.844081 0.53285 0.0 0.0 0.0 0.0 1.0
LeftHandIndex3 0.962676 0.255486 -0.089342 0.001095 -0.237228 0.63757 -0.732958 0.03356 -0.130299 0.726796 0.674381 0.0 0.0 0.0 0.0 1.0
RightShoulder 0.154396 -0.930966 0.330853 -0.074603 -0.014737 -0.337001 -0.941389 0.120277 0.987899 0.140471 -0.065751 1.28E-4 0.0 0.0 0.0 1.0
RightArm 0.906869 -0.018231 -0.421018 0.0 -0.22409 0.825241 -0.518421 0.157184 0.356893 0.564486 0.7443 0.0 0.0 0.0 0.0 1.0
RightForeArm -0.298943 0.954135 0.016108 0.0 -0.954164 -0.29912 0.009966 0.243323 0.014327 -0.01239 0.999821 -0.0 0.0 0.0 0.0 1.0
RightHand 0.931503 0.051652 0.360049 0.0 -0.097798 0.988981 0.111143 0.22105 -0.350341 -0.138742 0.926289 -0.0 0.0 0.0 0.0 1.0
RightHandThumb1 0.779317 0.524701 -0.34257 0.024462 -0.606633 0.768732 -0.2026 0.024251 0.15704 0.365704 0.917387 0.019483 0.0 0.0 0.0 1.0
RightHandThumb2 0.851916 -0.523519 -0.012885 -0.002391 0.521299 0.850133 -0.074305 0.031569 0.049854 0.056584 0.997152 0.0 0.0 0.0 0.0 1.0
RightHandThumb3 0.972979 -0.223883 -0.056471 0.00241 0.230876 0.946492 0.225496 0.045062 0.002964 -0.232441 0.972606 -0.0 0.0 0.0 0.0 1.0
RightHandIndex1 0.997958 -0.046874 0.043381 0.0 0.063243 0.630528 -0.773586 0.123753 0.008908 0.77475 0.632205 1.2E-5 0.0 0.0 0.0 1.0
RightHandIndex2 0.994225 -0.083341 0.067605 -0.001174 0.106189 0.673066 -0.73192 0.035274 0.015496 0.734872 0.678029 -0.0 0.0 0.0 0.0 1.0
RightHandIndex3 0.969988 -0.231567 0.074168 -9.54E-4 0.211697 0.654201 -0.726089 0.031699 0.119618 0.719999 0.683589 0.0 0.0 0.0 0.0 1.0
LeftUpLeg -0.988129 -0.138355 0.066777 0.075562 0.132351 -0.545949 0.827299 -0.050384 -0.078004 0.826316 0.557779 0.016543 0.0 0.0 0.0 1.0
LeftLeg 0.99828 -0.029049 0.050918 0.0 -0.025334 0.569495 0.821604 0.453272 -0.052864 -0.821481 0.56778 -0.0 0.0 0.0 0.0 1.0
LeftFoot 0.956039 -0.118979 -0.268019 0.0 -0.153202 0.576676 -0.80248 0.408386 0.250039 0.808262 0.533097 -0.0 0.0 0.0 0.0 1.0
LeftToeBase 0.973901 0.139205 0.179276 -0.0 -0.016651 0.831535 -0.555222 0.212811 -0.226364 0.537746 0.812151 -0.0 0.0 0.0 0.0 1.0
RightUpLeg -0.971255 -0.089822 -0.220446 -0.075562 0.058719 -0.987863 0.143803 -0.050384 -0.230687 0.126725 0.96474 0.020546 0.0 0.0 0.0 1.0
RightLeg 0.993315 0.002543 -0.115408 -0.0 0.069519 0.784948 0.615649 0.453812 0.092155 -0.619556 0.779524 0.0 0.0 0.0 0.0 1.0
RightFoot 0.992944 0.024559 -0.116016 -0.0 -0.118586 0.208893 -0.970722 0.407804 3.95E-4 0.97763 0.210332 -0.0 0.0 0.0 0.0 1.0
RightToeBase 0.967281 -0.160594 -0.196412 0.0 -0.172168 0.153133 -0.973092 0.209222 0.18635 0.975069 0.120473 0.0 0.0 0.0 0.0 1.0
Time 0.133333
Hips 0.990871 -0.132785 0.02331 -0.015077 0.133851 0.948309 -0.287739 0.991316 0.016103 0.288232 0.957425 -0.049673 0.0 0.0 0.0 1.0
Spine 0.986003 0.120171 0.115569 0.0 -0.110688 0.990191 -0.085261 0.090819 -0.124682 0.071275 0.989633 0.001036 0.0 0.0 0.0 1.0
Spine1 0.997932 0.022873 0.060066 -0.0 -0.019861 0.998539 -0.050263 0.105963 -0.061128 0.048966 0.996928 -0.0 0.0 0.0 0.0 1.0
Spine2 0.997889 0.0212 0.061389 0.0 -0.018183 0.99862 -0.049279 0.1211 -0.062349 0.048059 0.996897 -0.0 0.0 0.0 0.0 1.0
Neck 0.999605 0.00356 -0.027881 -0.0 -0.001221 0.996511 0.083457 0.136238 0.028081 -0.08339 0.996121 -0.0 0.0 0.0 0.0 1.0
Head 0.989104 -0.030765 -0.14397 0.0 0.045467 0.993951 0.099971 0.048508 0.140024 -0.105428 0.984519 0.01342 0.0 0.0 0.0 1.0
LeftShoulder 0.075786 0.921324 -0.381339 0.074603 0.012231 -0.383269 -0.923556 0.120279 -0.997049 0.065328 -0.040315 2.36E-4 0.0 0.0 0.0 1.0
LeftArm 0.837012 0.185896 0.51464 0.0 0.104821 0.868631 -0.484244 0.157184 -0.537051 0.459263 0.707569 0.0 0.0 0.0 0.0 1.0
LeftForeArm -0.076952 -0.99694 -0.013739 0.0 0.996964 -0.077104 0.010852 0.243319 -0.011878 -0.012862 0.999847 0.0 0.0 0.0 0.0 1.0
LeftHand 0.931915 -0.221585 -0.287115 -0.0 0.164432 0.963757 -0.21008 0.221022 0.32326 0.148565 0.934576 0.0 0.0 0.0 0.0 1.0
LeftHandThumb1 0.790967 -0.527971 0.30922 -0.026336 0.566635 0.822761 -0.044613 0.025057 -0.23086 0.210502 0.949943 0.022961 0.0 0.0 0.0 1.0
LeftHandThumb2 0.882474 0.469478 0.0288 0.00104 -0.46645 0.881374 -0.07486 0.034381 -0.060529 0.052628 0.996778 0.0 0.0 0.0 0.0 1.0
LeftHandThumb3 0.979138 -0.18202 -0.09032 -5.62E-4 0.199547 0.945206 0.258393 0.044143 0.038338 -0.271026 0.961808 -0.0 0.0 0.0 0.0 1.0
LeftHandIndex1 0.990528 -0.045512 -0.129549 0.0 -0.128148 0.032476 -0.991223 0.121989 0.04932 0.998436 0.026336 6.0E-6 0.0 0.0 0.0 1.0
LeftHandIndex2 0.984762 0.13776 -0.106142 0.001042 -0.164367 0.537892 -0.826835 0.032932 -0.056812 0.831681 0.552339 0.0 0.0 0.0 0.0 1.0
LeftHandIndex3 0.963155 0.254337 -0.087438 0.001095 -0.236648 0.646971 -0.724863 0.03356 -0.12779 0.718847 0.683321 0.0 0.0 0.0 0.0 1.0
RightShoulder 0.215507 -0.930566 0.295978 -0.074603 -0.018629 -0.306963 -0.951539 0.120277 0.976325 0.19955 -0.083488 1.28E-4 0.0 0.0 0.0 1.0
RightArm 0.901223 -0.096305 -0.42252 0.0 -0.184851 0.796413 -0.575809 0.157184 0.391954 0.597035 0.699944 -0.0 0.0 0.0 0.0 1.0
RightForeArm -0.389885 0.920706 0.017058 0.0 -0.920733 -0.390075 0.009617 0.243323 0.015508 -0.011956 0.999808 -0.0 0.0 0.0 0.0 1.0
RightHand 0.927382 0.025264 0.373263 0.0 -0.07084 0.991526 0.108894 0.22105 -0.367349 -0.127428 0.921313 -0.0 0.0 0.0 0.0 1.0
RightHandThumb1 0.777843 0.52142 -0.35083 0.024462 -0.607957 0.765731 -0.209868 0.024251 0.159212 0.376534 0.912619 0.019483 0.0 0.0 0.0 1.0
RightHandThumb2 0.849817 -0.526908 -0.013417 -0.002391 0.52462 0.848034 -0.074918 0.031569 0.050853 0.056627 0.997099 0.0 0.0 0.0 0.0 1.0
RightHandThumb3 0.978604 -0.200197 -0.047499 0.00241 0.205753 0.951145 0.230194 0.045062 -9.06E-4 -0.235041 0.971985 0.0 0.0 0.0 0.0 1.0
RightHandIndex1 0.997757 -0.047111 0.047548 0.0 0.066355 0.602901 -0.795052 0.123753 0.008789 0.796424 0.604675 1.2E-5 0.0 0.0 0.0 1.0
RightHandIndex2 0.99406 -0.084096 0.06909 -0.001174 0.107589 0.663391 -0.740497 0.035274 0.016439 0.743532 0.668498 0.0 0.0 0.0 0.0 1.0
RightHandIndex3 0.969948 -0.231671 0.074364 -9.54E-4 0.211704 0.652917 -0.727242 0.031699 0.119928 0.72113 0.682341 -0.0 0.0 0.0 0.0 1.0
LeftUpLeg -0.989432 -0.144269 0.014514 0.075562 0.100612 -0.611026 0.785191 -0.050384 -0.10441 0.778353 0.619084 0.016543 0.0 0.0 0.0 1.0
LeftLeg 0.999431 -0.027878 0.018967 0.0 0.013665 0.849117 0.528028 0.453272 -0.030826 -0.527468 0.849015 0.0 0.0 0.0 0.0 1.0
LeftFoot 0.904318 -0.025871 -0.426076 0.0 -0.301512 0.667851 -0.68049 0.408386 0.30216 0.743846 0.596149 0.0 0.0 0.0 0.0 1.0
LeftToeBase 0.973854 0.140812 0.178269 -0.0 0.008112 0.762669 -0.646738 0.212811 -0.227029 0.631275 0.741586 0.0 0.0 0.0 0.0 1.0
RightUpLeg -0.974898 -0.076346 -0.209151 -0.075562 0.061328 -0.995114 0.077379 -0.050384 -0.214037 0.06261 0.974817 0.020546 0.0 0.0 0.0 1.0
RightLeg 0.99956 -0.003421 -0.029473 0.0 0.018561 0.847065 0.531164 0.453812 0.023148 -0.531478 0.846756 -0.0 0.0 0.0 0.0 1.0
RightFoot 0.999606 -0.017711 -0.02179 -0.0 -0.012486 0.414704 -0.909871 0.407804 0.025152 0.909784 0.414319 -0.0 0.0 0.0 0.0 1.0
RightToeBase 0.965824 -0.166204 -0.198895 0.0 -0.199216 0.01491 -0.979842 0.209222 0.165819 0.985979 -0.01871 0.0 0.0 0.0 0.0 1.0
Time 0.166667
Hips 0.999001 -0.044638 -0.00202 -0.017899 0.042314 0.959575 -0.278253 1.000522 0.014359 0.27789 0.960506 -0.042102 0.0 0.0 0.0 1.0
Spine 0.989667 0.048988 0.134756 0.0 -0.03902 0.996371 -0.075646 0.090819 -0.137973 0.069606 0.987987 0.001036 0.0 0.0 0.0 1.0
Spine1 0.997842 0.018228 0.063079 0.0 -0.015521 0.998948 -0.043142 0.105963 -0.063799 0.042069 0.997076 0.0 0.0 0.0 0.0 1.0
Spine2 0.997785 0.017396 0.064212 0.0 -0.014712 0.999008 -0.04204 0.1211 -0.064879 0.041003 0.99705 0.0 0.0 0.0 0.0 1.0
Neck 0.999551 -0.002546 -0.029859 0.0 0.005174 0.996085 0.088253 0.136238 0.029518 -0.088367 0.99565 -0.0 0.0 0.0 0.0 1.0
Head 0.989274 -0.027773 -0.143409 -0.0 0.044264 0.992595 0.113118 0.048508 0.139205 -0.118253 0.983178 0.01342 0.0 0.0 0.0 1.0
LeftShoulder 0.047539 0.91328 -0.404549 0.074603 0.012416 -0.405516 -0.914004 0.120279 -0.998792 0.038428 -0.030617 2.36E-4 0.0 0.0 0.0 1.0
LeftArm 0.827518 0.202526 0.523638 0.0 0.106734 0.858914 -0.500874 0.157184 -0.5512 0.470372 0.689151 -0.0 0.0 0.0 0.0 1.0
LeftForeArm -0.052419 -0.998534 -0.013472 -0.0 0.998558 -0.052567 0.010869 0.243319 -0.011561 -0.012883 0.99985 0.0 0.0 0.0 0.0 1.0
LeftHand 0.929555 -0.231625 -0.28684 0.0 0.16636 0.957818 -0.234328 0.221022 0.329017 0.170102 0.928877 0.0 0.0 0.0 0.0 1.0
LeftHandThumb1 0.792387 -0.520002 0.318938 -0.026336 0.566817 0.820877 -0.069859 0.025057 -0.225482 0.236134 0.945198 0.022961 0.0 0.0 0.0 1.0
LeftHandThumb2 0.88505 0.464656 0.027956 0.00104 -0.461725 0.883925 -0.074069 0.034381 -0.059128 0.052647 0.996861 0.0 0.0 0.0 0.0 1.0
LeftHandThumb3 0.985637 -0.150194 -0.077208 -5.62E-4 0.165403 0.950812 0.261913 0.044143 0.034073 -0.270921 0.961998 0.0 0.0 0.0 0.0 1.0
LeftHandIndex1 0.992096 -0.036697 -0.119998 0.0 -0.115509 0.106562 -0.987574 0.121989 0.049028 0.993629 0.101481 6.0E-6 0.0 0.0 0.0 1.0
LeftHandIndex2 0.985666 0.135304 -0.100771 0.001042 -0.160297 0.564876 -0.809456 0.032932 -0.0526 0.814007 0.578468 0.0 0.0 0.0 0.0 1.0
LeftHandIndex3 0.963808 0.252729 -0.084862 0.001095 -0.235805 0.659642 -0.713631 0.03356 -0.124376 0.707814 0.695363 0.0 0.0 0.0 0.0 1.0
RightShoulder 0.238891 -0.925104 0.29515 -0.074603 -0.019146 -0.308379 -0.951071 0.120277 0.970858 0.221552 -0.091381 1.28E-4 0.0 0.0 0.0 1.0
RightArm 0.873595 -0.153395 -0.461846 0.0 -0.167903 0.795747 -0.58189 0.157184 0.456771 0.585881 0.669405 -0.0 0.0 0.0 0.0 1.0
RightForeArm -0.405325 0.91401 0.017219 0.0 -0.914037 -0.405517 0.009547 0.243323 0.015709 -0.011869 0.999806 -0.0 0.0 0.0 0.0 1.0
RightHand 0.924422 0.027877 0.38035 0.0 -0.083999 0.987716 0.131763 0.22105 -0.372005 -0.153754 0.915408 -0.0 0.0 0.0 0.0 1.0
RightHandThumb1 0.775768 0.516832 -0.362034 0.024462 -0.609838 0.76146 -0.21972 0.024251 0.162116 0.391234 0.9059 0.019483 0.0 0.0 0.0 1.0
RightHandThumb2 0.846927 -0.531521 -0.014136 -0.002391 0.529139 0.845146 -0.075767 0.031569 0.052219 0.05669 0.997025 0.0 0.0 0.0 0.0 1.0
RightHandThumb3 0.985212 -0.167717 -0.03506 0.00241 0.171237 0.956584 0.235849 0.045062 -0.006018 -0.238365 0.971157 0.0 0.0 0.0 0.0 1.0
RightHandIndex1 0.997462 -0.047185 0.053322 -0.0 0.070663 0.564005 -0.822742 0.123753 0.008747 0.824422 0.565908 1.2E-5 0.0 0.0 0.0 1.0
RightHandIndex2 0.99383 -0.085096 0.071132 -0.001174 0.10948 0.650005 -0.752002 0.035274 0.017756 0.75515 0.655311 0.0 0.0 0.0 0.0 1.0
RightHandIndex3 0.969893 -0.231812 0.07463 -9.54E-4 0.211713 0.651162 -0.728811 0.031699 0.120351 0.72267 0.680635 0.0 0.0 0.0 0.0 1.0
LeftUpLeg -0.99792 -0.062855 0.014344 0.075562 0.053665 -0.686538 0.72511 -0.050384 -0.03573 0.724372 0.688483 0.016543 0.0 0.0 0.0 1.0
LeftLeg 0.99892 -0.025172 0.039051 -0.0 0.010248 0.939191 0.343243 0.453272 -0.045316 -0.342472 0.938434 0.0 0.0 0.0 0.0 1.0
LeftFoot 0.913946 0.094977 -0.394565 0.0 -0.34756 0.685139 -0.640146 0.408386 0.209533 0.722194 0.65919 0.0 0.0 0.0 0.0 1.0
LeftToeBase 0.973468 0.141477 0.179846 -0.0 0.017871 0.73655 -0.676147 0.212811 -0.228125 0.661422 0.714479 0.0 0.0 0.0 0.0 1.0
RightUpLeg -0.986837 0.014105 -0.161105 -0.075562 -0.005467 -0.998529 -0.053936 -0.050384 -0.161628 -0.052346 0.985462 0.020546 0.0 0.0 0.0 1.0
RightLeg 0.999932 -0.006877 -0.009372 0.0 0.010032 0.917826 0.396857 0.453812 0.005872 -0.396924 0.917833 0.0 0.0 0.0 0.0 1.0
RightFoot 0.997815 -0.062998 0.019926 -0.0 0.058428 0.700437 -0.711319 0.407804 0.030855 0.710929 0.702587 0.0 0.0 0.0 0.0 1.0
RightToeBase 0.956861 -0.173054 -0.233387 0.0 -0.211304 0.136843 -0.967794 0.209222 0.199418 0.975359 0.094373 -0.0 0.0 0.0 0.0 1.0
Time 0.2
Hips 0.999807 0.013194 -0.014523 -0.020785 -0.016318 0.970137 -0.242007 0.995031 0.010896 0.242197 0.970166 -0.037448 0.0 0.0 0.0 1.0
Spine 0.99125 0.008962 0.131694 0.0 0.002791 0.996046 -0.088796 0.090819 -0.131969 0.088386 0.987305 0.001036 0.0 0.0 0.0 1.0
Spine1 0.997961 0.015033 0.062024 0.0 -0.011724 0.998505 -0.053382 0.105963 -0.062734 0.052546 0.996646 -0.0 0.0 0.0 0.0 1.0
Spine2 0.997893 0.014328 0.063272 -0.0 -0.011017 0.998567 -0.052375 0.1211 -0.063932 0.051567 0.996621 0.0 0.0 0.0 0.0 1.0
Neck 0.999548 -0.009008 -0.028674 0.0 0.011268 0.996757 0.079674 0.136238 0.027863 -0.079961 0.996409 -0.0 0.0 0.0 0.0 1.0
Head 0.991359 -0.026011 -0.128574 0.0 0.041588 0.991902 0.120001 0.048508 0.124411 -0.124312 0.984413 0.01342 0.0 0.0 0.0 1.0
LeftShoulder 0.047065 0.897544 -0.438405 0.074603 0.012343 -0.43938 -0.898216 0.120279 -0.998816 0.036864 -0.031758 2.36E-4 0.0 0.0 0.0 1.0
LeftArm 0.860476 0.190275 0.472628 0.0 0.10023 0.8463 -0.523192 0.157184 -0.499535 0.497566 0.70915 -0.0 0.0 0.0 0.0 1.0
LeftForeArm 0.013594 -0.999826 -0.012753 0.0 0.99985 0.013456 0.010883 0.243319 -0.01071 -0.0129 0.999859 0.0 0.0 0.0 0.0 1.0
LeftHand 0.92941 -0.253145 -0.268541 0.0 0.194465 0.954373 -0.226619 0.221022 0.313655 0.158401 0.936232 0.0 0.0 0.0 0.0 1.0
LeftHandThumb1 0.794293 -0.509942 0.330239 -0.026336 0.566685 0.817827 -0.100136 0.025057 -0.219015 0.266679 0.93857 0.022961 0.0 0.0 0.0 1.0
LeftHandThumb2 0.888105 0.45885 0.026933 0.00104 -0.456035 0.886951 -0.073141 0.034381 -0.057449 0.052674 0.996958 0.0 0.0 0.0 0.0 1.0
LeftHandThumb3 0.991856 -0.1117 -0.06119 -5.62E-4 0.124036 0.956243 0.264982 0.044143 0.028914 -0.270413 0.96231 0.0 0.0 0.0 0.0 1.0
LeftHandIndex1 0.993736 -0.027406 -0.108339 0.0 -0.100984 0.194987 -0.975593 0.121989 0.047861 0.980423 0.190998 6.0E-6 0.0 0.0 0.0 1.0
LeftHandIndex2 0.986725 0.132125 -0.094428 0.001042 -0.155231 0.596489 -0.787467 0.032932 -0.047719 0.791671 0.609081 0.0 0.0 0.0 0.0 1.0
LeftHandIndex3 0.964592 0.250739 -0.081808 0.001095 -0.234715 0.674601 -0.699873 0.03356 -0.120298 0.694293 0.709567 0.0 0.0 0.0 0.0 1.0
RightShoulder 0.286393 -0.914618 0.285402 -0.074603 -0.021043 -0.303812 -0.9525 0.120277 0.957881 0.266783 -0.106256 1.28E-4 0.0 0.0 0.0 1.0
RightArm 0.873025 -0.19674 -0.446229 0.0 -0.140814 0.774343 -0.616899 0.157184 0.466903 0.601403 0.648317 0.0 0.0 0.0 0.0 1.0
RightForeArm -0.338967 0.940653 0.016526 -0.0 -0.940681 -0.33915 0.009825 0.243323 0.014847 -0.012215 0.999815 -0.0 0.0 0.0 0.0 1.0
RightHand 0.926844 0.02027 0.374899 -0.0 -0.091728 0.980507 0.173759 0.22105 -0.364069 -0.195436 0.910636 -0.0 0.0 0.0 0.0 1.0
RightHandThumb1 0.773174 0.511171 -0.375375 0.024462 -0.612218 0.75606 -0.231436 0.024251 0.165502 0.408752 0.897514 0.019483 0.0 0.0 0.0 1.0
RightHandThumb2 0.843423 -0.537041 -0.014986 -0.002391 0.534543 0.841644 -0.076808 0.031569 0.053862 0.056771 0.996933 0.0 0.0 0.0 0.0 1.0
RightHandThumb3 0.991504 -0.128544 -0.019894 0.00241 0.129528 0.961723 0.241477 0.045062 -0.011908 -0.242002 0.970203 -0.0 0.0 0.0 0.0 1.0
RightHandIndex1 0.997074 -0.046888 0.060369 0.0 0.07592 0.51562 -0.853447 0.123753 0.008889 0.855533 0.517672 1.2E-5 0.0 0.0 0.0 1.0
RightHandIndex2 0.993551 -0.086247 0.073607 -0.001174 0.111718 0.633664 -0.765499 0.035274 0.01938 0.768785 0.639213 -0.0 0.0 0.0 0.0 1.0
RightHandIndex3 0.969828 -0.231981 0.074952 -9.54E-4 0.211722 0.64905 -0.73069 0.031699 0.120859 0.724513 0.678582 -0.0 0.0 0.0 0.0 1.0
LeftUpLeg -0.997945 -0.028538 0.057374 0.075562 0.061156 -0.691511 0.719772 -0.050384 0.019134 0.721802 0.691835 0.016543 0.0 0.0 0.0 1.0
LeftLeg 0.998011 -0.028411 0.056269 0.0 -0.00127 0.883417 0.468586 0.453272 -0.063022 -0.467726 0.881624 0.0 0.0 0.0 0.0 1.0
LeftFoot 0.97344 0.048626 -0.223717 0.0 -0.200491 0.652841 -0.73048 0.408386 0.110531 0.755932 0.645251 0.0 0.0 0.0 0.0 1.0
LeftToeBase 0.973237 0.141898 0.180759 0.0 0.023626 0.720633 -0.692914 0.212811 -0.228584 0.67864 0.697995 0.0 0.0 0.0 0.0 1.0
RightUpLeg -0.991212 0.043735 -0.12484 -0.075562 -0.03828 -0.998218 -0.045767 -0.050384 -0.12662 -0.040586 0.991121 0.020546 0.0 0.0 0.0 1.0
RightLeg 0.997191 -0.013817 0.073613 0.0 -0.029233 0.833085 0.552372 0.453812 -0.068957 -0.552972 0.830341 0.0 0.0 0.0 0.0 1.0
RightFoot 0.990973 -0.116332 0.066633 0.0 0.1329 0.787105 -0.602332 0.407804 0.017623 0.60575 0.79546 0.0 0.0 0.0 0.0 1.0
RightToeBase 0.969636 -0.153479 -0.190394 0.0 -0.139373 0.292923 -0.945923 0.209222 0.200951 0.943737 0.262638 0.0 0.0 0.0 0.0 1.0
Time 0.233333
Hips 0.999998 0.001863 -6.64E-4 -0.022627 -0.001963 0.976162 -0.217035 0.980557 2.44E-4 0.217036 0.976164 -0.043065 0.0 0.0 0.0 1.0
Spine 0.995441 0.036308 0.088199 0.0 -0.026489 0.993573 -0.110052 0.090819 -0.091628 0.107214 0.990005 0.001036 0.0 0.0 0.0 1.0
Spine1 0.99845 0.019106 0.052277 0.0 -0.015501 0.997529 -0.068523 0.105963 -0.053457 0.067606 0.996279 0.0 0.0 0.0 0.0 1.0
Spine2 0.998398 0.01805 0.053626 -0.0 -0.014392 0.997593 -0.067825 0.1211 -0.054721 0.066944 0.996255 0.0 0.0 0.0 0.0 1.0
Neck 0.999605 -0.01532 -0.023569 -0.0 0.016642 0.998238 0.056964 0.136238 0.022655 -0.057334 0.998098 -0.0 0.0 0.0 0.0 1.0
Head 0.994139 -0.038256 -0.101116 -0.0 0.051422 0.99005 0.130985 0.048508 0.095099 -0.135417 0.986214 0.01342 0.0 0.0 0.0 1.0
LeftShoulder 0.064696 0.884385 -0.462253 0.074603 0.010801 -0.463817 -0.885865 0.120279 -0.997847 0.052319 -0.039559 2.36E-4 0.0 0.0 0.0 1.0
LeftArm 0.913128 0.141677 0.382263 0.0 0.098633 0.833036 -0.544355 0.157184 -0.395562 0.53477 0.746694 -0.0 0.0 0.0 0.0 1.0
LeftForeArm 0.121442 -0.992531 -0.01158 0.0 0.992555 0.121319 0.010804 0.243319 -0.009318 -0.012806 0.999875 0.0 0.0 0.0 0.0 1.0
LeftHand 0.926467 -0.276784 -0.255049 -0.0 0.227724 0.95176 -0.205658 0.221022 0.299668 0.132454 0.944804 0.0 0.0 0.0 0.0 1.0
LeftHandThumb1 0.796662 -0.498151 0.34231 -0.026336 0.566088 0.813429 -0.133711 0.025057 -0.211836 0.300299 0.930025 0.022961 0.0 0.0 0.0 1.0
LeftHandThumb2 0.891454 0.452378 0.025783 0.00104 -0.44969 0.890267 -0.072137 0.034381 -0.055587 0.052713 0.997061 0.0 0.0 0.0 0.0 1.0
LeftHandThumb3 0.99671 -0.06862 -0.043122 -5.62E-4 0.07768 0.960591 0.266889 0.044143 0.023108 -0.269361 0.962762 0.0 0.0 0.0 0.0 1.0
LeftHandIndex1 0.995273 -0.018754 -0.095288 0.0 -0.085712 0.291713 -0.952658 0.121989 0.045663 0.956322 0.288727 6.0E-6 0.0 0.0 0.0 1.0
LeftHandIndex2 0.987865 0.128302 -0.087526 0.001042 -0.149378 0.630566 -0.761625 0.032932 -0.042527 0.765458 0.642079 0.0 0.0 0.0 0.0 1.0
LeftHandIndex3 0.96546 0.248455 -0.078462 0.001095 -0.233405 0.690897 -0.684239 0.03356 -0.115794 0.678919 0.725024 -0.0 0.0 0.0 0.0 1.0
RightShoulder 0.295114 -0.906861 0.300851 -0.074603 -0.018664 -0.320287 -0.947137 0.120277 0.95528 0.273898 -0.111447 1.28E-4 0.0 0.0 0.0 1.0
RightArm 0.878385 -0.142704 -0.456153 0.0 -0.187977 0.774329 -0.604218 0.157184 0.439437 0.616482 0.653333 0.0 0.0 0.0 0.0 1.0
RightForeArm -0.157397 0.987427 0.01463 -0.0 -0.987457 -0.157554 0.010314 0.243323 0.012489 -0.012823 0.99984 -0.0 0.0 0.0 0.0 1.0
RightHand 0.923136 0.024979 0.383661 -0.0 -0.115352 0.96991 0.214402 0.22105 -0.366761 -0.242178 0.89824 -0.0 0.0 0.0 0.0 1.0
RightHandThumb1 0.770164 0.504682 -0.390056 0.024462 -0.615013 0.749715 -0.244308 0.024251 0.169133 0.428046 0.88779 0.019483 0.0 0.0 0.0 1.0
RightHandThumb2 0.839484 -0.543151 -0.015917 -0.002391 0.540522 0.837707 -0.077991 0.031569 0.055694 0.056869 0.996827 0.0 0.0 0.0 0.0 1.0
RightHandThumb3 0.99639 -0.084849 -0.00283 0.00241 0.082931 0.965655 0.246236 0.045062 -0.01816 -0.245582 0.969206 -0.0 0.0 0.0 0.0 1.0
RightHandIndex1 0.9966 -0.046057 0.068317 0.0 0.081865 0.459874 -0.884203 0.123753 0.009307 0.886789 0.462081 1.2E-5 0.0 0.0 0.0 1.0
RightHandIndex2 0.993235 -0.087465 0.076384 -0.001174 0.114164 0.615167 -0.780088 0.035274 0.021242 0.78353 0.62099 0.0 0.0 0.0 0.0 1.0
RightHandIndex3 0.969756 -0.232167 0.075309 -9.54E-4 0.21173 0.646696 -0.732772 0.031699 0.121423 0.726555 0.676294 0.0 0.0 0.0 0.0 1.0
LeftUpLeg -0.991616 -0.074776 0.105382 0.075562 0.126599 -0.725521 0.676455 -0.050384 0.025874 0.684125 0.728906 0.016543 0.0 0.0 0.0 1.0
LeftLeg 0.999628 -0.027181 0.002248 -0.0 0.020604 0.806593 0.590748 0.453272 -0.01787 -0.590481 0.806853 0.0 0.0 0.0 0.0 1.0
LeftFoot 0.995648 -0.088311 0.029781 0.0 0.072642 0.535165 -0.841619 0.408386 0.058386 0.840119 0.53925 -0.0 0.0 0.0 0.0 1.0
LeftToeBase 0.973572 0.141293 0.179426 0.0 0.015252 0.743669 -0.668374 0.212811 -0.22787 0.653446 0.721861 0.0 0.0 0.0 0.0 1.0
RightUpLeg -0.994231 0.012106 -0.10657 -0.075562 -0.020416 -0.996804 0.077232 -0.050384 -0.105295 0.078962 0.991301 0.020546 0.0 0.0 0.0 1.0
RightLeg 0.988545 -0.024893 0.148861 0.0 -0.104555 0.598354 0.794381 0.453812 -0.108846 -0.800845 0.588897 -0.0 0.0 0.0 0.0 1.0
RightFoot 0.995031 -0.09214 0.037738 0.0 0.096325 0.794827 -0.599142 0.407804 0.02521 0.5998 0.799753 0.0 0.0 0.0 0.0 1.0
RightToeBase 0.972759 -0.144494 -0.181279 0.0 -0.055822 0.612972 -0.78813 0.209222 0.224999 0.77678 0.588208 0.0 0.0 0.0 0.0 1.0
Time 0.266667
Hips 0.999939 -0.010982 0.001048 -0.02314 0.010929 0.973107 -0.230094 0.949566 0.001507 0.230092 0.973168 -0.052607 0.0 0.0 0.0 1.0
Spine 0.996681 0.057062 0.058066 0.0 -0.050684 0.993079 -0.105945 0.090819 -0.063709 0.10265 0.992675 0.001036 0.0 0.0 0.0 1.0
Spine1 0.998915 0.024394 0.039677 -0.0 -0.021737 0.997578 -0.066079 0.105963 -0.041193 0.065145 0.997025 0.0 0.0 0.0 0.0 1.0
Spine2 0.998871 0.023636 0.041195 -0.0 -0.020908 0.997638 -0.065435 0.1211 -0.042645 0.0645 0.997006 -0.0 0.0 0.0 0.0 1.0
Neck 0.999224 -0.031718 -0.023369 0.0 0.032961 0.997948 0.054897 0.136238 0.021579 -0.055624 0.998219 -0.0 0.0 0.0 0.0 1.0
Head 0.995671 -0.046778 -0.080317 0.0 0.058262 0.987391 0.147191 0.048508 0.072419 -0.151233 0.985842 0.01342 0.0 0.0 0.0 1.0
LeftShoulder 0.089706 0.870677 -0.483606 0.074603 0.00826 -0.486197 -0.87381 0.120279 -0.995934 0.074392 -0.050807 2.36E-4 0.0 0.0 0.0 1.0
LeftArm 0.943916 0.077079 0.321064 0.0 0.111814 0.840302 -0.530462 0.157184 -0.310678 0.536611 0.784556 0.0 0.0 0.0 0.0 1.0
LeftForeArm 0.190491 -0.981629 -0.010827 0.0 0.981652 0.190377 0.010734 0.243319 -0.008476 -0.012673 0.999884 0.0 0.0 0.0 0.0 1.0
LeftHand 0.919645 -0.30791 -0.243814 0.0 0.274082 0.947772 -0.16312 0.221022 0.281306 0.083188 0.956006 0.0 0.0 0.0 0.0 1.0
LeftHandThumb1 0.7995 -0.485035 0.354318 -0.026336 0.564819 0.807791 -0.168679 0.025057 -0.2044 0.334984 0.919786 0.022961 0.0 0.0 0.0 1.0
LeftHandThumb2 0.894898 0.445593 0.024567 0.00104 -0.443034 0.893679 -0.071125 0.034381 -0.053647 0.052766 0.997165 0.0 0.0 0.0 0.0 1.0
LeftHandThumb3 0.999439 -0.023339 -0.024005 -5.62E-4 0.028908 0.96324 0.267082 0.044143 0.016889 -0.267626 0.963375 0.0 0.0 0.0 0.0 1.0
LeftHandIndex1 0.996573 -0.011331 -0.081942 0.0 -0.071053 0.389988 -0.918075 0.121989 0.042359 0.92075 0.387846 6.0E-6 0.0 0.0 0.0 1.0
LeftHandIndex2 0.989019 0.124009 -0.080391 0.001042 -0.142961 0.664924 -0.733101 0.032932 -0.037457 0.736544 0.675351 0.0 0.0 0.0 0.0 1.0
LeftHandIndex3 0.966372 0.24597 -0.074995 0.001095 -0.231896 0.707552 -0.667529 0.03356 -0.111129 0.662472 0.740798 0.0 0.0 0.0 0.0 1.0
RightShoulder 0.231184 -0.903249 0.361517 -0.074603 -0.012874 -0.374391 -0.927182 0.120277 0.972825 0.209696 -0.098182 1.28E-4 0.0 0.0 0.0 1.0
RightArm 0.85904 -0.079633 -0.505677 0.0 -0.253229 0.792393 -0.554967 0.157184 0.444888 0.604791 0.660532 0.0 0.0 0.0 0.0 1.0
RightForeArm 0.062981 0.997938 0.012383 -0.0 -0.997949 0.062829 0.012296 0.243323 0.011492 -0.013132 0.999848 -0.0 0.0 0.0 0.0 1.0
RightHand 0.933811 0.048615 0.354449 0.0 -0.129404 0.969544 0.20794 0.22105 -0.333545 -0.240044 0.911661 -0.0 0.0 0.0 0.0 1.0
RightHandThumb1 0.766847 0.49774 -0.405216 0.024462 -0.618152 0.742655 -0.257588 0.024251 0.172724 0.448016 0.877182 0.019483 0.0 0.0 0.0 1.0
RightHandThumb2 0.835318 -0.549508 -0.016872 -0.002391 0.54674 0.833543 -0.079263 0.031569 0.057619 0.056986 0.996711 0.0 0.0 0.0 0.0 1.0
RightHandThumb3 0.999122 -0.039099 0.015046 0.00241 0.034116 0.967783 0.249465 0.045062 -0.024315 -0.248733 0.968267 0.0 0.0 0.0 0.0 1.0
RightHandIndex1 0.996051 -0.044716 0.076702 0.0 0.088203 0.399638 -0.91242 0.123753 0.010147 0.915582 0.402004 1.2E-5 0.0 0.0 0.0 1.0
RightHandIndex2 0.9929 -0.088671 0.079294 -0.001174 0.116657 0.595468 -0.794864 0.035274 0.023264 0.798471 0.601584 0.0 0.0 0.0 0.0 1.0
RightHandIndex3 0.969681 -0.232361 0.075684 -9.54E-4 0.211736 0.64423 -0.734939 0.031699 0.122013 0.728681 0.673897 0.0 0.0 0.0 0.0 1.0
LeftUpLeg -0.990193 -0.080976 0.113845 0.075562 0.137555 -0.707536 0.693161 -0.050384 0.02442 0.702023 0.711735 0.016543 0.0 0.0 0.0 1.0
LeftLeg 0.998654 -0.022366 -0.0468 0.0 0.050532 0.623116 0.780495 0.453272 0.011706 -0.781809 0.623407 0.0 0.0 0.0 0.0 1.0
LeftFoot 0.997771 -0.045854 0.048487 0.0 0.060253 0.306637 -0.949917 0.408386 0.02869 0.950721 0.308717 -0.0 0.0 0.0 0.0 1.0
LeftToeBase 0.973763 0.140965 0.178648 0.0 0.010442 0.756535 -0.65387 0.212811 -0.227326 0.63858 0.735213 0.0 0.0 0.0 0.0 1.0
